1,20,4103,4130,4143,61.451897382736206,4.129042875766754,4154
1,20,4103,4133,4148,61.451897382736206,4.129042875766754,4154
1,20,4103,4130,4154,61.451897382736206,4.129042875766754,4154
1,20,4103,4130,4150,61.451897382736206,4.129042875766754,4154
1,20,4103,4130,4142,61.451897382736206,4.129042875766754,4154
1,20,4103,4130,4146,61.451897382736206,4.129042875766754,4154
1,20,4103,4131,4151,61.451897382736206,4.129042875766754,4154
1,20,4103,4129,4152,61.451897382736206,4.129042875766754,4154
1,20,4103,4131,4151,61.451897382736206,4.129042875766754,4154
1,20,4103,4131,4154,61.451897382736206,4.129042875766754,4154
1,20,4103,4130,4145,61.451897382736206,4.129042875766754,4154
1,20,4103,4130,4152,61.451897382736206,4.129042875766754,4154
1,20,4103,4130,4142,61.451897382736206,4.129042875766754,4154
1,20,4103,4130,4146,61.451897382736206,4.129042875766754,4154
1,20,4103,4133,4148,61.451897382736206,4.129042875766754,4154
1,20,4103,4130,4146,61.451897382736206,4.129042875766754,4154
1,20,4103,4133,4148,61.451897382736206,4.129042875766754,4154
1,20,4103,4131,4143,61.451897382736206,4.129042875766754,4154
1,20,4103,4131,4145,61.451897382736206,4.129042875766754,4154
1,20,4103,4134,4148,61.451897382736206,4.129042875766754,4154
0,20,4103,4115,4150,61.451897382736206,4.129042875766754,4154
0,20,4103,4118,4146,61.451897382736206,4.129042875766754,4154
0,20,4103,4119,4151,61.451897382736206,4.129042875766754,4154
0,20,4103,4115,4146,61.451897382736206,4.129042875766754,4154
0,20,4103,4114,4146,61.451897382736206,4.129042875766754,4154
0,20,4103,4113,4145,61.451897382736206,4.129042875766754,4154
0,20,4103,4114,4146,61.451897382736206,4.129042875766754,4154
0,20,4103,4114,4146,61.451897382736206,4.129042875766754,4154
0,20,4103,4114,4145,61.451897382736206,4.129042875766754,4154
0,20,4103,4111,4145,61.451897382736206,4.129042875766754,4154
0,20,4103,4115,4148,61.451897382736206,4.129042875766754,4154
0,20,4103,4115,4150,61.451897382736206,4.129042875766754,4154
0,20,4103,4112,4146,61.451897382736206,4.129042875766754,4154
0,20,4103,4117,4145,61.451897382736206,4.129042875766754,4154
0,20,4103,4114,4151,61.451897382736206,4.129042875766754,4154
0,20,4103,4112,4145,61.451897382736206,4.129042875766754,4154
0,20,4103,4120,4152,61.451897382736206,4.129042875766754,4154
0,20,4103,4116,4146,61.451897382736206,4.129042875766754,4154
0,20,4103,4111,4137,61.451897382736206,4.129042875766754,4154
0,20,4103,4109,4144,61.451897382736206,4.129042875766754,4154
Number of DB Queries This Round: 2517
Time per round: 144.03275728225708
1,20,4129,4156,4169,63.01783752441406,4.434434795379639,4192
1,20,4129,4158,4178,63.01783752441406,4.434434795379639,4192
1,20,4129,4159,4180,63.01783752441406,4.434434795379639,4192
1,20,4129,4158,4169,63.01783752441406,4.434434795379639,4192
1,20,4129,4158,4173,63.01783752441406,4.434434795379639,4192
1,20,4129,4158,4174,63.01783752441406,4.434434795379639,4192
1,20,4129,4157,4180,63.01783752441406,4.434434795379639,4192
1,20,4129,4155,4174,63.01783752441406,4.434434795379639,4192
1,20,4129,4155,4179,63.01783752441406,4.434434795379639,4192
1,20,4129,4155,4169,63.01783752441406,4.434434795379639,4192
1,20,4129,4158,4180,63.01783752441406,4.434434795379639,4192
1,20,4129,4158,4169,63.01783752441406,4.434434795379639,4192
1,20,4129,4158,4174,63.01783752441406,4.434434795379639,4192
1,20,4129,4156,4169,63.01783752441406,4.434434795379639,4192
1,20,4129,4158,4174,63.01783752441406,4.434434795379639,4192
1,20,4129,4159,4169,63.01783752441406,4.434434795379639,4192
1,20,4129,4159,4192,63.01783752441406,4.434434795379639,4192
1,20,4129,4159,4173,63.01783752441406,4.434434795379639,4192
1,20,4129,4156,4169,63.01783752441406,4.434434795379639,4192
1,20,4129,4160,4180,63.01783752441406,4.434434795379639,4192
0,20,4129,4144,4173,63.01783752441406,4.434434795379639,4192
0,20,4129,4143,4174,63.01783752441406,4.434434795379639,4192
0,20,4129,4142,4170,63.01783752441406,4.434434795379639,4192
0,20,4129,4143,4173,63.01783752441406,4.434434795379639,4192
0,20,4129,4136,4173,63.01783752441406,4.434434795379639,4192
0,20,4129,4139,4170,63.01783752441406,4.434434795379639,4192
0,20,4129,4141,4173,63.01783752441406,4.434434795379639,4192
0,20,4129,4141,4173,63.01783752441406,4.434434795379639,4192
0,20,4129,4138,4173,63.01783752441406,4.434434795379639,4192
0,20,4129,4137,4169,63.01783752441406,4.434434795379639,4192
0,20,4129,4145,4180,63.01783752441406,4.434434795379639,4192
0,20,4129,4139,4174,63.01783752441406,4.434434795379639,4192
0,20,4129,4143,4169,63.01783752441406,4.434434795379639,4192
0,20,4129,4138,4174,63.01783752441406,4.434434795379639,4192
0,20,4129,4138,4169,63.01783752441406,4.434434795379639,4192
0,20,4129,4149,4180,63.01783752441406,4.434434795379639,4192
0,20,4129,4141,4170,63.01783752441406,4.434434795379639,4192
0,20,4129,4132,4160,63.01783752441406,4.434434795379639,4192
0,20,4129,4134,4164,63.01783752441406,4.434434795379639,4192
0,20,4129,4133,4192,63.01783752441406,4.434434795379639,4192
Number of DB Queries This Round: 2572
Time per round: 151.7065372467041
1,20,4146,4173,4190,60.872708797454834,4.6322672128677365,4192
1,20,4146,4174,4189,60.872708797454834,4.6322672128677365,4192
1,20,4146,4174,4182,60.872708797454834,4.6322672128677365,4192
1,20,4146,4175,4189,60.872708797454834,4.6322672128677365,4192
1,20,4146,4174,4188,60.872708797454834,4.6322672128677365,4192
1,20,4146,4178,4189,60.872708797454834,4.6322672128677365,4192
1,20,4146,4174,4188,60.872708797454834,4.6322672128677365,4192
1,20,4146,4178,4192,60.872708797454834,4.6322672128677365,4192
1,20,4146,4175,4185,60.872708797454834,4.6322672128677365,4192
1,20,4146,4178,4189,60.872708797454834,4.6322672128677365,4192
1,20,4146,4175,4182,60.872708797454834,4.6322672128677365,4192
1,20,4146,4179,4189,60.872708797454834,4.6322672128677365,4192
1,20,4146,4176,4184,60.872708797454834,4.6322672128677365,4192
1,20,4146,4179,4189,60.872708797454834,4.6322672128677365,4192
1,20,4146,4180,4184,60.872708797454834,4.6322672128677365,4192
1,20,4146,4176,4184,60.872708797454834,4.6322672128677365,4192
1,20,4146,4174,4185,60.872708797454834,4.6322672128677365,4192
1,20,4146,4176,4184,60.872708797454834,4.6322672128677365,4192
1,20,4146,4175,4189,60.872708797454834,4.6322672128677365,4192
1,20,4146,4176,4189,60.872708797454834,4.6322672128677365,4192
0,20,4146,4161,4188,60.872708797454834,4.6322672128677365,4192
0,20,4146,4157,4185,60.872708797454834,4.6322672128677365,4192
0,20,4146,4160,4189,60.872708797454834,4.6322672128677365,4192
0,20,4146,4155,4185,60.872708797454834,4.6322672128677365,4192
0,20,4146,4154,4185,60.872708797454834,4.6322672128677365,4192
0,20,4146,4159,4189,60.872708797454834,4.6322672128677365,4192
0,20,4146,4157,4185,60.872708797454834,4.6322672128677365,4192
0,20,4146,4153,4185,60.872708797454834,4.6322672128677365,4192
0,20,4146,4156,4184,60.872708797454834,4.6322672128677365,4192
0,20,4146,4160,4189,60.872708797454834,4.6322672128677365,4192
0,20,4146,4160,4189,60.872708797454834,4.6322672128677365,4192
0,20,4146,4159,4185,60.872708797454834,4.6322672128677365,4192
0,20,4146,4155,4188,60.872708797454834,4.6322672128677365,4192
0,20,4146,4156,4185,60.872708797454834,4.6322672128677365,4192
0,20,4146,4169,4189,60.872708797454834,4.6322672128677365,4192
0,20,4146,4155,4185,60.872708797454834,4.6322672128677365,4192
0,20,4146,4151,4175,60.872708797454834,4.6322672128677365,4192
0,20,4146,4152,4183,60.872708797454834,4.6322672128677365,4192
0,20,4146,4152,4184,60.872708797454834,4.6322672128677365,4192
0,20,4146,4154,4184,60.872708797454834,4.6322672128677365,4192
Number of DB Queries This Round: 2441
Time per round: 153.51805639266968
1,20,4129,4156,4177,56.61857533454895,3.8745164036750794,4177
1,20,4129,4154,4164,56.61857533454895,3.8745164036750794,4177
1,20,4129,4157,4175,56.61857533454895,3.8745164036750794,4177
1,20,4129,4157,4177,56.61857533454895,3.8745164036750794,4177
1,20,4129,4152,4171,56.61857533454895,3.8745164036750794,4177
1,20,4129,4157,4177,56.61857533454895,3.8745164036750794,4177
1,20,4129,4151,4173,56.61857533454895,3.8745164036750794,4177
1,20,4129,4154,4169,56.61857533454895,3.8745164036750794,4177
1,20,4129,4151,4171,56.61857533454895,3.8745164036750794,4177
1,20,4129,4154,4164,56.61857533454895,3.8745164036750794,4177
1,20,4129,4153,4169,56.61857533454895,3.8745164036750794,4177
1,20,4129,4154,4166,56.61857533454895,3.8745164036750794,4177
1,20,4129,4153,4169,56.61857533454895,3.8745164036750794,4177
1,20,4129,4154,4166,56.61857533454895,3.8745164036750794,4177
1,20,4129,4154,4165,56.61857533454895,3.8745164036750794,4177
1,20,4129,4154,4168,56.61857533454895,3.8745164036750794,4177
1,20,4129,4154,4166,56.61857533454895,3.8745164036750794,4177
1,20,4129,4157,4177,56.61857533454895,3.8745164036750794,4177
1,20,4129,4157,4175,56.61857533454895,3.8745164036750794,4177
1,20,4129,4158,4177,56.61857533454895,3.8745164036750794,4177
0,20,4129,4142,4169,56.61857533454895,3.8745164036750794,4177
0,20,4129,4143,4175,56.61857533454895,3.8745164036750794,4177
0,20,4129,4134,4168,56.61857533454895,3.8745164036750794,4177
0,20,4129,4137,4169,56.61857533454895,3.8745164036750794,4177
0,20,4129,4143,4175,56.61857533454895,3.8745164036750794,4177
0,20,4129,4137,4168,56.61857533454895,3.8745164036750794,4177
0,20,4129,4134,4168,56.61857533454895,3.8745164036750794,4177
0,20,4129,4137,4166,56.61857533454895,3.8745164036750794,4177
0,20,4129,4143,4177,56.61857533454895,3.8745164036750794,4177
0,20,4129,4136,4169,56.61857533454895,3.8745164036750794,4177
0,20,4129,4142,4169,56.61857533454895,3.8745164036750794,4177
0,20,4129,4141,4177,56.61857533454895,3.8745164036750794,4177
0,20,4129,4137,4169,56.61857533454895,3.8745164036750794,4177
0,20,4129,4146,4171,56.61857533454895,3.8745164036750794,4177
0,20,4129,4140,4169,56.61857533454895,3.8745164036750794,4177
0,20,4129,4135,4160,56.61857533454895,3.8745164036750794,4177
0,20,4129,4134,4165,56.61857533454895,3.8745164036750794,4177
0,20,4129,4132,4165,56.61857533454895,3.8745164036750794,4177
0,20,4129,4135,4166,56.61857533454895,3.8745164036750794,4177
0,20,4129,4142,4172,56.61857533454895,3.8745164036750794,4177
Number of DB Queries This Round: 2358
Time per round: 134.1089060306549
1,20,4147,4174,4181,71.68182349205017,6.633022582530975,4192
1,20,4147,4177,4189,71.68182349205017,6.633022582530975,4192
1,20,4147,4177,4191,71.68182349205017,6.633022582530975,4192
1,20,4147,4172,4190,71.68182349205017,6.633022582530975,4192
1,20,4147,4177,4191,71.68182349205017,6.633022582530975,4192
1,20,4147,4172,4190,71.68182349205017,6.633022582530975,4192
1,20,4147,4174,4183,71.68182349205017,6.633022582530975,4192
1,20,4147,4172,4190,71.68182349205017,6.633022582530975,4192
1,20,4147,4174,4181,71.68182349205017,6.633022582530975,4192
1,20,4147,4174,4186,71.68182349205017,6.633022582530975,4192
1,20,4147,4178,4185,71.68182349205017,6.633022582530975,4192
1,20,4147,4174,4186,71.68182349205017,6.633022582530975,4192
1,20,4147,4178,4185,71.68182349205017,6.633022582530975,4192
1,20,4147,4172,4179,71.68182349205017,6.633022582530975,4192
1,20,4147,4176,4185,71.68182349205017,6.633022582530975,4192
1,20,4147,4178,4185,71.68182349205017,6.633022582530975,4192
1,20,4147,4177,4191,71.68182349205017,6.633022582530975,4192
1,20,4147,4178,4189,71.68182349205017,6.633022582530975,4192
1,20,4147,4178,4191,71.68182349205017,6.633022582530975,4192
1,20,4147,4178,4192,71.68182349205017,6.633022582530975,4192
0,20,4147,4162,4189,71.68182349205017,6.633022582530975,4192
0,20,4147,4156,4185,71.68182349205017,6.633022582530975,4192
0,20,4147,4165,4192,71.68182349205017,6.633022582530975,4192
0,20,4147,4160,4189,71.68182349205017,6.633022582530975,4192
0,20,4147,4160,4185,71.68182349205017,6.633022582530975,4192
0,20,4147,4153,4185,71.68182349205017,6.633022582530975,4192
0,20,4147,4157,4185,71.68182349205017,6.633022582530975,4192
0,20,4147,4163,4191,71.68182349205017,6.633022582530975,4192
0,20,4147,4155,4186,71.68182349205017,6.633022582530975,4192
0,20,4147,4158,4183,71.68182349205017,6.633022582530975,4192
0,20,4147,4160,4191,71.68182349205017,6.633022582530975,4192
0,20,4147,4155,4183,71.68182349205017,6.633022582530975,4192
0,20,4147,4164,4190,71.68182349205017,6.633022582530975,4192
0,20,4147,4167,4192,71.68182349205017,6.633022582530975,4192
0,20,4147,4152,4178,71.68182349205017,6.633022582530975,4192
0,20,4147,4153,4183,71.68182349205017,6.633022582530975,4192
0,20,4147,4147,4179,71.68182349205017,6.633022582530975,4192
0,20,4147,4157,4185,71.68182349205017,6.633022582530975,4192
0,20,4147,4162,4189,71.68182349205017,6.633022582530975,4192
0,20,4147,4161,4191,71.68182349205017,6.633022582530975,4192
Number of DB Queries This Round: 2400
Time per round: 204.34227848052979
1,20,4150,4177,4194,89.41294646263123,6.2558230519294735,4194
1,20,4150,4175,4192,89.41294646263123,6.2558230519294735,4194
1,20,4150,4174,4194,89.41294646263123,6.2558230519294735,4194
1,20,4150,4175,4192,89.41294646263123,6.2558230519294735,4194
1,20,4150,4171,4193,89.41294646263123,6.2558230519294735,4194
1,20,4150,4172,4186,89.41294646263123,6.2558230519294735,4194
1,20,4150,4174,4194,89.41294646263123,6.2558230519294735,4194
1,20,4150,4177,4184,89.41294646263123,6.2558230519294735,4194
1,20,4150,4177,4190,89.41294646263123,6.2558230519294735,4194
1,20,4150,4177,4188,89.41294646263123,6.2558230519294735,4194
1,20,4150,4176,4190,89.41294646263123,6.2558230519294735,4194
1,20,4150,4177,4188,89.41294646263123,6.2558230519294735,4194
1,20,4150,4177,4185,89.41294646263123,6.2558230519294735,4194
1,20,4150,4177,4189,89.41294646263123,6.2558230519294735,4194
1,20,4150,4177,4188,89.41294646263123,6.2558230519294735,4194
1,20,4150,4177,4194,89.41294646263123,6.2558230519294735,4194
1,20,4150,4178,4194,89.41294646263123,6.2558230519294735,4194
1,20,4150,4176,4192,89.41294646263123,6.2558230519294735,4194
1,20,4150,4176,4194,89.41294646263123,6.2558230519294735,4194
1,20,4150,4178,4194,89.41294646263123,6.2558230519294735,4194
0,20,4150,4157,4189,89.41294646263123,6.2558230519294735,4194
0,20,4150,4164,4194,89.41294646263123,6.2558230519294735,4194
0,20,4150,4164,4194,89.41294646263123,6.2558230519294735,4194
0,20,4150,4160,4189,89.41294646263123,6.2558230519294735,4194
0,20,4150,4155,4189,89.41294646263123,6.2558230519294735,4194
0,20,4150,4157,4188,89.41294646263123,6.2558230519294735,4194
0,20,4150,4164,4194,89.41294646263123,6.2558230519294735,4194
0,20,4150,4156,4190,89.41294646263123,6.2558230519294735,4194
0,20,4150,4160,4186,89.41294646263123,6.2558230519294735,4194
0,20,4150,4158,4192,89.41294646263123,6.2558230519294735,4194
0,20,4150,4155,4186,89.41294646263123,6.2558230519294735,4194
0,20,4150,4167,4194,89.41294646263123,6.2558230519294735,4194
0,20,4150,4166,4194,89.41294646263123,6.2558230519294735,4194
0,20,4150,4153,4178,89.41294646263123,6.2558230519294735,4194
0,20,4150,4154,4187,89.41294646263123,6.2558230519294735,4194
0,20,4150,4151,4185,89.41294646263123,6.2558230519294735,4194
0,20,4150,4156,4188,89.41294646263123,6.2558230519294735,4194
0,20,4150,4158,4190,89.41294646263123,6.2558230519294735,4194
0,20,4150,4162,4194,89.41294646263123,6.2558230519294735,4194
0,20,4150,4161,4184,89.41294646263123,6.2558230519294735,4194
Number of DB Queries This Round: 2331
Time per round: 214.52941179275513
1,20,4128,4156,4176,97.5608537197113,6.6999564409255985,4193
1,20,4128,4153,4175,97.5608537197113,6.6999564409255985,4193
1,20,4128,4156,4176,97.5608537197113,6.6999564409255985,4193
1,20,4128,4153,4173,97.5608537197113,6.6999564409255985,4193
1,20,4128,4154,4166,97.5608537197113,6.6999564409255985,4193
1,20,4128,4153,4175,97.5608537197113,6.6999564409255985,4193
1,20,4128,4155,4169,97.5608537197113,6.6999564409255985,4193
1,20,4128,4153,4168,97.5608537197113,6.6999564409255985,4193
1,20,4128,4158,4171,97.5608537197113,6.6999564409255985,4193
1,20,4128,4153,4168,97.5608537197113,6.6999564409255985,4193
1,20,4128,4156,4171,97.5608537197113,6.6999564409255985,4193
1,20,4128,4154,4165,97.5608537197113,6.6999564409255985,4193
1,20,4128,4157,4173,97.5608537197113,6.6999564409255985,4193
1,20,4128,4158,4171,97.5608537197113,6.6999564409255985,4193
1,20,4128,4158,4176,97.5608537197113,6.6999564409255985,4193
1,20,4128,4158,4193,97.5608537197113,6.6999564409255985,4193
1,20,4128,4158,4176,97.5608537197113,6.6999564409255985,4193
1,20,4128,4156,4177,97.5608537197113,6.6999564409255985,4193
1,20,4128,4156,4193,97.5608537197113,6.6999564409255985,4193
1,20,4128,4159,4173,97.5608537197113,6.6999564409255985,4193
0,20,4128,4142,4177,97.5608537197113,6.6999564409255985,4193
0,20,4128,4143,4193,97.5608537197113,6.6999564409255985,4193
0,20,4128,4140,4173,97.5608537197113,6.6999564409255985,4193
0,20,4128,4136,4173,97.5608537197113,6.6999564409255985,4193
0,20,4128,4139,4171,97.5608537197113,6.6999564409255985,4193
0,20,4128,4145,4176,97.5608537197113,6.6999564409255985,4193
0,20,4128,4138,4168,97.5608537197113,6.6999564409255985,4193
0,20,4128,4141,4166,97.5608537197113,6.6999564409255985,4193
0,20,4128,4142,4176,97.5608537197113,6.6999564409255985,4193
0,20,4128,4135,4166,97.5608537197113,6.6999564409255985,4193
0,20,4128,4146,4175,97.5608537197113,6.6999564409255985,4193
0,20,4128,4147,4177,97.5608537197113,6.6999564409255985,4193
0,20,4128,4132,4160,97.5608537197113,6.6999564409255985,4193
0,20,4128,4131,4164,97.5608537197113,6.6999564409255985,4193
0,20,4128,4132,4165,97.5608537197113,6.6999564409255985,4193
0,20,4128,4140,4171,97.5608537197113,6.6999564409255985,4193
0,20,4128,4141,4172,97.5608537197113,6.6999564409255985,4193
0,20,4128,4144,4176,97.5608537197113,6.6999564409255985,4193
0,20,4128,4138,4169,97.5608537197113,6.6999564409255985,4193
0,20,4128,4141,4193,97.5608537197113,6.6999564409255985,4193
Number of DB Queries This Round: 2548
Time per round: 231.55998587608337
1,20,4124,4149,4167,91.69177007675171,6.710209786891937,4174
1,20,4124,4149,4165,91.69177007675171,6.710209786891937,4174
1,20,4124,4149,4170,91.69177007675171,6.710209786891937,4174
1,20,4124,4149,4161,91.69177007675171,6.710209786891937,4174
1,20,4124,4149,4167,91.69177007675171,6.710209786891937,4174
1,20,4124,4149,4158,91.69177007675171,6.710209786891937,4174
1,20,4124,4150,4161,91.69177007675171,6.710209786891937,4174
1,20,4124,4150,4162,91.69177007675171,6.710209786891937,4174
1,20,4124,4150,4161,91.69177007675171,6.710209786891937,4174
1,20,4124,4149,4162,91.69177007675171,6.710209786891937,4174
1,20,4124,4149,4157,91.69177007675171,6.710209786891937,4174
1,20,4124,4154,4168,91.69177007675171,6.710209786891937,4174
1,20,4124,4149,4162,91.69177007675171,6.710209786891937,4174
1,20,4124,4150,4169,91.69177007675171,6.710209786891937,4174
1,20,4124,4150,4168,91.69177007675171,6.710209786891937,4174
1,20,4124,4150,4165,91.69177007675171,6.710209786891937,4174
1,20,4124,4154,4174,91.69177007675171,6.710209786891937,4174
1,20,4124,4151,4168,91.69177007675171,6.710209786891937,4174
1,20,4124,4154,4168,91.69177007675171,6.710209786891937,4174
1,20,4124,4155,4174,91.69177007675171,6.710209786891937,4174
0,20,4124,4140,4168,91.69177007675171,6.710209786891937,4174
0,20,4124,4137,4168,91.69177007675171,6.710209786891937,4174
0,20,4124,4141,4168,91.69177007675171,6.710209786891937,4174
0,20,4124,4133,4162,91.69177007675171,6.710209786891937,4174
0,20,4124,4139,4169,91.69177007675171,6.710209786891937,4174
0,20,4124,4132,4161,91.69177007675171,6.710209786891937,4174
0,20,4124,4141,4161,91.69177007675171,6.710209786891937,4174
0,20,4124,4134,4165,91.69177007675171,6.710209786891937,4174
0,20,4124,4133,4161,91.69177007675171,6.710209786891937,4174
0,20,4124,4143,4167,91.69177007675171,6.710209786891937,4174
0,20,4124,4145,4174,91.69177007675171,6.710209786891937,4174
0,20,4124,4132,4153,91.69177007675171,6.710209786891937,4174
0,20,4124,4133,4161,91.69177007675171,6.710209786891937,4174
0,20,4124,4128,4157,91.69177007675171,6.710209786891937,4174
0,20,4124,4132,4162,91.69177007675171,6.710209786891937,4174
0,20,4124,4140,4169,91.69177007675171,6.710209786891937,4174
0,20,4124,4138,4169,91.69177007675171,6.710209786891937,4174
0,20,4124,4135,4158,91.69177007675171,6.710209786891937,4174
0,20,4124,4135,4168,91.69177007675171,6.710209786891937,4174
0,20,4124,4134,4165,91.69177007675171,6.710209786891937,4174
Number of DB Queries This Round: 2398
Time per round: 225.89597034454346
1,20,4127,4153,4169,89.81442070007324,7.883238565921784,4177
1,20,4127,4153,4175,89.81442070007324,7.883238565921784,4177
1,20,4127,4153,4165,89.81442070007324,7.883238565921784,4177
1,20,4127,4152,4175,89.81442070007324,7.883238565921784,4177
1,20,4127,4153,4165,89.81442070007324,7.883238565921784,4177
1,20,4127,4153,4167,89.81442070007324,7.883238565921784,4177
1,20,4127,4155,4166,89.81442070007324,7.883238565921784,4177
1,20,4127,4154,4167,89.81442070007324,7.883238565921784,4177
1,20,4127,4155,4166,89.81442070007324,7.883238565921784,4177
1,20,4127,4155,4165,89.81442070007324,7.883238565921784,4177
1,20,4127,4155,4169,89.81442070007324,7.883238565921784,4177
1,20,4127,4155,4166,89.81442070007324,7.883238565921784,4177
1,20,4127,4155,4172,89.81442070007324,7.883238565921784,4177
1,20,4127,4157,4177,89.81442070007324,7.883238565921784,4177
1,20,4127,4153,4169,89.81442070007324,7.883238565921784,4177
1,20,4127,4160,4174,89.81442070007324,7.883238565921784,4177
1,20,4127,4160,4177,89.81442070007324,7.883238565921784,4177
1,20,4127,4154,4169,89.81442070007324,7.883238565921784,4177
1,20,4127,4158,4174,89.81442070007324,7.883238565921784,4177
1,20,4127,4157,4177,89.81442070007324,7.883238565921784,4177
0,20,4127,4139,4169,89.81442070007324,7.883238565921784,4177
0,20,4127,4138,4169,89.81442070007324,7.883238565921784,4177
0,20,4127,4134,4166,89.81442070007324,7.883238565921784,4177
0,20,4127,4141,4172,89.81442070007324,7.883238565921784,4177
0,20,4127,4135,4167,89.81442070007324,7.883238565921784,4177
0,20,4127,4140,4165,89.81442070007324,7.883238565921784,4177
0,20,4127,4137,4169,89.81442070007324,7.883238565921784,4177
0,20,4127,4136,4165,89.81442070007324,7.883238565921784,4177
0,20,4127,4143,4175,89.81442070007324,7.883238565921784,4177
0,20,4127,4149,4174,89.81442070007324,7.883238565921784,4177
0,20,4127,4133,4158,89.81442070007324,7.883238565921784,4177
0,20,4127,4134,4164,89.81442070007324,7.883238565921784,4177
0,20,4127,4132,4165,89.81442070007324,7.883238565921784,4177
0,20,4127,4133,4166,89.81442070007324,7.883238565921784,4177
0,20,4127,4140,4173,89.81442070007324,7.883238565921784,4177
0,20,4127,4142,4172,89.81442070007324,7.883238565921784,4177
0,20,4127,4136,4165,89.81442070007324,7.883238565921784,4177
0,20,4127,4141,4177,89.81442070007324,7.883238565921784,4177
0,20,4127,4136,4169,89.81442070007324,7.883238565921784,4177
0,20,4127,4144,4175,89.81442070007324,7.883238565921784,4177
Number of DB Queries This Round: 2470
Time per round: 247.47919583320618
1,20,4155,4182,4201,88.32264375686646,7.793249654769897,4206
1,20,4155,4183,4200,88.32264375686646,7.793249654769897,4206
1,20,4155,4185,4206,88.32264375686646,7.793249654769897,4206
1,20,4155,4183,4196,88.32264375686646,7.793249654769897,4206
1,20,4155,4186,4199,88.32264375686646,7.793249654769897,4206
1,20,4155,4184,4199,88.32264375686646,7.793249654769897,4206
1,20,4155,4186,4199,88.32264375686646,7.793249654769897,4206
1,20,4155,4186,4199,88.32264375686646,7.793249654769897,4206
1,20,4155,4186,4199,88.32264375686646,7.793249654769897,4206
1,20,4155,4185,4200,88.32264375686646,7.793249654769897,4206
1,20,4155,4184,4199,88.32264375686646,7.793249654769897,4206
1,20,4155,4184,4206,88.32264375686646,7.793249654769897,4206
1,20,4155,4184,4205,88.32264375686646,7.793249654769897,4206
1,20,4155,4184,4202,88.32264375686646,7.793249654769897,4206
1,20,4155,4184,4206,88.32264375686646,7.793249654769897,4206
1,20,4155,4184,4205,88.32264375686646,7.793249654769897,4206
1,20,4155,4185,4200,88.32264375686646,7.793249654769897,4206
1,20,4155,4185,4206,88.32264375686646,7.793249654769897,4206
1,20,4155,4184,4205,88.32264375686646,7.793249654769897,4206
1,20,4155,4185,4200,88.32264375686646,7.793249654769897,4206
0,20,4155,4170,4200,88.32264375686646,7.793249654769897,4206
0,20,4155,4164,4199,88.32264375686646,7.793249654769897,4206
0,20,4155,4171,4206,88.32264375686646,7.793249654769897,4206
0,20,4155,4169,4199,88.32264375686646,7.793249654769897,4206
0,20,4155,4172,4200,88.32264375686646,7.793249654769897,4206
0,20,4155,4166,4202,88.32264375686646,7.793249654769897,4206
0,20,4155,4166,4200,88.32264375686646,7.793249654769897,4206
0,20,4155,4177,4206,88.32264375686646,7.793249654769897,4206
0,20,4155,4175,4206,88.32264375686646,7.793249654769897,4206
0,20,4155,4162,4185,88.32264375686646,7.793249654769897,4206
0,20,4155,4159,4191,88.32264375686646,7.793249654769897,4206
0,20,4155,4164,4199,88.32264375686646,7.793249654769897,4206
0,20,4155,4165,4199,88.32264375686646,7.793249654769897,4206
0,20,4155,4168,4197,88.32264375686646,7.793249654769897,4206
0,20,4155,4170,4206,88.32264375686646,7.793249654769897,4206
0,20,4155,4170,4196,88.32264375686646,7.793249654769897,4206
0,20,4155,4168,4205,88.32264375686646,7.793249654769897,4206
0,20,4155,4168,4202,88.32264375686646,7.793249654769897,4206
0,20,4155,4177,4206,88.32264375686646,7.793249654769897,4206
0,20,4155,4168,4202,88.32264375686646,7.793249654769897,4206
Number of DB Queries This Round: 2651
Time per round: 244.18763828277588
