1,20,4082,4101,4102,27.306270599365234,2.8073180079460145,4119
1,20,4082,4101,4102,27.306270599365234,2.8073180079460145,4119
1,20,4082,4102,4108,27.306270599365234,2.8073180079460145,4119
1,20,4082,4102,4102,27.306270599365234,2.8073180079460145,4119
1,20,4082,4104,4119,27.306270599365234,2.8073180079460145,4119
1,20,4082,4104,4108,27.306270599365234,2.8073180079460145,4119
1,20,4082,4103,4109,27.306270599365234,2.8073180079460145,4119
1,20,4082,4104,4119,27.306270599365234,2.8073180079460145,4119
1,20,4082,4103,4108,27.306270599365234,2.8073180079460145,4119
1,20,4082,4101,4102,27.306270599365234,2.8073180079460145,4119
1,20,4082,4101,4112,27.306270599365234,2.8073180079460145,4119
1,20,4082,4103,4108,27.306270599365234,2.8073180079460145,4119
1,20,4082,4103,4100,27.306270599365234,2.8073180079460145,4119
1,20,4082,4104,4109,27.306270599365234,2.8073180079460145,4119
1,20,4082,4103,4100,27.306270599365234,2.8073180079460145,4119
1,20,4082,4103,4100,27.306270599365234,2.8073180079460145,4119
1,20,4082,4103,4119,27.306270599365234,2.8073180079460145,4119
1,20,4082,4102,4108,27.306270599365234,2.8073180079460145,4119
1,20,4082,4103,4108,27.306270599365234,2.8073180079460145,4119
1,20,4082,4103,4119,27.306270599365234,2.8073180079460145,4119
0,20,4082,4079,4105,27.306270599365234,2.8073180079460145,4119
0,20,4082,4081,4119,27.306270599365234,2.8073180079460145,4119
0,20,4082,4079,4100,27.306270599365234,2.8073180079460145,4119
0,20,4082,4079,4105,27.306270599365234,2.8073180079460145,4119
0,20,4082,4079,4104,27.306270599365234,2.8073180079460145,4119
0,20,4082,4079,4108,27.306270599365234,2.8073180079460145,4119
0,20,4082,4079,4100,27.306270599365234,2.8073180079460145,4119
0,20,4082,4079,4097,27.306270599365234,2.8073180079460145,4119
0,20,4082,4079,4108,27.306270599365234,2.8073180079460145,4119
0,20,4082,4079,4102,27.306270599365234,2.8073180079460145,4119
0,20,4082,4085,4112,27.306270599365234,2.8073180079460145,4119
0,20,4082,4080,4108,27.306270599365234,2.8073180079460145,4119
0,20,4082,4081,4112,27.306270599365234,2.8073180079460145,4119
0,20,4082,4082,4112,27.306270599365234,2.8073180079460145,4119
0,20,4082,4079,4104,27.306270599365234,2.8073180079460145,4119
0,20,4082,4079,4102,27.306270599365234,2.8073180079460145,4119
0,20,4082,4084,4119,27.306270599365234,2.8073180079460145,4119
0,20,4082,4084,4119,27.306270599365234,2.8073180079460145,4119
0,20,4082,4079,4108,27.306270599365234,2.8073180079460145,4119
0,20,4082,4079,4097,27.306270599365234,2.8073180079460145,4119
Number of DB Queries This Round: 1254
Time per round: 83.45263290405273
1,20,4092,4110,4112,27.34679913520813,2.593365430831909,4126
1,20,4092,4112,4119,27.34679913520813,2.593365430831909,4126
1,20,4092,4110,4112,27.34679913520813,2.593365430831909,4126
1,20,4092,4112,4124,27.34679913520813,2.593365430831909,4126
1,20,4092,4112,4119,27.34679913520813,2.593365430831909,4126
1,20,4092,4112,4119,27.34679913520813,2.593365430831909,4126
1,20,4092,4112,4124,27.34679913520813,2.593365430831909,4126
1,20,4092,4112,4119,27.34679913520813,2.593365430831909,4126
1,20,4092,4110,4112,27.34679913520813,2.593365430831909,4126
1,20,4092,4110,4122,27.34679913520813,2.593365430831909,4126
1,20,4092,4112,4119,27.34679913520813,2.593365430831909,4126
1,20,4092,4113,4113,27.34679913520813,2.593365430831909,4126
1,20,4092,4112,4119,27.34679913520813,2.593365430831909,4126
1,20,4092,4113,4113,27.34679913520813,2.593365430831909,4126
1,20,4092,4113,4113,27.34679913520813,2.593365430831909,4126
1,20,4092,4112,4124,27.34679913520813,2.593365430831909,4126
1,20,4092,4110,4118,27.34679913520813,2.593365430831909,4126
1,20,4092,4112,4119,27.34679913520813,2.593365430831909,4126
1,20,4092,4112,4124,27.34679913520813,2.593365430831909,4126
1,20,4092,4114,4126,27.34679913520813,2.593365430831909,4126
0,20,4092,4091,4124,27.34679913520813,2.593365430831909,4126
0,20,4092,4089,4113,27.34679913520813,2.593365430831909,4126
0,20,4092,4092,4126,27.34679913520813,2.593365430831909,4126
0,20,4092,4089,4116,27.34679913520813,2.593365430831909,4126
0,20,4092,4089,4118,27.34679913520813,2.593365430831909,4126
0,20,4092,4089,4113,27.34679913520813,2.593365430831909,4126
0,20,4092,4089,4110,27.34679913520813,2.593365430831909,4126
0,20,4092,4089,4118,27.34679913520813,2.593365430831909,4126
0,20,4092,4089,4112,27.34679913520813,2.593365430831909,4126
0,20,4092,4096,4122,27.34679913520813,2.593365430831909,4126
0,20,4092,4089,4118,27.34679913520813,2.593365430831909,4126
0,20,4092,4096,4122,27.34679913520813,2.593365430831909,4126
0,20,4092,4092,4122,27.34679913520813,2.593365430831909,4126
0,20,4092,4089,4116,27.34679913520813,2.593365430831909,4126
0,20,4092,4089,4112,27.34679913520813,2.593365430831909,4126
0,20,4092,4096,4124,27.34679913520813,2.593365430831909,4126
0,20,4092,4092,4124,27.34679913520813,2.593365430831909,4126
0,20,4092,4091,4119,27.34679913520813,2.593365430831909,4126
0,20,4092,4089,4110,27.34679913520813,2.593365430831909,4126
0,20,4092,4089,4112,27.34679913520813,2.593365430831909,4126
Number of DB Queries This Round: 1287
Time per round: 79.21411228179932
1,20,4088,4106,4116,28.743103742599487,2.4161691188812258,4125
1,20,4088,4100,4108,28.743103742599487,2.4161691188812258,4125
1,20,4088,4108,4125,28.743103742599487,2.4161691188812258,4125
1,20,4088,4106,4116,28.743103742599487,2.4161691188812258,4125
1,20,4088,4104,4117,28.743103742599487,2.4161691188812258,4125
1,20,4088,4108,4125,28.743103742599487,2.4161691188812258,4125
1,20,4088,4106,4116,28.743103742599487,2.4161691188812258,4125
1,20,4088,4100,4108,28.743103742599487,2.4161691188812258,4125
1,20,4088,4104,4122,28.743103742599487,2.4161691188812258,4125
1,20,4088,4110,4116,28.743103742599487,2.4161691188812258,4125
1,20,4088,4111,4106,28.743103742599487,2.4161691188812258,4125
1,20,4088,4104,4117,28.743103742599487,2.4161691188812258,4125
1,20,4088,4108,4106,28.743103742599487,2.4161691188812258,4125
1,20,4088,4108,4106,28.743103742599487,2.4161691188812258,4125
1,20,4088,4108,4125,28.743103742599487,2.4161691188812258,4125
1,20,4088,4101,4116,28.743103742599487,2.4161691188812258,4125
1,20,4088,4106,4116,28.743103742599487,2.4161691188812258,4125
1,20,4088,4108,4125,28.743103742599487,2.4161691188812258,4125
1,20,4088,4108,4122,28.743103742599487,2.4161691188812258,4125
1,20,4088,4109,4125,28.743103742599487,2.4161691188812258,4125
0,20,4088,4085,4106,28.743103742599487,2.4161691188812258,4125
0,20,4088,4088,4122,28.743103742599487,2.4161691188812258,4125
0,20,4088,4085,4113,28.743103742599487,2.4161691188812258,4125
0,20,4088,4085,4116,28.743103742599487,2.4161691188812258,4125
0,20,4088,4085,4106,28.743103742599487,2.4161691188812258,4125
0,20,4088,4085,4111,28.743103742599487,2.4161691188812258,4125
0,20,4088,4085,4116,28.743103742599487,2.4161691188812258,4125
0,20,4088,4085,4108,28.743103742599487,2.4161691188812258,4125
0,20,4088,4090,4122,28.743103742599487,2.4161691188812258,4125
0,20,4088,4085,4116,28.743103742599487,2.4161691188812258,4125
0,20,4088,4090,4122,28.743103742599487,2.4161691188812258,4125
0,20,4088,4091,4122,28.743103742599487,2.4161691188812258,4125
0,20,4088,4085,4113,28.743103742599487,2.4161691188812258,4125
0,20,4088,4085,4108,28.743103742599487,2.4161691188812258,4125
0,20,4088,4093,4125,28.743103742599487,2.4161691188812258,4125
0,20,4088,4093,4125,28.743103742599487,2.4161691188812258,4125
0,20,4088,4089,4116,28.743103742599487,2.4161691188812258,4125
0,20,4088,4085,4111,28.743103742599487,2.4161691188812258,4125
0,20,4088,4085,4108,28.743103742599487,2.4161691188812258,4125
0,20,4088,4085,4108,28.743103742599487,2.4161691188812258,4125
Number of DB Queries This Round: 1263
Time per round: 77.06648826599121
1,20,4094,4110,4111,24.834007740020752,2.5225550174713134,4122
1,20,4094,4111,4122,24.834007740020752,2.5225550174713134,4122
1,20,4094,4110,4118,24.834007740020752,2.5225550174713134,4122
1,20,4094,4110,4117,24.834007740020752,2.5225550174713134,4122
1,20,4094,4111,4122,24.834007740020752,2.5225550174713134,4122
1,20,4094,4110,4118,24.834007740020752,2.5225550174713134,4122
1,20,4094,4110,4111,24.834007740020752,2.5225550174713134,4122
1,20,4094,4111,4121,24.834007740020752,2.5225550174713134,4122
1,20,4094,4110,4118,24.834007740020752,2.5225550174713134,4122
1,20,4094,4111,4111,24.834007740020752,2.5225550174713134,4122
1,20,4094,4109,4117,24.834007740020752,2.5225550174713134,4122
1,20,4094,4111,4111,24.834007740020752,2.5225550174713134,4122
1,20,4094,4111,4111,24.834007740020752,2.5225550174713134,4122
1,20,4094,4110,4122,24.834007740020752,2.5225550174713134,4122
1,20,4094,4111,4118,24.834007740020752,2.5225550174713134,4122
1,20,4094,4111,4118,24.834007740020752,2.5225550174713134,4122
1,20,4094,4110,4122,24.834007740020752,2.5225550174713134,4122
1,20,4094,4110,4122,24.834007740020752,2.5225550174713134,4122
1,20,4094,4110,4122,24.834007740020752,2.5225550174713134,4122
1,20,4094,4111,4111,24.834007740020752,2.5225550174713134,4122
0,20,4094,4093,4122,24.834007740020752,2.5225550174713134,4122
0,20,4094,4091,4115,24.834007740020752,2.5225550174713134,4122
0,20,4094,4092,4118,24.834007740020752,2.5225550174713134,4122
0,20,4094,4091,4111,24.834007740020752,2.5225550174713134,4122
0,20,4094,4091,4110,24.834007740020752,2.5225550174713134,4122
0,20,4094,4092,4118,24.834007740020752,2.5225550174713134,4122
0,20,4094,4091,4111,24.834007740020752,2.5225550174713134,4122
0,20,4094,4096,4121,24.834007740020752,2.5225550174713134,4122
0,20,4094,4092,4118,24.834007740020752,2.5225550174713134,4122
0,20,4094,4094,4121,24.834007740020752,2.5225550174713134,4122
0,20,4094,4094,4121,24.834007740020752,2.5225550174713134,4122
0,20,4094,4091,4115,24.834007740020752,2.5225550174713134,4122
0,20,4094,4091,4111,24.834007740020752,2.5225550174713134,4122
0,20,4094,4094,4122,24.834007740020752,2.5225550174713134,4122
0,20,4094,4093,4122,24.834007740020752,2.5225550174713134,4122
0,20,4094,4091,4118,24.834007740020752,2.5225550174713134,4122
0,20,4094,4091,4110,24.834007740020752,2.5225550174713134,4122
0,20,4094,4091,4111,24.834007740020752,2.5225550174713134,4122
0,20,4094,4091,4111,24.834007740020752,2.5225550174713134,4122
0,20,4094,4091,4118,24.834007740020752,2.5225550174713134,4122
Number of DB Queries This Round: 1140
Time per round: 75.28511261940002
1,20,4111,4129,4142,29.033801078796387,2.608632004261017,4143
1,20,4111,4128,4136,29.033801078796387,2.608632004261017,4143
1,20,4111,4128,4137,29.033801078796387,2.608632004261017,4143
1,20,4111,4129,4142,29.033801078796387,2.608632004261017,4143
1,20,4111,4128,4136,29.033801078796387,2.608632004261017,4143
1,20,4111,4128,4131,29.033801078796387,2.608632004261017,4143
1,20,4111,4129,4142,29.033801078796387,2.608632004261017,4143
1,20,4111,4128,4136,29.033801078796387,2.608632004261017,4143
1,20,4111,4130,4130,29.033801078796387,2.608632004261017,4143
1,20,4111,4128,4137,29.033801078796387,2.608632004261017,4143
1,20,4111,4130,4130,29.033801078796387,2.608632004261017,4143
1,20,4111,4130,4130,29.033801078796387,2.608632004261017,4143
1,20,4111,4130,4142,29.033801078796387,2.608632004261017,4143
1,20,4111,4129,4138,29.033801078796387,2.608632004261017,4143
1,20,4111,4130,4136,29.033801078796387,2.608632004261017,4143
1,20,4111,4129,4142,29.033801078796387,2.608632004261017,4143
1,20,4111,4131,4143,29.033801078796387,2.608632004261017,4143
1,20,4111,4130,4142,29.033801078796387,2.608632004261017,4143
1,20,4111,4130,4130,29.033801078796387,2.608632004261017,4143
1,20,4111,4131,4143,29.033801078796387,2.608632004261017,4143
0,20,4111,4108,4134,29.033801078796387,2.608632004261017,4143
0,20,4111,4109,4138,29.033801078796387,2.608632004261017,4143
0,20,4111,4109,4130,29.033801078796387,2.608632004261017,4143
0,20,4111,4108,4128,29.033801078796387,2.608632004261017,4143
0,20,4111,4109,4138,29.033801078796387,2.608632004261017,4143
0,20,4111,4108,4131,29.033801078796387,2.608632004261017,4143
0,20,4111,4115,4142,29.033801078796387,2.608632004261017,4143
0,20,4111,4108,4138,29.033801078796387,2.608632004261017,4143
0,20,4111,4115,4142,29.033801078796387,2.608632004261017,4143
0,20,4111,4116,4142,29.033801078796387,2.608632004261017,4143
0,20,4111,4108,4134,29.033801078796387,2.608632004261017,4143
0,20,4111,4108,4131,29.033801078796387,2.608632004261017,4143
0,20,4111,4114,4142,29.033801078796387,2.608632004261017,4143
0,20,4111,4114,4142,29.033801078796387,2.608632004261017,4143
0,20,4111,4108,4136,29.033801078796387,2.608632004261017,4143
0,20,4111,4108,4128,29.033801078796387,2.608632004261017,4143
0,20,4111,4108,4131,29.033801078796387,2.608632004261017,4143
0,20,4111,4108,4131,29.033801078796387,2.608632004261017,4143
0,20,4111,4109,4136,29.033801078796387,2.608632004261017,4143
0,20,4111,4108,4131,29.033801078796387,2.608632004261017,4143
Number of DB Queries This Round: 1246
Time per round: 81.20644569396973
1,20,4088,4101,4114,28.604820013046265,2.11281840801239,4120
1,20,4088,4100,4113,28.604820013046265,2.11281840801239,4120
1,20,4088,4104,4117,28.604820013046265,2.11281840801239,4120
1,20,4088,4101,4114,28.604820013046265,2.11281840801239,4120
1,20,4088,4101,4109,28.604820013046265,2.11281840801239,4120
1,20,4088,4101,4120,28.604820013046265,2.11281840801239,4120
1,20,4088,4101,4114,28.604820013046265,2.11281840801239,4120
1,20,4088,4108,4110,28.604820013046265,2.11281840801239,4120
1,20,4088,4101,4113,28.604820013046265,2.11281840801239,4120
1,20,4088,4108,4110,28.604820013046265,2.11281840801239,4120
1,20,4088,4108,4110,28.604820013046265,2.11281840801239,4120
1,20,4088,4101,4117,28.604820013046265,2.11281840801239,4120
1,20,4088,4101,4116,28.604820013046265,2.11281840801239,4120
1,20,4088,4101,4114,28.604820013046265,2.11281840801239,4120
1,20,4088,4101,4117,28.604820013046265,2.11281840801239,4120
1,20,4088,4102,4119,28.604820013046265,2.11281840801239,4120
1,20,4088,4102,4117,28.604820013046265,2.11281840801239,4120
1,20,4088,4108,4110,28.604820013046265,2.11281840801239,4120
1,20,4088,4102,4119,28.604820013046265,2.11281840801239,4120
1,20,4088,4108,4118,28.604820013046265,2.11281840801239,4120
0,20,4088,4085,4116,28.604820013046265,2.11281840801239,4120
0,20,4088,4085,4110,28.604820013046265,2.11281840801239,4120
0,20,4088,4085,4113,28.604820013046265,2.11281840801239,4120
0,20,4088,4085,4116,28.604820013046265,2.11281840801239,4120
0,20,4088,4085,4109,28.604820013046265,2.11281840801239,4120
0,20,4088,4087,4120,28.604820013046265,2.11281840801239,4120
0,20,4088,4085,4116,28.604820013046265,2.11281840801239,4120
0,20,4088,4087,4120,28.604820013046265,2.11281840801239,4120
0,20,4088,4088,4120,28.604820013046265,2.11281840801239,4120
0,20,4088,4090,4118,28.604820013046265,2.11281840801239,4120
0,20,4088,4085,4109,28.604820013046265,2.11281840801239,4120
0,20,4088,4086,4117,28.604820013046265,2.11281840801239,4120
0,20,4088,4087,4117,28.604820013046265,2.11281840801239,4120
0,20,4088,4085,4114,28.604820013046265,2.11281840801239,4120
0,20,4088,4085,4113,28.604820013046265,2.11281840801239,4120
0,20,4088,4085,4109,28.604820013046265,2.11281840801239,4120
0,20,4088,4085,4109,28.604820013046265,2.11281840801239,4120
0,20,4088,4085,4114,28.604820013046265,2.11281840801239,4120
0,20,4088,4085,4109,28.604820013046265,2.11281840801239,4120
0,20,4088,4089,4117,28.604820013046265,2.11281840801239,4120
Number of DB Queries This Round: 1177
Time per round: 70.86120057106018
1,20,4114,4127,4136,24.41461157798767,2.186390292644501,4143
1,20,4114,4131,4142,24.41461157798767,2.186390292644501,4143
1,20,4114,4128,4136,24.41461157798767,2.186390292644501,4143
1,20,4114,4126,4131,24.41461157798767,2.186390292644501,4143
1,20,4114,4127,4140,24.41461157798767,2.186390292644501,4143
1,20,4114,4127,4136,24.41461157798767,2.186390292644501,4143
1,20,4114,4132,4130,24.41461157798767,2.186390292644501,4143
1,20,4114,4126,4136,24.41461157798767,2.186390292644501,4143
1,20,4114,4132,4130,24.41461157798767,2.186390292644501,4143
1,20,4114,4132,4130,24.41461157798767,2.186390292644501,4143
1,20,4114,4130,4142,24.41461157798767,2.186390292644501,4143
1,20,4114,4130,4141,24.41461157798767,2.186390292644501,4143
1,20,4114,4127,4136,24.41461157798767,2.186390292644501,4143
1,20,4114,4130,4142,24.41461157798767,2.186390292644501,4143
1,20,4114,4130,4143,24.41461157798767,2.186390292644501,4143
1,20,4114,4130,4142,24.41461157798767,2.186390292644501,4143
1,20,4114,4131,4130,24.41461157798767,2.186390292644501,4143
1,20,4114,4131,4143,24.41461157798767,2.186390292644501,4143
1,20,4114,4131,4142,24.41461157798767,2.186390292644501,4143
1,20,4114,4131,4141,24.41461157798767,2.186390292644501,4143
0,20,4114,4111,4130,24.41461157798767,2.186390292644501,4143
0,20,4114,4111,4130,24.41461157798767,2.186390292644501,4143
0,20,4114,4112,4141,24.41461157798767,2.186390292644501,4143
0,20,4114,4111,4131,24.41461157798767,2.186390292644501,4143
0,20,4114,4111,4140,24.41461157798767,2.186390292644501,4143
0,20,4114,4112,4141,24.41461157798767,2.186390292644501,4143
0,20,4114,4115,4140,24.41461157798767,2.186390292644501,4143
0,20,4114,4112,4140,24.41461157798767,2.186390292644501,4143
0,20,4114,4111,4142,24.41461157798767,2.186390292644501,4143
0,20,4114,4111,4131,24.41461157798767,2.186390292644501,4143
0,20,4114,4115,4142,24.41461157798767,2.186390292644501,4143
0,20,4114,4115,4142,24.41461157798767,2.186390292644501,4143
0,20,4114,4111,4136,24.41461157798767,2.186390292644501,4143
0,20,4114,4111,4130,24.41461157798767,2.186390292644501,4143
0,20,4114,4111,4131,24.41461157798767,2.186390292644501,4143
0,20,4114,4111,4131,24.41461157798767,2.186390292644501,4143
0,20,4114,4111,4136,24.41461157798767,2.186390292644501,4143
0,20,4114,4111,4131,24.41461157798767,2.186390292644501,4143
0,20,4114,4116,4142,24.41461157798767,2.186390292644501,4143
0,20,4114,4111,4136,24.41461157798767,2.186390292644501,4143
Number of DB Queries This Round: 1133
Time per round: 68.14242124557495
1,20,4120,4136,4149,20.2588369846344,1.7463194012641907,4152
1,20,4120,4136,4144,20.2588369846344,1.7463194012641907,4152
1,20,4120,4135,4137,20.2588369846344,1.7463194012641907,4152
1,20,4120,4137,4150,20.2588369846344,1.7463194012641907,4152
1,20,4120,4136,4144,20.2588369846344,1.7463194012641907,4152
1,20,4120,4138,4141,20.2588369846344,1.7463194012641907,4152
1,20,4120,4137,4144,20.2588369846344,1.7463194012641907,4152
1,20,4120,4138,4141,20.2588369846344,1.7463194012641907,4152
1,20,4120,4138,4141,20.2588369846344,1.7463194012641907,4152
1,20,4120,4137,4149,20.2588369846344,1.7463194012641907,4152
1,20,4120,4137,4146,20.2588369846344,1.7463194012641907,4152
1,20,4120,4137,4144,20.2588369846344,1.7463194012641907,4152
1,20,4120,4137,4149,20.2588369846344,1.7463194012641907,4152
1,20,4120,4137,4149,20.2588369846344,1.7463194012641907,4152
1,20,4120,4137,4149,20.2588369846344,1.7463194012641907,4152
1,20,4120,4138,4141,20.2588369846344,1.7463194012641907,4152
1,20,4120,4138,4149,20.2588369846344,1.7463194012641907,4152
1,20,4120,4138,4152,20.2588369846344,1.7463194012641907,4152
1,20,4120,4137,4146,20.2588369846344,1.7463194012641907,4152
1,20,4120,4139,4141,20.2588369846344,1.7463194012641907,4152
0,20,4120,4117,4138,20.2588369846344,1.7463194012641907,4152
0,20,4120,4121,4146,20.2588369846344,1.7463194012641907,4152
0,20,4120,4117,4137,20.2588369846344,1.7463194012641907,4152
0,20,4120,4125,4150,20.2588369846344,1.7463194012641907,4152
0,20,4120,4120,4146,20.2588369846344,1.7463194012641907,4152
0,20,4120,4129,4150,20.2588369846344,1.7463194012641907,4152
0,20,4120,4126,4150,20.2588369846344,1.7463194012641907,4152
0,20,4120,4124,4152,20.2588369846344,1.7463194012641907,4152
0,20,4120,4117,4137,20.2588369846344,1.7463194012641907,4152
0,20,4120,4124,4149,20.2588369846344,1.7463194012641907,4152
0,20,4120,4126,4149,20.2588369846344,1.7463194012641907,4152
0,20,4120,4120,4144,20.2588369846344,1.7463194012641907,4152
0,20,4120,4117,4138,20.2588369846344,1.7463194012641907,4152
0,20,4120,4117,4137,20.2588369846344,1.7463194012641907,4152
0,20,4120,4117,4137,20.2588369846344,1.7463194012641907,4152
0,20,4120,4117,4144,20.2588369846344,1.7463194012641907,4152
0,20,4120,4117,4137,20.2588369846344,1.7463194012641907,4152
0,20,4120,4125,4149,20.2588369846344,1.7463194012641907,4152
0,20,4120,4117,4144,20.2588369846344,1.7463194012641907,4152
0,20,4120,4117,4144,20.2588369846344,1.7463194012641907,4152
Number of DB Queries This Round: 1095
Time per round: 55.185227155685425
1,20,4113,4129,4134,26.47351622581482,2.6227806925773622,4141
1,20,4113,4128,4131,26.47351622581482,2.6227806925773622,4141
1,20,4113,4129,4140,26.47351622581482,2.6227806925773622,4141
1,20,4113,4127,4134,26.47351622581482,2.6227806925773622,4141
1,20,4113,4128,4129,26.47351622581482,2.6227806925773622,4141
1,20,4113,4127,4134,26.47351622581482,2.6227806925773622,4141
1,20,4113,4128,4129,26.47351622581482,2.6227806925773622,4141
1,20,4113,4128,4129,26.47351622581482,2.6227806925773622,4141
1,20,4113,4128,4141,26.47351622581482,2.6227806925773622,4141
1,20,4113,4128,4138,26.47351622581482,2.6227806925773622,4141
1,20,4113,4127,4134,26.47351622581482,2.6227806925773622,4141
1,20,4113,4128,4141,26.47351622581482,2.6227806925773622,4141
1,20,4113,4128,4139,26.47351622581482,2.6227806925773622,4141
1,20,4113,4128,4141,26.47351622581482,2.6227806925773622,4141
1,20,4113,4131,4129,26.47351622581482,2.6227806925773622,4141
1,20,4113,4130,4139,26.47351622581482,2.6227806925773622,4141
1,20,4113,4128,4139,26.47351622581482,2.6227806925773622,4141
1,20,4113,4128,4138,26.47351622581482,2.6227806925773622,4141
1,20,4113,4129,4129,26.47351622581482,2.6227806925773622,4141
1,20,4113,4129,4137,26.47351622581482,2.6227806925773622,4141
0,20,4113,4113,4138,26.47351622581482,2.6227806925773622,4141
0,20,4113,4110,4131,26.47351622581482,2.6227806925773622,4141
0,20,4113,4118,4140,26.47351622581482,2.6227806925773622,4141
0,20,4113,4112,4138,26.47351622581482,2.6227806925773622,4141
0,20,4113,4121,4140,26.47351622581482,2.6227806925773622,4141
0,20,4113,4116,4140,26.47351622581482,2.6227806925773622,4141
0,20,4113,4114,4139,26.47351622581482,2.6227806925773622,4141
0,20,4113,4110,4131,26.47351622581482,2.6227806925773622,4141
0,20,4113,4114,4141,26.47351622581482,2.6227806925773622,4141
0,20,4113,4117,4141,26.47351622581482,2.6227806925773622,4141
0,20,4113,4112,4134,26.47351622581482,2.6227806925773622,4141
0,20,4113,4110,4137,26.47351622581482,2.6227806925773622,4141
0,20,4113,4110,4131,26.47351622581482,2.6227806925773622,4141
0,20,4113,4110,4131,26.47351622581482,2.6227806925773622,4141
0,20,4113,4110,4134,26.47351622581482,2.6227806925773622,4141
0,20,4113,4110,4131,26.47351622581482,2.6227806925773622,4141
0,20,4113,4117,4141,26.47351622581482,2.6227806925773622,4141
0,20,4113,4111,4134,26.47351622581482,2.6227806925773622,4141
0,20,4113,4110,4134,26.47351622581482,2.6227806925773622,4141
0,20,4113,4115,4141,26.47351622581482,2.6227806925773622,4141
Number of DB Queries This Round: 1171
Time per round: 78.92913317680359
1,20,4119,4131,4134,26.76746702194214,2.293855309486389,4145
1,20,4119,4131,4143,26.76746702194214,2.293855309486389,4145
1,20,4119,4131,4137,26.76746702194214,2.293855309486389,4145
1,20,4119,4135,4134,26.76746702194214,2.293855309486389,4145
1,20,4119,4132,4141,26.76746702194214,2.293855309486389,4145
1,20,4119,4135,4134,26.76746702194214,2.293855309486389,4145
1,20,4119,4135,4134,26.76746702194214,2.293855309486389,4145
1,20,4119,4133,4145,26.76746702194214,2.293855309486389,4145
1,20,4119,4135,4142,26.76746702194214,2.293855309486389,4145
1,20,4119,4132,4137,26.76746702194214,2.293855309486389,4145
1,20,4119,4133,4145,26.76746702194214,2.293855309486389,4145
1,20,4119,4132,4142,26.76746702194214,2.293855309486389,4145
1,20,4119,4133,4145,26.76746702194214,2.293855309486389,4145
1,20,4119,4136,4134,26.76746702194214,2.293855309486389,4145
1,20,4119,4132,4142,26.76746702194214,2.293855309486389,4145
1,20,4119,4132,4143,26.76746702194214,2.293855309486389,4145
1,20,4119,4135,4142,26.76746702194214,2.293855309486389,4145
1,20,4119,4136,4134,26.76746702194214,2.293855309486389,4145
1,20,4119,4133,4140,26.76746702194214,2.293855309486389,4145
1,20,4119,4136,4142,26.76746702194214,2.293855309486389,4145
0,20,4119,4116,4134,26.76746702194214,2.293855309486389,4145
0,20,4119,4117,4143,26.76746702194214,2.293855309486389,4145
0,20,4119,4116,4142,26.76746702194214,2.293855309486389,4145
0,20,4119,4117,4143,26.76746702194214,2.293855309486389,4145
0,20,4119,4116,4143,26.76746702194214,2.293855309486389,4145
0,20,4119,4116,4143,26.76746702194214,2.293855309486389,4145
0,20,4119,4116,4134,26.76746702194214,2.293855309486389,4145
0,20,4119,4118,4145,26.76746702194214,2.293855309486389,4145
0,20,4119,4117,4145,26.76746702194214,2.293855309486389,4145
0,20,4119,4116,4137,26.76746702194214,2.293855309486389,4145
0,20,4119,4116,4140,26.76746702194214,2.293855309486389,4145
0,20,4119,4116,4134,26.76746702194214,2.293855309486389,4145
0,20,4119,4116,4134,26.76746702194214,2.293855309486389,4145
0,20,4119,4116,4137,26.76746702194214,2.293855309486389,4145
0,20,4119,4116,4134,26.76746702194214,2.293855309486389,4145
0,20,4119,4119,4145,26.76746702194214,2.293855309486389,4145
0,20,4119,4116,4137,26.76746702194214,2.293855309486389,4145
0,20,4119,4116,4141,26.76746702194214,2.293855309486389,4145
0,20,4119,4118,4145,26.76746702194214,2.293855309486389,4145
0,20,4119,4116,4137,26.76746702194214,2.293855309486389,4145
Number of DB Queries This Round: 1068
Time per round: 72.64457488059998
