num_secrets,true_label,guess_label
PERCENT IN TABLE OF 100: 1%
1,0,0
1,0,0
1,0,0
1,0,0
1,0,0
1,0,0
1,0,0
1,0,0
1,0,0
1,0,0
1,0,0
1,0,0
1,0,0
1,0,0
1,0,0
1,0,0
1,0,0
1,0,0
1,0,0
1,0,0
1,0,0
1,0,0
1,0,0
1,0,0
1,0,0
1,0,0
1,0,0
1,0,0
1,0,0
1,0,0
1,0,0
1,0,0
1,0,0
1,0,0
1,0,0
1,0,0
1,0,0
1,0,0
1,0,0
1,0,0
1,0,0
1,0,0
1,0,0
1,0,0
1,0,0
1,0,0
1,0,0
1,0,0
1,0,0
1,0,0
1,0,0
1,0,0
1,0,0
1,0,0
1,0,0
1,0,0
1,0,0
1,0,0
1,0,0
1,0,0
1,0,0
1,0,0
1,0,0
1,0,0
1,0,0
1,0,0
1,0,0
1,0,0
1,0,0
1,0,0
1,0,0
1,0,0
1,0,0
1,0,0
1,0,0
1,0,0
1,0,0
1,0,0
1,0,0
1,0,0
1,0,0
1,0,0
1,0,0
1,0,0
1,0,0
1,0,0
1,0,0
1,0,0
1,0,0
1,0,0
1,0,0
1,0,0
1,0,0
1,0,0
1,0,0
1,1,1
1,0,0
1,0,0
1,0,0
1,0,0
Total DB Queries This Round: 2228
Total time spent this round in seconds: 51.22096872329712
1,0,0
1,0,0
1,0,0
1,0,0
1,0,0
1,0,0
1,0,0
1,0,0
1,0,0
1,0,0
1,0,0
1,0,0
1,0,0
1,0,0
1,1,1
1,0,0
1,0,0
1,0,0
1,0,0
1,0,0
1,0,0
1,0,0
1,0,0
1,0,0
1,0,0
1,0,0
1,0,0
1,0,0
1,0,0
1,0,0
1,0,0
1,0,0
1,0,0
1,0,0
1,0,0
1,0,0
1,0,0
1,0,0
1,0,0
1,0,0
1,0,0
1,0,0
1,0,0
1,0,0
1,0,0
1,0,0
1,0,0
1,0,0
1,0,0
1,0,0
1,0,0
1,0,0
1,0,0
1,0,0
1,0,0
1,0,0
1,0,0
1,0,0
1,0,0
1,0,0
1,0,0
1,0,0
1,0,0
1,0,0
1,0,0
1,0,0
1,0,0
1,0,0
1,0,0
1,0,0
1,0,0
1,0,0
1,0,0
1,0,0
1,0,0
1,0,0
1,0,0
1,0,0
1,0,0
1,0,0
1,0,0
1,0,0
1,0,0
1,0,0
1,0,0
1,0,0
1,0,0
1,0,0
1,0,0
1,0,0
1,0,0
1,0,0
1,0,0
1,0,0
1,0,0
1,0,0
1,0,0
1,0,0
1,0,0
1,0,0
Total DB Queries This Round: 10576
Total time spent this round in seconds: 246.61193585395813
1,0,0
1,0,0
1,0,0
1,0,0
1,0,0
1,0,0
1,0,0
1,0,0
1,0,0
1,0,0
1,0,0
1,0,0
1,0,0
1,0,0
1,0,0
1,0,0
1,0,0
1,0,0
1,0,0
1,0,0
1,0,0
1,0,0
1,0,0
1,0,0
1,0,0
1,0,0
1,0,0
1,0,0
1,0,0
1,0,0
1,0,0
1,0,0
1,0,0
1,0,0
1,0,0
1,0,0
1,0,0
1,0,0
1,0,0
1,0,0
1,0,0
1,0,0
1,0,0
1,0,0
1,0,0
1,0,0
1,0,0
1,0,0
1,0,0
1,0,0
1,0,0
1,0,0
1,0,0
1,0,0
1,0,0
1,0,0
1,0,0
1,0,0
1,0,0
1,0,0
1,0,0
1,0,0
1,0,0
1,0,0
1,0,0
1,0,0
1,0,0
1,0,0
1,0,0
1,0,0
1,0,0
1,0,0
1,0,0
1,1,1
1,0,0
1,0,0
1,0,0
1,0,0
1,0,0
1,0,0
1,0,0
1,0,0
1,0,0
1,0,0
1,0,0
1,0,0
1,0,0
1,0,0
1,0,0
1,0,0
1,0,0
1,0,0
1,0,0
1,0,0
1,0,0
1,0,0
1,0,0
1,0,0
1,0,0
1,0,0
Total DB Queries This Round: 2523
Total time spent this round in seconds: 55.004920959472656
1,0,0
1,0,0
1,0,0
1,0,0
1,0,0
1,0,0
1,0,0
1,0,0
1,0,0
1,0,0
1,0,0
1,0,0
1,0,0
1,0,0
1,0,0
1,0,0
1,0,0
1,0,0
1,0,0
1,0,0
1,0,0
1,0,0
1,0,0
1,0,0
1,0,0
1,0,0
1,0,0
1,0,0
1,0,0
1,0,0
1,0,0
1,0,0
1,0,0
1,0,0
1,0,0
1,0,0
1,0,0
1,0,0
1,0,0
1,0,0
1,0,0
1,0,0
1,0,0
1,0,0
1,0,0
1,0,0
1,0,0
1,0,0
1,0,1
1,0,0
1,0,0
1,0,0
1,1,1
1,0,0
1,0,0
1,0,0
1,0,0
1,0,0
1,0,0
1,0,0
1,0,0
1,0,0
1,0,0
1,0,0
1,0,0
1,0,0
1,0,0
1,0,0
1,0,0
1,0,0
1,0,0
1,0,0
1,0,0
1,0,0
1,0,0
1,0,0
1,0,0
1,0,0
1,0,0
1,0,0
1,0,0
1,0,0
1,0,0
1,0,0
1,0,0
1,0,0
1,0,0
1,0,0
1,0,0
1,0,0
1,0,0
1,0,0
1,0,0
1,0,0
1,0,0
1,0,0
1,0,0
1,0,0
1,0,0
1,0,0
Total DB Queries This Round: 6984
Total time spent this round in seconds: 163.32310938835144
1,0,0
1,0,0
1,0,0
1,0,0
1,0,0
1,0,0
1,0,0
1,0,0
1,0,0
1,0,0
1,0,0
1,0,0
1,0,0
1,0,0
1,0,0
1,0,0
1,0,0
1,0,0
1,0,0
1,0,0
1,0,0
1,0,0
1,0,0
1,0,0
1,0,0
1,0,0
1,0,0
1,0,0
1,0,0
1,0,0
1,0,0
1,1,1
1,0,0
1,0,0
1,0,0
1,0,0
1,0,0
1,0,0
1,0,0
1,0,0
1,0,0
1,0,0
1,0,0
1,0,0
1,0,0
1,0,0
1,0,0
1,0,0
1,0,0
1,0,0
1,0,0
1,0,0
1,0,0
1,0,0
1,0,0
1,0,0
1,0,0
1,0,0
1,0,0
1,0,0
1,0,0
1,0,0
1,0,0
1,0,0
1,0,0
1,0,0
1,0,0
1,0,0
1,0,0
1,0,0
1,0,0
1,0,0
1,0,0
1,0,0
1,0,0
1,0,0
1,0,0
1,0,0
1,0,0
1,0,0
1,0,0
1,0,0
1,0,0
1,0,0
1,0,0
1,0,0
1,0,0
1,0,0
1,0,0
1,0,0
1,0,0
1,0,0
1,0,0
1,0,0
1,0,0
1,0,0
1,0,0
1,0,0
1,0,0
1,0,0
Total DB Queries This Round: 2129
Total time spent this round in seconds: 48.40311932563782
1,0,0
1,0,0
1,0,0
1,0,0
1,0,0
1,0,0
1,0,0
1,0,0
1,0,0
1,0,0
1,0,0
1,0,0
1,0,0
1,0,0
1,0,0
1,0,0
1,0,0
1,0,0
1,0,0
1,0,0
1,0,0
1,0,0
1,0,0
1,0,0
1,0,0
1,0,0
1,0,0
1,0,0
1,0,0
1,0,0
1,0,0
1,0,0
1,0,0
1,0,0
1,0,0
1,0,0
1,0,0
1,0,0
1,0,0
1,0,0
1,0,0
1,0,0
1,0,0
1,0,0
1,0,0
1,0,0
1,0,0
1,0,0
1,0,0
1,0,0
1,0,0
1,0,0
1,0,0
1,0,0
1,0,0
1,0,0
1,0,0
1,0,0
1,0,0
1,0,0
1,0,0
1,0,0
1,0,0
1,0,0
1,0,0
1,0,0
1,0,0
1,0,0
1,0,0
1,0,0
1,1,0
1,0,0
1,0,0
1,0,0
1,0,0
1,0,0
1,0,0
1,0,0
1,0,0
1,0,0
1,0,0
1,0,0
1,0,0
1,0,0
1,0,0
1,0,0
1,0,0
1,0,0
1,0,0
1,0,0
1,0,0
1,0,0
1,0,0
1,0,0
1,0,0
1,0,0
1,0,0
1,0,0
1,0,0
1,0,0
Total DB Queries This Round: 9378
Total time spent this round in seconds: 215.45677065849304
1,0,0
1,0,0
1,0,0
1,0,0
1,0,0
1,0,0
1,0,0
1,0,0
1,0,0
1,0,0
1,0,0
1,0,0
1,0,0
1,0,0
1,0,0
1,0,0
1,0,0
1,0,0
1,0,0
1,0,0
1,0,0
1,0,0
1,0,0
1,0,0
1,0,0
1,0,0
1,0,0
1,0,0
1,0,0
1,0,0
1,0,0
1,0,0
1,0,0
1,0,0
1,0,0
1,0,0
1,0,0
1,0,0
1,0,0
1,0,0
1,0,0
1,0,0
1,0,0
1,0,0
1,0,0
1,0,0
1,0,0
1,0,0
1,0,0
1,0,0
1,0,0
1,0,0
1,0,0
1,0,0
1,0,0
1,0,0
1,0,0
1,0,0
1,0,0
1,0,0
1,0,0
1,0,0
1,0,0
1,0,0
1,1,1
1,0,0
1,0,0
1,0,0
1,0,0
1,0,0
1,0,0
1,0,0
1,0,0
1,0,0
1,0,0
1,0,0
1,0,0
1,0,0
1,0,0
1,0,0
1,0,0
1,0,0
1,0,0
1,0,0
1,0,0
1,0,0
1,0,0
1,0,0
1,0,0
1,0,0
1,0,0
1,0,0
1,0,0
1,0,0
1,0,0
1,0,0
1,0,0
1,0,0
1,0,0
1,0,0
Total DB Queries This Round: 4842
Total time spent this round in seconds: 108.71346187591553
1,0,0
1,0,0
1,0,0
1,0,0
1,0,0
1,1,0
1,0,0
1,0,0
1,0,0
1,0,0
1,0,0
1,0,0
1,0,0
1,0,0
1,0,0
1,0,0
1,0,0
1,0,0
1,0,0
1,0,0
1,0,0
1,0,0
1,0,0
1,0,0
1,0,0
1,0,0
1,0,0
1,0,0
1,0,0
1,0,0
1,0,0
1,0,0
1,0,0
1,0,0
1,0,0
1,0,0
1,0,0
1,0,0
1,0,0
1,0,0
1,0,0
1,0,0
1,0,0
1,0,0
1,0,0
1,0,0
1,0,0
1,0,0
1,0,0
1,0,0
1,0,0
1,0,0
1,0,0
1,0,0
1,0,0
1,0,0
1,0,0
1,0,0
1,0,0
1,0,0
1,0,0
1,0,0
1,0,0
1,0,0
1,0,0
1,0,0
1,0,0
1,0,0
1,0,0
1,0,0
1,0,0
1,0,0
1,0,0
1,0,0
1,0,0
1,0,0
1,0,0
1,0,0
1,0,0
1,0,0
1,0,0
1,0,0
1,0,0
1,0,0
1,0,0
1,0,0
1,0,0
1,0,0
1,0,0
1,0,0
1,0,0
1,0,0
1,0,0
1,0,0
1,0,0
1,0,0
1,0,0
1,0,0
1,0,0
1,0,0
Total DB Queries This Round: 9067
Total time spent this round in seconds: 240.99672985076904
1,0,0
1,0,0
1,0,0
1,0,0
1,0,0
1,0,0
1,0,0
1,1,1
1,0,0
1,0,0
1,0,0
1,0,0
1,0,0
1,0,0
1,0,0
1,0,0
1,0,0
1,0,0
1,0,0
1,0,0
1,0,0
1,0,0
1,0,0
1,0,0
1,0,0
1,0,0
1,0,0
1,0,0
1,0,0
1,0,0
1,0,0
1,0,0
1,0,0
1,0,0
1,0,0
1,0,0
1,0,0
1,0,0
1,0,0
1,0,0
1,0,0
1,0,0
1,0,0
1,0,0
1,0,0
1,0,0
1,0,0
1,0,0
1,0,0
1,0,0
1,0,0
1,0,0
1,0,0
1,0,0
1,0,0
1,0,0
1,0,0
1,0,0
1,0,0
1,0,0
1,0,0
1,0,0
1,0,0
1,0,0
1,0,0
1,0,0
1,0,0
1,0,0
1,0,0
1,0,0
1,0,0
1,0,0
1,0,0
1,0,0
1,0,0
1,0,0
1,0,0
1,0,0
1,0,0
1,0,0
1,0,0
1,0,0
1,0,0
1,0,0
1,0,0
1,0,0
1,0,0
1,0,0
1,0,0
1,0,0
1,0,0
1,0,0
1,0,0
1,0,0
1,0,0
1,0,0
1,0,0
1,0,0
1,0,0
1,0,0
Total DB Queries This Round: 2221
Total time spent this round in seconds: 65.10891890525818
1,0,0
1,0,0
1,0,0
1,0,0
1,0,0
1,0,0
1,0,0
1,0,0
1,0,0
1,0,0
1,0,0
1,0,0
1,0,0
1,0,0
1,0,0
1,0,0
1,0,0
1,0,0
1,0,0
1,0,0
1,0,0
1,0,0
1,0,0
1,0,0
1,0,0
1,0,0
1,0,0
1,0,0
1,0,0
1,0,0
1,0,0
1,0,0
1,0,0
1,0,0
1,0,0
1,0,0
1,0,0
1,0,0
1,0,0
1,0,0
1,0,0
1,0,0
1,0,0
1,0,0
1,0,0
1,0,0
1,0,0
1,0,0
1,0,0
1,0,0
1,0,0
1,0,0
1,0,0
1,0,0
1,0,0
1,0,0
1,0,0
1,0,0
1,0,0
1,0,0
1,0,0
1,0,0
1,0,0
1,0,0
1,0,0
1,0,0
1,0,0
1,0,0
1,0,0
1,0,0
1,0,0
1,0,0
1,0,0
1,0,0
1,0,0
1,0,0
1,0,0
1,0,0
1,0,0
1,1,0
1,0,0
1,0,0
1,0,0
1,0,0
1,0,0
1,0,0
1,0,0
1,0,0
1,0,0
1,0,0
1,0,0
1,0,0
1,0,0
1,0,0
1,0,0
1,0,0
1,0,0
1,0,0
1,0,0
1,0,0
Total DB Queries This Round: 2419
Total time spent this round in seconds: 64.705885887146
PERCENT IN TABLE OF 100: 2%
2,0,0
2,0,0
2,0,0
2,0,0
2,0,0
2,0,0
2,0,0
2,0,0
2,0,0
2,0,0
2,0,0
2,0,0
2,0,0
2,0,0
2,0,0
2,0,0
2,0,0
2,0,0
2,0,0
2,0,0
2,0,0
2,0,0
2,0,0
2,0,0
2,0,0
2,0,0
2,0,0
2,0,0
2,0,0
2,1,1
2,0,0
2,0,0
2,0,0
2,0,0
2,0,0
2,0,0
2,0,0
2,0,0
2,0,0
2,0,0
2,0,0
2,0,0
2,0,0
2,0,0
2,0,0
2,0,0
2,0,0
2,0,0
2,0,0
2,0,0
2,0,0
2,0,0
2,0,0
2,0,0
2,0,0
2,0,0
2,0,0
2,0,0
2,0,0
2,0,0
2,0,0
2,0,0
2,0,0
2,0,0
2,0,0
2,0,0
2,0,0
2,0,0
2,0,0
2,0,0
2,0,0
2,0,0
2,0,0
2,0,0
2,0,0
2,0,0
2,0,0
2,0,0
2,0,0
2,0,0
2,0,0
2,0,0
2,0,0
2,0,0
2,0,0
2,0,0
2,0,0
2,0,0
2,0,0
2,0,0
2,0,0
2,0,0
2,0,0
2,0,0
2,1,1
2,0,0
2,0,0
2,0,0
2,0,0
2,0,0
Total DB Queries This Round: 3813
Total time spent this round in seconds: 111.99500942230225
2,0,0
2,0,0
2,0,0
2,0,0
2,1,1
2,0,0
2,0,0
2,0,0
2,0,0
2,0,0
2,0,0
2,1,1
2,0,0
2,0,0
2,0,0
2,0,0
2,0,0
2,0,0
2,0,0
2,0,0
2,0,0
2,0,0
2,0,0
2,0,0
2,0,0
2,0,0
2,0,0
2,0,0
2,0,0
2,0,0
2,0,0
2,0,0
2,0,0
2,0,0
2,0,0
2,0,0
2,0,0
2,0,0
2,0,0
2,0,0
2,0,0
2,0,0
2,0,0
2,0,0
2,0,0
2,0,0
2,0,0
2,0,0
2,0,0
2,0,0
2,0,0
2,0,0
2,0,0
2,0,0
2,0,0
2,0,0
2,0,0
2,0,0
2,0,0
2,0,0
2,0,0
2,0,0
2,0,0
2,0,0
2,0,0
2,0,0
2,0,0
2,0,0
2,0,0
2,0,0
2,0,0
2,0,0
2,0,0
2,0,0
2,0,0
2,0,0
2,0,0
2,0,0
2,0,0
2,0,0
2,0,0
2,0,0
2,0,0
2,0,0
2,0,0
2,0,0
2,0,0
2,0,0
2,0,0
2,0,0
2,0,0
2,0,0
2,0,0
2,0,0
2,0,0
2,0,0
2,0,0
2,0,0
2,0,0
2,0,0
Total DB Queries This Round: 3907
Total time spent this round in seconds: 116.3496150970459
2,0,0
2,1,1
2,0,0
2,0,0
2,0,0
2,0,0
2,0,0
2,0,0
2,0,0
2,0,0
2,0,0
2,0,0
2,0,0
2,0,0
2,0,0
2,0,0
2,0,0
2,0,0
2,0,0
2,0,0
2,0,0
2,0,0
2,0,0
2,0,0
2,0,0
2,0,0
2,0,0
2,0,0
2,0,0
2,0,0
2,0,0
2,0,0
2,0,0
2,0,0
2,0,0
2,0,0
2,0,0
2,0,0
2,0,0
2,0,0
2,0,0
2,0,0
2,0,0
2,0,0
2,0,0
2,0,0
2,0,0
2,0,0
2,0,0
2,0,0
2,0,0
2,0,0
2,0,0
2,0,1
2,0,0
2,0,0
2,0,1
2,0,0
2,0,0
2,0,0
2,0,0
2,0,0
2,0,0
2,0,0
2,0,0
2,0,0
2,0,0
2,0,0
2,0,1
2,0,0
2,0,0
2,0,0
2,0,0
2,0,0
2,0,0
2,0,0
2,0,0
2,0,0
2,0,0
2,0,0
2,0,0
2,0,0
2,0,0
2,0,0
2,0,0
2,0,0
2,0,0
2,0,0
2,0,0
2,1,1
2,0,0
2,0,0
2,0,0
2,0,0
2,0,0
2,0,0
2,0,0
2,0,0
2,0,0
2,0,0
Total DB Queries This Round: 6068
Total time spent this round in seconds: 184.8522596359253
2,0,0
2,0,0
2,0,0
2,0,0
2,0,0
2,0,0
2,0,0
2,0,0
2,0,0
2,0,0
2,0,0
2,0,0
2,0,0
2,0,0
2,0,0
2,0,0
2,0,0
2,0,0
2,0,0
2,0,0
2,0,0
2,0,1
2,0,0
2,0,0
2,0,0
2,0,0
2,0,1
2,0,0
2,0,0
2,0,0
2,0,0
2,0,0
2,0,0
2,0,0
2,0,0
2,1,1
2,0,0
2,0,0
2,0,0
2,1,1
2,0,0
2,0,0
2,0,0
2,0,0
2,0,0
2,0,0
2,0,0
2,0,0
2,0,0
2,0,0
2,0,0
2,0,0
2,0,0
2,0,0
2,0,0
2,0,0
2,0,0
2,0,0
2,0,0
2,0,0
2,0,0
2,0,0
2,0,0
2,0,0
2,0,0
2,0,0
2,0,0
2,0,0
2,0,0
2,0,0
2,0,0
2,0,0
2,0,0
2,0,0
2,0,0
2,0,0
2,0,0
2,0,0
2,0,0
2,0,1
2,0,0
2,0,0
2,0,0
2,0,0
2,0,0
2,0,0
2,0,0
2,0,0
2,0,0
2,0,0
2,0,0
2,0,0
2,0,0
2,0,0
2,0,0
2,0,0
2,0,0
2,0,0
2,0,0
2,0,0
Total DB Queries This Round: 5503
Total time spent this round in seconds: 167.90655279159546
2,0,0
2,0,0
2,0,0
2,0,0
2,0,0
2,0,0
2,0,0
2,0,0
2,0,0
2,0,0
2,0,0
2,0,0
2,0,0
2,0,0
2,0,0
2,0,0
2,0,0
2,0,0
2,0,0
2,0,0
2,0,0
2,0,0
2,0,0
2,0,0
2,0,0
2,0,0
2,0,0
2,0,0
2,0,0
2,0,0
2,0,0
2,0,0
2,0,0
2,1,1
2,0,0
2,0,0
2,0,0
2,0,0
2,0,0
2,0,0
2,0,0
2,0,0
2,0,0
2,0,0
2,0,0
2,0,0
2,0,0
2,0,0
2,0,0
2,0,0
2,0,0
2,0,0
2,1,1
2,0,0
2,0,0
2,0,0
2,0,0
2,0,0
2,0,0
2,0,0
2,0,0
2,0,0
2,0,0
2,0,0
2,0,0
2,0,0
2,0,0
2,0,0
2,0,0
2,0,0
2,0,0
2,0,0
2,0,0
2,0,0
2,0,0
2,0,0
2,0,0
2,0,0
2,0,0
2,0,0
2,0,0
2,0,0
2,0,0
2,0,0
2,0,0
2,0,0
2,0,0
2,0,0
2,0,0
2,0,0
2,0,0
2,0,0
2,0,0
2,0,0
2,0,0
2,0,0
2,0,0
2,0,0
2,0,0
2,0,0
Total DB Queries This Round: 4515
Total time spent this round in seconds: 134.970055103302
2,0,0
2,0,0
2,0,0
2,0,0
2,0,0
2,0,0
2,0,0
2,0,0
2,0,0
2,0,0
2,0,0
2,0,0
2,0,0
2,0,0
2,0,0
2,0,0
2,0,0
2,0,0
2,0,0
2,0,0
2,0,0
2,0,0
2,0,0
2,0,0
2,0,0
2,0,0
2,0,0
2,0,0
2,0,0
2,0,0
2,0,0
2,0,0
2,0,0
2,0,0
2,0,0
2,0,0
2,0,0
2,0,0
2,0,0
2,1,1
2,0,0
2,0,0
2,0,0
2,0,0
2,0,0
2,0,0
2,0,0
2,0,0
2,0,0
2,0,0
2,0,0
2,0,0
2,0,0
2,0,0
2,0,0
2,0,0
2,0,0
2,0,0
2,0,0
2,0,0
2,0,0
2,0,0
2,0,0
2,0,0
2,0,0
2,0,0
2,0,0
2,0,0
2,0,0
2,0,0
2,0,0
2,0,0
2,0,0
2,0,0
2,0,0
2,1,1
2,0,0
2,0,0
2,0,0
2,0,0
2,0,1
2,0,0
2,0,0
2,0,0
2,0,0
2,0,0
2,0,0
2,0,0
2,0,0
2,0,0
2,0,0
2,0,0
2,0,0
2,0,0
2,0,0
2,0,0
2,0,0
2,0,0
2,0,0
2,0,0
Total DB Queries This Round: 4501
Total time spent this round in seconds: 134.60281419754028
2,0,0
2,0,0
2,0,0
2,0,0
2,0,0
2,0,0
2,0,0
2,0,0
2,0,0
2,0,0
2,0,0
2,0,0
2,0,0
2,0,0
2,0,0
2,0,0
2,0,0
2,0,0
2,1,1
2,0,0
2,0,0
2,0,0
2,0,0
2,0,0
2,0,0
2,0,0
2,0,0
2,0,0
2,0,0
2,0,0
2,0,0
2,0,0
2,0,0
2,0,0
2,0,0
2,0,0
2,0,0
2,0,0
2,0,0
2,0,0
2,0,0
2,0,0
2,0,0
2,0,0
2,0,0
2,0,0
2,0,0
2,0,0
2,0,0
2,0,0
2,0,0
2,0,0
2,0,0
2,0,0
2,0,0
2,0,0
2,0,0
2,0,0
2,0,0
2,0,0
2,0,0
2,0,0
2,0,0
2,0,0
2,0,0
2,0,0
2,0,0
2,0,0
2,0,0
2,0,0
2,0,0
2,0,0
2,0,0
2,0,0
2,0,0
2,0,0
2,0,0
2,0,0
2,0,0
2,0,0
2,0,0
2,0,0
2,0,0
2,1,1
2,0,0
2,0,0
2,0,0
2,0,0
2,0,0
2,0,0
2,0,0
2,0,0
2,0,0
2,0,0
2,0,0
2,0,0
2,0,0
2,0,0
2,0,0
2,0,0
Total DB Queries This Round: 4196
Total time spent this round in seconds: 99.90909886360168
2,0,0
2,0,0
2,0,0
2,0,0
2,0,0
2,0,0
2,0,0
2,0,0
2,0,0
2,0,0
2,0,0
2,0,0
2,0,0
2,0,0
2,0,0
2,0,0
2,0,0
2,0,0
2,0,0
2,0,0
2,0,0
2,0,0
2,0,0
2,0,0
2,0,0
2,0,0
2,0,0
2,1,1
2,0,0
2,0,0
2,0,0
2,0,0
2,0,0
2,0,0
2,0,0
2,0,0
2,0,0
2,0,0
2,0,0
2,0,0
2,0,0
2,0,0
2,0,0
2,0,0
2,0,0
2,0,0
2,0,0
2,0,0
2,0,0
2,0,0
2,0,0
2,0,0
2,0,0
2,0,0
2,0,0
2,0,0
2,0,0
2,0,0
2,0,0
2,0,0
2,0,0
2,0,0
2,0,0
2,0,0
2,0,0
2,0,0
2,0,0
2,1,1
2,0,0
2,0,0
2,0,0
2,0,0
2,0,0
2,0,0
2,0,0
2,0,0
2,0,0
2,0,0
2,0,0
2,0,0
2,0,0
2,0,0
2,0,0
2,0,0
2,0,0
2,0,0
2,0,0
2,0,0
2,0,0
2,0,0
2,0,0
2,0,0
2,0,0
2,0,0
2,0,0
2,0,0
2,0,0
2,0,0
2,0,0
2,0,0
Total DB Queries This Round: 4235
Total time spent this round in seconds: 104.4588098526001
2,0,0
2,0,0
2,0,0
2,0,0
2,0,0
2,0,0
2,0,0
2,0,0
2,0,0
2,0,0
2,0,0
2,0,0
2,0,0
2,0,0
2,0,0
2,0,0
2,0,0
2,0,0
2,0,0
2,0,0
2,0,0
2,1,1
2,0,0
2,0,0
2,0,0
2,0,0
2,0,0
2,0,0
2,0,0
2,0,0
2,0,0
2,0,0
2,0,0
2,0,0
2,0,0
2,0,0
2,0,0
2,0,0
2,0,0
2,0,0
2,0,0
2,0,0
2,0,0
2,0,0
2,0,0
2,0,0
2,0,0
2,0,0
2,0,0
2,0,0
2,0,0
2,0,0
2,0,0
2,0,0
2,0,0
2,0,0
2,0,0
2,0,0
2,0,0
2,0,0
2,0,0
2,0,0
2,0,0
2,1,0
2,0,0
2,0,0
2,0,0
2,0,0
2,0,0
2,0,0
2,0,0
2,0,0
2,0,0
2,0,0
2,0,0
2,0,0
2,0,0
2,0,0
2,0,0
2,0,0
2,0,0
2,0,0
2,0,0
2,0,0
2,0,0
2,0,0
2,0,0
2,0,0
2,0,0
2,0,0
2,0,0
2,0,0
2,0,0
2,0,0
2,0,0
2,0,0
2,0,0
2,0,0
2,0,0
2,0,0
Total DB Queries This Round: 3952
Total time spent this round in seconds: 118.24525833129883
2,0,0
2,0,0
2,0,0
2,0,1
2,0,0
2,0,0
2,0,0
2,0,0
2,0,0
2,0,0
2,0,1
2,0,0
2,0,0
2,0,0
2,1,1
2,0,0
2,0,0
2,0,0
2,0,0
2,0,0
2,0,0
2,0,0
2,0,0
2,0,0
2,0,0
2,0,0
2,0,0
2,0,0
2,0,0
2,0,0
2,0,0
2,0,0
2,0,0
2,0,0
2,0,0
2,0,0
2,0,0
2,0,0
2,0,0
2,0,0
2,0,0
2,0,0
2,1,1
2,0,0
2,0,0
2,0,0
2,0,0
2,0,0
2,0,0
2,0,0
2,0,0
2,0,0
2,0,0
2,0,0
2,0,0
2,0,0
2,0,0
2,0,0
2,0,0
2,0,0
2,0,0
2,0,0
2,0,1
2,0,0
2,0,0
2,0,0
2,0,1
2,0,0
2,0,0
2,0,0
2,0,0
2,0,0
2,0,0
2,0,0
2,0,0
2,0,0
2,0,0
2,0,0
2,0,0
2,0,0
2,0,0
2,0,0
2,0,0
2,0,0
2,0,0
2,0,0
2,0,0
2,0,0
2,0,0
2,0,0
2,0,0
2,0,0
2,0,0
2,0,0
2,0,0
2,0,0
2,0,0
2,0,0
2,0,0
2,0,0
Total DB Queries This Round: 4992
Total time spent this round in seconds: 150.82358121871948
PERCENT IN TABLE OF 100: 3%
3,0,0
3,0,0
3,0,0
3,0,0
3,0,0
3,0,0
3,1,1
3,0,0
3,0,0
3,0,0
3,0,0
3,0,0
3,0,0
3,0,0
3,0,1
3,0,1
3,0,0
3,0,0
3,1,1
3,0,0
3,0,0
3,0,0
3,0,0
3,0,0
3,0,0
3,0,0
3,0,0
3,0,0
3,0,0
3,0,0
3,0,0
3,0,0
3,0,0
3,0,0
3,0,0
3,0,0
3,0,0
3,0,0
3,0,0
3,0,0
3,0,0
3,0,0
3,0,0
3,0,0
3,0,0
3,0,0
3,0,0
3,0,0
3,0,0
3,0,0
3,0,0
3,0,0
3,0,0
3,0,0
3,0,0
3,0,0
3,0,0
3,0,0
3,0,0
3,0,0
3,0,0
3,0,0
3,0,0
3,0,0
3,0,0
3,0,0
3,0,0
3,0,0
3,0,0
3,0,0
3,0,0
3,0,0
3,0,0
3,0,0
3,0,0
3,0,0
3,0,0
3,0,0
3,0,0
3,0,0
3,0,0
3,1,1
3,0,0
3,0,0
3,0,0
3,0,0
3,0,0
3,0,0
3,0,0
3,0,0
3,0,0
3,0,0
3,0,0
3,0,0
3,0,0
3,0,0
3,0,0
3,0,0
3,0,0
3,0,0
Total DB Queries This Round: 8144
Total time spent this round in seconds: 247.98062539100647
3,0,0
3,0,0
3,0,0
3,0,0
3,0,0
3,0,0
3,0,0
3,1,1
3,0,0
3,0,0
3,1,1
3,0,1
3,0,0
3,0,0
3,0,0
3,0,0
3,0,0
3,0,0
3,0,0
3,0,0
3,0,0
3,0,0
3,1,1
3,0,0
3,0,0
3,0,0
3,0,0
3,0,0
3,0,0
3,0,0
3,0,0
3,0,0
3,0,0
3,0,0
3,0,0
3,0,0
3,0,0
3,0,0
3,0,0
3,0,0
3,0,0
3,0,0
3,0,0
3,0,0
3,0,0
3,0,0
3,0,0
3,0,0
3,0,0
3,0,0
3,0,0
3,0,0
3,0,0
3,0,0
3,0,0
3,0,0
3,0,0
3,0,0
3,0,0
3,0,0
3,0,0
3,0,0
3,0,0
3,0,0
3,0,0
3,0,0
3,0,0
3,0,0
3,0,0
3,0,0
3,0,0
3,0,0
3,0,0
3,0,0
3,0,0
3,0,0
3,0,0
3,0,0
3,0,0
3,0,0
3,0,0
3,0,0
3,0,0
3,0,0
3,0,0
3,0,0
3,0,0
3,0,0
3,0,0
3,0,0
3,0,0
3,0,0
3,0,0
3,0,0
3,0,0
3,0,0
3,0,0
3,0,0
3,0,0
3,0,0
Total DB Queries This Round: 5792
Total time spent this round in seconds: 178.20344829559326
3,0,0
3,0,0
3,0,0
3,0,0
3,0,0
3,0,0
3,0,0
3,0,0
3,0,0
3,0,0
3,0,0
3,0,0
3,0,0
3,0,0
3,0,0
3,0,0
3,0,0
3,0,0
3,0,0
3,0,0
3,0,0
3,0,0
3,0,0
3,0,0
3,0,0
3,0,0
3,0,0
3,0,0
3,0,0
3,0,0
3,0,0
3,0,0
3,0,0
3,0,1
3,0,0
3,0,0
3,0,0
3,0,0
3,0,0
3,0,0
3,0,0
3,0,0
3,0,0
3,0,1
3,0,0
3,0,0
3,0,0
3,0,0
3,0,0
3,0,0
3,0,0
3,0,0
3,0,0
3,0,0
3,0,0
3,0,0
3,0,0
3,0,0
3,0,0
3,0,0
3,0,0
3,0,0
3,0,0
3,0,0
3,0,0
3,0,0
3,1,1
3,0,0
3,0,0
3,0,0
3,1,1
3,0,0
3,0,0
3,0,0
3,0,0
3,0,0
3,0,0
3,0,0
3,1,1
3,0,1
3,0,0
3,0,0
3,0,0
3,0,0
3,0,0
3,0,0
3,0,0
3,0,0
3,0,0
3,0,0
3,0,0
3,0,0
3,0,0
3,0,0
3,0,0
3,0,0
3,0,0
3,0,0
3,0,0
3,0,0
Total DB Queries This Round: 7157
Total time spent this round in seconds: 222.7648253440857
3,0,0
3,0,0
3,0,0
3,0,1
3,0,0
3,0,0
3,0,0
3,0,0
3,0,0
3,0,0
3,0,0
3,0,0
3,1,1
3,0,0
3,0,0
3,0,0
3,0,0
3,0,0
3,0,0
3,0,1
3,0,0
3,0,0
3,0,0
3,0,0
3,0,0
3,0,0
3,0,0
3,0,0
3,0,0
3,0,0
3,0,0
3,0,0
3,0,0
3,0,1
3,0,0
3,0,0
3,0,0
3,0,0
3,0,0
3,0,0
3,0,0
3,0,0
3,0,0
3,0,0
3,0,0
3,0,0
3,0,0
3,0,0
3,0,0
3,0,0
3,0,0
3,0,0
3,0,0
3,0,0
3,0,1
3,0,0
3,0,0
3,0,0
3,0,0
3,0,0
3,0,0
3,0,0
3,0,0
3,0,0
3,0,0
3,0,0
3,0,0
3,0,0
3,0,0
3,0,0
3,0,0
3,0,0
3,0,0
3,0,0
3,0,0
3,0,0
3,0,0
3,0,0
3,0,0
3,0,0
3,0,0
3,0,0
3,0,0
3,0,0
3,0,0
3,0,0
3,1,1
3,0,0
3,0,0
3,0,0
3,0,0
3,0,0
3,0,0
3,0,0
3,0,0
3,0,0
3,0,0
3,1,1
3,0,0
3,0,1
Total DB Queries This Round: 11694
Total time spent this round in seconds: 366.70027208328247
3,0,0
3,0,0
3,0,0
3,0,0
3,0,0
3,0,0
3,0,0
3,0,0
3,0,0
3,0,0
3,0,0
3,0,0
3,0,0
3,0,0
3,0,0
3,0,0
3,0,0
3,0,0
3,0,0
3,0,0
3,0,0
3,1,1
3,0,0
3,0,0
3,0,0
3,0,0
3,1,1
3,0,0
3,0,0
3,0,0
3,0,0
3,0,0
3,0,0
3,0,0
3,0,0
3,0,0
3,0,0
3,0,0
3,1,1
3,0,0
3,0,0
3,0,0
3,0,0
3,0,0
3,0,0
3,0,0
3,0,0
3,0,0
3,0,0
3,0,0
3,0,0
3,0,0
3,0,0
3,0,0
3,0,0
3,0,0
3,0,0
3,0,0
3,0,0
3,0,0
3,0,0
3,0,0
3,0,0
3,0,0
3,0,0
3,0,0
3,0,0
3,0,0
3,0,0
3,0,0
3,0,0
3,0,0
3,0,0
3,0,0
3,0,0
3,0,0
3,0,0
3,0,0
3,0,0
3,0,0
3,0,0
3,0,0
3,0,0
3,0,0
3,0,0
3,0,0
3,0,0
3,0,0
3,0,0
3,0,0
3,0,0
3,0,0
3,0,0
3,0,0
3,0,0
3,0,0
3,0,0
3,0,0
3,0,0
3,0,0
Total DB Queries This Round: 7279
Total time spent this round in seconds: 227.88559484481812
3,0,0
3,0,0
3,0,0
3,0,0
3,0,0
3,0,0
3,0,0
3,0,0
3,0,0
3,0,0
3,0,0
3,0,0
3,0,0
3,0,0
3,0,0
3,0,0
3,0,0
3,0,0
3,0,0
3,0,0
3,0,0
3,0,0
3,0,0
3,0,0
3,0,0
3,0,0
3,0,0
3,0,0
3,0,0
3,0,0
3,0,0
3,0,0
3,0,0
3,0,0
3,0,0
3,0,0
3,0,0
3,0,0
3,0,0
3,0,0
3,0,0
3,0,0
3,0,0
3,1,1
3,0,0
3,0,0
3,0,0
3,0,0
3,0,0
3,0,0
3,0,0
3,0,0
3,0,0
3,1,1
3,0,0
3,0,0
3,0,0
3,0,0
3,0,0
3,0,0
3,0,0
3,0,0
3,0,0
3,0,0
3,0,0
3,0,0
3,0,0
3,0,0
3,0,0
3,0,0
3,0,0
3,0,0
3,0,0
3,0,0
3,1,1
3,0,0
3,0,0
3,0,0
3,0,0
3,0,0
3,0,0
3,0,0
3,0,0
3,0,0
3,0,0
3,0,0
3,0,0
3,0,0
3,0,0
3,0,0
3,0,0
3,0,0
3,0,0
3,0,0
3,0,0
3,0,0
3,0,0
3,0,0
3,0,0
3,0,0
Total DB Queries This Round: 7066
Total time spent this round in seconds: 179.6225073337555
3,0,0
3,0,0
3,0,0
3,0,0
3,0,0
3,0,0
3,0,0
3,0,0
3,0,0
3,0,0
3,0,0
3,0,0
3,0,0
3,0,0
3,0,0
3,0,0
3,0,0
3,0,0
3,0,0
3,0,0
3,0,0
3,0,0
3,0,0
3,0,0
3,0,0
3,0,0
3,0,0
3,0,0
3,0,0
3,0,0
3,1,0
3,0,0
3,0,0
3,1,0
3,0,0
3,0,0
3,0,0
3,0,0
3,0,0
3,0,0
3,0,0
3,0,0
3,0,0
3,0,0
3,0,0
3,0,0
3,0,0
3,0,0
3,1,1
3,0,0
3,0,0
3,0,0
3,0,0
3,0,0
3,0,0
3,0,0
3,0,0
3,0,0
3,0,0
3,0,0
3,0,0
3,0,0
3,0,0
3,0,0
3,0,0
3,0,0
3,0,0
3,0,0
3,0,0
3,0,0
3,0,0
3,0,0
3,0,0
3,0,0
3,0,0
3,0,0
3,0,0
3,0,0
3,0,0
3,0,0
3,0,0
3,0,0
3,0,0
3,0,0
3,0,0
3,0,0
3,0,0
3,0,0
3,0,0
3,0,0
3,0,0
3,0,0
3,0,0
3,0,0
3,0,0
3,0,0
3,0,0
3,0,0
3,0,0
3,0,0
Total DB Queries This Round: 5654
Total time spent this round in seconds: 139.22403144836426
3,0,0
3,0,0
3,0,0
3,0,0
3,0,0
3,0,0
3,0,0
3,0,0
3,0,0
3,0,0
3,0,0
3,0,0
3,0,0
3,0,0
3,0,0
3,0,0
3,0,0
3,0,0
3,0,0
3,0,0
3,0,0
3,0,0
3,0,0
3,0,0
3,0,0
3,0,0
3,0,0
3,0,0
3,0,0
3,0,0
3,0,0
3,0,0
3,0,0
3,0,0
3,0,0
3,0,0
3,0,1
3,0,0
3,0,0
3,0,0
3,0,0
3,0,0
3,0,0
3,0,0
3,0,0
3,0,0
3,0,0
3,0,0
3,0,0
3,0,0
3,0,0
3,0,0
3,0,0
3,0,0
3,0,0
3,1,1
3,0,0
3,0,0
3,0,0
3,0,0
3,0,0
3,0,0
3,0,0
3,0,0
3,0,0
3,0,0
3,0,0
3,0,0
3,0,0
3,0,0
3,0,0
3,0,0
3,0,0
3,0,0
3,0,0
3,0,0
3,0,0
3,0,0
3,0,0
3,0,0
3,0,0
3,0,0
3,0,0
3,0,0
3,0,0
3,1,1
3,0,0
3,0,0
3,0,0
3,0,0
3,0,0
3,0,0
3,1,1
3,0,0
3,0,0
3,0,0
3,0,0
3,0,0
3,0,0
3,0,0
Total DB Queries This Round: 9330
Total time spent this round in seconds: 283.57287073135376
3,0,0
3,0,0
3,0,0
3,0,0
3,0,0
3,0,0
3,0,0
3,0,0
3,0,0
3,0,0
3,0,0
3,0,0
3,0,0
3,1,0
3,0,0
3,0,0
3,0,0
3,0,0
3,0,0
3,0,0
3,0,0
3,0,0
3,0,0
3,0,0
3,0,0
3,0,0
3,0,0
3,0,0
3,0,0
3,0,0
3,0,0
3,0,0
3,0,0
3,0,0
3,0,0
3,0,0
3,0,0
3,0,0
3,0,0
3,0,0
3,0,0
3,0,1
3,0,0
3,0,0
3,0,0
3,0,0
3,0,0
3,0,0
3,0,0
3,0,0
3,0,0
3,0,0
3,0,0
3,0,0
3,0,0
3,0,0
3,0,0
3,0,0
3,0,0
3,0,0
3,0,0
3,0,0
3,0,0
3,0,0
3,0,0
3,0,0
3,0,0
3,0,0
3,0,0
3,0,0
3,0,0
3,0,0
3,0,0
3,0,0
3,0,0
3,0,0
3,0,0
3,0,0
3,0,0
3,0,0
3,0,0
3,0,0
3,0,0
3,0,0
3,0,0
3,0,0
3,0,0
3,0,0
3,1,1
3,0,0
3,0,0
3,0,0
3,0,0
3,0,0
3,0,0
3,0,0
3,0,0
3,0,0
3,0,0
3,1,1
Total DB Queries This Round: 6424
Total time spent this round in seconds: 197.67305779457092
3,0,0
3,0,0
3,0,0
3,0,0
3,0,0
3,0,0
3,0,0
3,0,0
3,0,0
3,0,0
3,0,0
3,0,0
3,0,0
3,0,0
3,0,0
3,0,0
3,0,0
3,0,0
3,0,0
3,0,0
3,0,0
3,0,1
3,0,0
3,0,0
3,0,0
3,0,0
3,0,0
3,0,0
3,0,0
3,0,0
3,0,0
3,0,0
3,0,0
3,0,0
3,0,0
3,0,0
3,0,0
3,0,0
3,0,0
3,0,0
3,0,0
3,0,0
3,0,0
3,0,0
3,0,0
3,0,0
3,0,0
3,0,0
3,0,0
3,0,0
3,0,0
3,0,0
3,0,0
3,0,0
3,0,0
3,0,0
3,0,0
3,1,1
3,0,0
3,0,0
3,0,0
3,0,0
3,0,0
3,0,0
3,0,0
3,0,0
3,0,0
3,0,0
3,0,0
3,0,0
3,0,0
3,0,0
3,0,0
3,1,1
3,0,0
3,0,0
3,0,0
3,0,0
3,0,0
3,0,0
3,0,0
3,0,0
3,0,0
3,0,0
3,0,0
3,0,0
3,0,1
3,0,0
3,0,0
3,0,0
3,0,0
3,0,0
3,0,0
3,1,1
3,0,0
3,0,0
3,0,0
3,0,0
3,0,0
3,0,0
Total DB Queries This Round: 8235
Total time spent this round in seconds: 265.1902046203613
PERCENT IN TABLE OF 100: 4%
4,0,0
4,0,0
4,0,0
4,0,0
4,0,0
4,0,0
4,0,0
4,0,0
4,0,0
4,0,0
4,0,0
4,0,0
4,0,0
4,0,0
4,0,0
4,0,0
4,0,0
4,0,0
4,0,0
4,0,0
4,0,0
4,0,0
4,0,0
4,0,0
4,0,0
4,0,0
4,0,0
4,0,0
4,0,0
4,0,0
4,0,0
4,0,0
4,0,0
4,0,0
4,0,0
4,0,0
4,0,0
4,0,0
4,0,0
4,0,0
4,0,0
4,0,0
4,0,0
4,0,0
4,0,0
4,0,0
4,0,0
4,0,0
4,0,0
4,0,0
4,0,0
4,0,0
4,0,0
4,0,0
4,0,0
4,0,0
4,0,0
4,0,0
4,0,0
4,0,0
4,0,0
4,0,0
4,0,0
4,0,0
4,0,0
4,0,0
4,0,0
4,0,0
4,0,0
4,0,0
4,0,0
4,0,0
4,1,1
4,0,0
4,1,1
4,0,0
4,0,0
4,0,0
4,0,0
4,0,0
4,0,0
4,0,0
4,0,0
4,0,0
4,0,0
4,0,0
4,1,0
4,0,0
4,0,0
4,0,0
4,0,0
4,0,0
4,0,0
4,0,0
4,0,0
4,0,0
4,1,0
4,0,0
4,0,0
4,0,0
Total DB Queries This Round: 10830
Total time spent this round in seconds: 323.035361289978
4,0,0
4,0,0
4,0,0
4,0,0
4,0,0
4,0,0
4,0,0
4,0,0
4,0,0
4,0,0
4,0,0
4,0,0
4,0,0
4,0,0
4,0,0
4,0,0
4,0,0
4,0,0
4,0,0
4,0,0
4,0,0
4,0,0
4,0,0
4,0,0
4,0,0
4,0,0
4,0,0
4,0,0
4,0,0
4,0,0
4,0,0
4,0,0
4,0,0
4,0,0
4,0,0
4,0,0
4,0,0
4,0,0
4,0,0
4,0,0
4,1,1
4,0,0
4,0,0
4,0,0
4,0,0
4,0,0
4,0,0
4,1,0
4,0,0
4,0,0
4,0,0
4,0,0
4,0,0
4,0,0
4,0,0
4,0,0
4,0,0
4,0,0
4,0,0
4,0,0
4,0,0
4,0,0
4,0,0
4,0,0
4,0,0
4,0,0
4,0,0
4,0,0
4,0,0
4,0,0
4,0,0
4,0,0
4,0,0
4,0,0
4,0,0
4,0,0
4,0,0
4,0,0
4,0,0
4,0,0
4,0,0
4,0,0
4,1,1
4,0,0
4,0,0
4,0,0
4,0,0
4,0,0
4,0,0
4,0,0
4,0,0
4,1,1
4,0,0
4,0,0
4,0,0
4,0,0
4,0,0
4,0,0
4,0,0
4,0,0
Total DB Queries This Round: 9128
Total time spent this round in seconds: 289.94938683509827
4,0,0
4,0,0
4,0,0
4,0,0
4,0,0
4,0,0
4,0,0
4,0,0
4,0,0
4,0,0
4,0,0
4,0,0
4,0,0
4,0,0
4,0,0
4,0,0
4,0,0
4,0,0
4,0,0
4,0,0
4,0,0
4,0,0
4,0,0
4,0,0
4,0,0
4,0,0
4,0,0
4,0,0
4,0,0
4,0,0
4,0,0
4,0,0
4,0,0
4,0,0
4,0,0
4,0,0
4,0,0
4,0,0
4,0,0
4,0,0
4,0,0
4,0,0
4,0,0
4,0,0
4,0,0
4,0,0
4,1,1
4,0,0
4,0,0
4,0,0
4,0,0
4,0,0
4,0,0
4,0,0
4,0,0
4,0,0
4,0,0
4,0,0
4,0,0
4,1,1
4,0,0
4,0,0
4,1,1
4,0,0
4,0,0
4,0,0
4,1,1
4,0,0
4,0,0
4,0,0
4,0,0
4,0,0
4,0,0
4,0,0
4,0,0
4,0,0
4,0,0
4,0,0
4,0,0
4,0,0
4,0,0
4,0,0
4,0,0
4,0,0
4,0,0
4,0,0
4,0,0
4,0,0
4,0,0
4,0,0
4,0,0
4,0,0
4,0,0
4,0,0
4,0,0
4,0,0
4,0,0
4,0,0
4,0,0
4,0,0
Total DB Queries This Round: 10199
Total time spent this round in seconds: 318.3509519100189
4,0,0
4,0,0
4,0,0
4,0,0
4,0,0
4,0,0
4,0,0
4,0,0
4,0,0
4,0,0
4,0,0
4,0,0
4,0,0
4,0,0
4,0,0
4,0,0
4,0,0
4,0,0
4,0,0
4,0,0
4,0,0
4,0,0
4,0,0
4,0,0
4,0,0
4,0,0
4,0,0
4,0,0
4,0,0
4,0,0
4,1,1
4,0,0
4,0,0
4,0,0
4,0,0
4,0,0
4,0,0
4,0,0
4,1,1
4,0,0
4,0,0
4,0,0
4,0,0
4,0,0
4,0,0
4,0,0
4,0,0
4,0,0
4,0,0
4,0,0
4,0,0
4,0,0
4,0,0
4,0,0
4,0,0
4,0,0
4,1,1
4,0,0
4,0,0
4,0,0
4,0,0
4,0,0
4,0,0
4,0,0
4,0,0
4,0,0
4,0,0
4,0,0
4,0,0
4,0,0
4,0,0
4,0,0
4,0,0
4,0,0
4,0,0
4,0,0
4,0,0
4,0,0
4,0,0
4,0,0
4,0,0
4,0,0
4,0,0
4,0,0
4,0,0
4,0,0
4,0,0
4,0,0
4,0,0
4,1,1
4,0,0
4,0,0
4,0,0
4,0,0
4,0,0
4,0,0
4,0,0
4,0,0
4,0,0
4,0,0
Total DB Queries This Round: 10157
Total time spent this round in seconds: 311.4250326156616
4,0,0
4,0,0
4,0,0
4,0,0
4,0,0
4,0,0
4,0,0
4,0,0
4,0,0
4,0,0
4,0,0
4,0,0
4,0,0
4,0,0
4,0,0
4,0,0
4,0,0
4,0,0
4,0,0
4,0,0
4,0,0
4,0,0
4,0,0
4,0,0
4,0,0
4,0,0
4,1,1
4,0,0
4,0,0
4,0,0
4,0,0
4,0,0
4,0,0
4,0,0
4,0,0
4,0,0
4,0,0
4,0,0
4,0,0
4,0,0
4,0,0
4,1,1
4,0,0
4,0,0
4,0,0
4,0,0
4,1,1
4,0,0
4,0,0
4,0,0
4,0,0
4,0,0
4,0,0
4,0,0
4,0,0
4,0,0
4,0,0
4,0,0
4,0,0
4,0,0
4,0,0
4,0,0
4,0,0
4,0,0
4,0,0
4,0,0
4,0,0
4,0,0
4,0,0
4,0,0
4,0,0
4,0,0
4,0,0
4,0,0
4,0,0
4,0,0
4,0,0
4,0,0
4,0,0
4,0,0
4,0,0
4,0,0
4,0,0
4,0,0
4,0,0
4,0,0
4,1,1
4,0,1
4,0,0
4,0,0
4,0,0
4,0,0
4,0,0
4,0,0
4,0,0
4,0,0
4,0,0
4,0,0
4,0,0
4,0,0
Total DB Queries This Round: 8320
Total time spent this round in seconds: 267.74428367614746
4,0,0
4,0,0
4,0,0
4,0,0
4,0,0
4,0,0
4,0,0
4,0,0
4,0,0
4,0,0
4,0,0
4,1,1
4,0,1
4,0,0
4,0,0
4,0,0
4,0,0
4,0,0
4,0,0
4,0,0
4,0,0
4,0,0
4,0,0
4,0,0
4,0,0
4,0,0
4,0,0
4,0,0
4,0,0
4,0,0
4,0,0
4,0,0
4,0,0
4,0,0
4,0,0
4,0,0
4,0,0
4,0,0
4,0,0
4,0,0
4,0,0
4,0,0
4,0,0
4,0,0
4,0,0
4,0,0
4,0,0
4,0,0
4,0,0
4,0,0
4,0,0
4,0,0
4,0,0
4,1,0
4,0,0
4,0,0
4,0,0
4,0,0
4,0,0
4,0,0
4,0,0
4,0,0
4,0,0
4,0,0
4,0,0
4,0,0
4,0,0
4,0,0
4,0,0
4,0,0
4,0,0
4,0,0
4,0,0
4,1,1
4,0,0
4,0,0
4,0,0
4,0,0
4,0,0
4,0,0
4,0,0
4,0,0
4,0,0
4,0,0
4,0,0
4,0,0
4,0,0
4,0,0
4,0,0
4,0,0
4,0,0
4,0,0
4,0,0
4,0,0
4,0,0
4,1,1
4,0,0
4,0,0
4,0,0
4,0,0
Total DB Queries This Round: 10305
Total time spent this round in seconds: 316.91126918792725
4,0,0
4,0,0
4,0,0
4,0,0
4,0,0
4,0,0
4,0,0
4,0,0
4,0,0
4,0,0
4,0,0
4,0,0
4,0,0
4,0,0
4,0,0
4,0,0
4,0,0
4,0,0
4,0,0
4,0,0
4,0,0
4,0,0
4,0,0
4,1,0
4,0,0
4,0,0
4,1,1
4,0,0
4,0,0
4,0,0
4,0,0
4,0,0
4,0,0
4,0,0
4,0,0
4,0,0
4,0,0
4,0,0
4,0,0
4,0,0
4,0,0
4,0,0
4,0,0
4,0,0
4,1,1
4,0,0
4,0,0
4,0,0
4,0,0
4,0,0
4,0,0
4,0,0
4,0,0
4,0,0
4,0,0
4,0,0
4,0,0
4,0,0
4,0,0
4,0,0
4,0,0
4,0,0
4,0,0
4,0,0
4,0,0
4,0,0
4,0,0
4,0,0
4,1,1
4,0,0
4,0,0
4,0,0
4,0,0
4,0,0
4,0,0
4,0,0
4,0,0
4,0,0
4,0,0
4,0,0
4,0,0
4,0,0
4,0,0
4,0,0
4,0,0
4,0,0
4,0,0
4,0,0
4,0,0
4,0,0
4,0,0
4,0,0
4,0,0
4,0,0
4,0,0
4,0,0
4,0,0
4,0,0
4,0,0
4,0,0
Total DB Queries This Round: 7893
Total time spent this round in seconds: 245.56086540222168
4,0,0
4,0,0
4,0,0
4,1,1
4,0,0
4,0,0
4,0,0
4,0,0
4,0,1
4,0,0
4,0,0
4,0,0
4,0,0
4,0,0
4,0,0
4,0,0
4,0,0
4,0,0
4,0,0
4,0,0
4,0,0
4,0,0
4,0,0
4,0,0
4,0,0
4,0,0
4,0,0
4,0,0
4,0,0
4,0,0
4,0,0
4,0,0
4,0,1
4,0,1
4,0,0
4,0,0
4,0,0
4,0,0
4,0,0
4,1,1
4,0,0
4,0,0
4,0,0
4,1,1
4,0,0
4,0,0
4,0,0
4,0,0
4,0,0
4,0,0
4,0,0
4,0,0
4,0,0
4,1,1
4,0,0
4,0,0
4,0,0
4,0,0
4,0,0
4,0,0
4,0,0
4,0,0
4,0,0
4,0,0
4,0,0
4,0,0
4,0,0
4,0,0
4,0,0
4,0,0
4,0,0
4,0,0
4,0,0
4,0,0
4,0,0
4,0,0
4,0,1
4,0,0
4,0,0
4,0,0
4,0,0
4,0,0
4,0,0
4,0,0
4,0,0
4,0,0
4,0,0
4,0,0
4,0,0
4,0,0
4,0,0
4,0,0
4,0,0
4,0,0
4,0,0
4,0,1
4,0,0
4,0,0
4,0,0
4,0,0
Total DB Queries This Round: 15872
Total time spent this round in seconds: 501.7451102733612
4,0,0
4,0,0
4,0,0
4,0,0
4,0,0
4,0,0
4,0,0
4,0,0
4,0,0
4,0,0
4,0,0
4,0,0
4,0,0
4,0,0
4,0,0
4,0,0
4,0,0
4,0,1
4,0,0
4,0,0
4,0,0
4,0,0
4,0,0
4,0,0
4,0,0
4,0,0
4,0,0
4,0,1
4,0,0
4,0,0
4,0,0
4,0,0
4,0,0
4,0,0
4,0,0
4,0,0
4,0,0
4,0,0
4,1,1
4,0,0
4,0,0
4,0,1
4,0,0
4,0,0
4,0,0
4,0,0
4,0,0
4,0,0
4,0,0
4,0,0
4,0,0
4,0,0
4,0,0
4,0,0
4,0,0
4,0,0
4,0,0
4,0,0
4,0,0
4,0,0
4,0,0
4,0,0
4,0,0
4,0,0
4,0,0
4,1,1
4,0,0
4,0,0
4,0,0
4,0,0
4,0,0
4,0,0
4,0,0
4,0,0
4,1,1
4,0,0
4,0,0
4,0,0
4,0,0
4,0,0
4,0,0
4,0,0
4,0,0
4,0,0
4,0,0
4,0,0
4,0,0
4,0,0
4,0,0
4,1,1
4,0,0
4,0,0
4,0,0
4,0,1
4,0,0
4,0,0
4,0,0
4,0,0
4,0,0
4,0,0
Total DB Queries This Round: 11236
Total time spent this round in seconds: 360.37350940704346
4,0,0
4,0,0
4,0,0
4,0,0
4,1,1
4,0,0
4,0,0
4,0,0
4,0,0
4,0,0
4,0,0
4,0,0
4,0,0
4,0,0
4,0,0
4,0,0
4,0,0
4,0,1
4,0,0
4,0,0
4,0,0
4,0,0
4,0,0
4,0,0
4,0,0
4,1,1
4,0,0
4,0,0
4,0,0
4,0,0
4,1,1
4,0,0
4,0,0
4,0,0
4,0,0
4,0,0
4,0,1
4,0,0
4,0,0
4,0,0
4,0,0
4,0,0
4,0,0
4,0,0
4,0,0
4,0,0
4,0,0
4,0,0
4,0,0
4,0,0
4,0,0
4,0,0
4,0,0
4,0,0
4,0,0
4,0,0
4,0,0
4,0,0
4,0,0
4,0,0
4,0,0
4,0,0
4,0,0
4,0,0
4,0,0
4,0,0
4,0,0
4,0,0
4,0,0
4,0,0
4,0,0
4,0,0
4,0,0
4,0,1
4,0,0
4,0,0
4,0,0
4,0,1
4,0,0
4,0,0
4,0,0
4,0,0
4,0,0
4,0,0
4,0,0
4,1,1
4,0,1
4,0,0
4,0,0
4,0,0
4,0,0
4,0,0
4,0,0
4,0,0
4,0,0
4,0,0
4,0,0
4,0,0
4,0,0
4,0,0
Total DB Queries This Round: 9633
Total time spent this round in seconds: 302.02783274650574
PERCENT IN TABLE OF 100: 5%
5,0,0
5,0,0
5,0,0
5,0,0
5,0,0
5,0,0
5,0,0
5,0,0
5,0,0
5,0,0
5,1,1
5,0,0
5,0,0
5,0,0
5,0,0
5,0,0
5,0,0
5,0,0
5,0,1
5,0,0
5,0,0
5,0,0
5,0,0
5,1,1
5,0,0
5,0,0
5,0,0
5,0,0
5,0,0
5,0,0
5,0,0
5,0,0
5,0,0
5,0,0
5,0,0
5,0,0
5,0,0
5,0,0
5,0,0
5,0,0
5,0,0
5,0,0
5,0,0
5,0,0
5,0,0
5,0,0
5,0,0
5,0,0
5,0,0
5,0,0
5,0,0
5,0,0
5,0,0
5,0,0
5,0,0
5,0,0
5,0,0
5,0,0
5,0,0
5,0,0
5,0,0
5,0,0
5,0,0
5,0,0
5,0,0
5,0,0
5,0,0
5,0,0
5,0,0
5,0,0
5,0,0
5,1,1
5,0,0
5,0,0
5,0,0
5,1,1
5,0,0
5,0,0
5,1,1
5,0,0
5,0,0
5,0,0
5,0,0
5,0,0
5,0,0
5,0,0
5,0,0
5,0,0
5,0,0
5,0,0
5,0,0
5,0,0
5,0,0
5,0,0
5,0,0
5,0,0
5,0,0
5,0,0
5,0,0
5,0,0
Total DB Queries This Round: 2997
Total time spent this round in seconds: 89.38642168045044
5,0,0
5,0,0
5,0,0
5,0,0
5,0,0
5,0,0
5,0,0
5,0,0
5,0,0
5,0,0
5,0,0
5,0,0
5,0,0
5,0,0
5,1,1
5,1,1
5,0,0
5,0,0
5,0,0
5,0,0
5,0,0
5,0,0
5,0,0
5,0,0
5,0,0
5,0,0
5,0,0
5,0,0
5,0,0
5,0,0
5,0,0
5,0,0
5,0,0
5,0,0
5,0,0
5,0,0
5,0,0
5,0,0
5,0,0
5,0,0
5,0,0
5,0,0
5,0,0
5,0,0
5,0,0
5,0,0
5,0,0
5,0,0
5,0,0
5,0,0
5,0,0
5,0,0
5,0,0
5,0,0
5,0,0
5,0,0
5,0,0
5,0,0
5,0,0
5,0,0
5,0,0
5,0,0
5,0,0
5,0,0
5,0,0
5,0,0
5,0,0
5,0,0
5,0,0
5,0,0
5,0,0
5,0,0
5,0,0
5,0,0
5,0,1
5,0,0
5,1,1
5,0,0
5,0,0
5,0,0
5,0,0
5,0,0
5,0,0
5,0,0
5,0,0
5,0,0
5,0,0
5,0,0
5,1,1
5,1,1
5,0,0
5,0,0
5,0,0
5,0,0
5,0,0
5,0,0
5,0,0
5,0,0
5,0,0
5,0,0
Total DB Queries This Round: 2294
Total time spent this round in seconds: 54.94264841079712
5,0,0
5,0,0
5,0,0
5,0,0
5,0,0
5,0,0
5,0,0
5,0,0
5,0,0
5,0,0
5,0,0
5,1,1
5,0,0
5,0,0
5,0,0
5,0,0
5,0,0
5,0,0
5,1,1
5,0,0
5,0,0
5,0,0
5,0,0
5,0,0
5,0,0
5,0,0
5,0,0
5,0,0
5,0,0
5,0,0
5,0,0
5,0,0
5,0,0
5,0,0
5,0,0
5,0,0
5,0,0
5,0,0
5,0,0
5,0,0
5,0,0
5,0,0
5,0,0
5,0,1
5,0,0
5,1,1
5,1,1
5,0,1
5,0,0
5,0,0
5,0,0
5,0,0
5,0,0
5,0,0
5,0,0
5,0,0
5,0,0
5,0,0
5,0,0
5,0,0
5,0,1
5,0,0
5,0,0
5,0,0
5,0,0
5,0,0
5,0,0
5,0,0
5,0,0
5,0,0
5,0,0
5,0,0
5,0,0
5,0,0
5,0,0
5,0,0
5,0,0
5,0,0
5,1,1
5,0,1
5,0,0
5,0,0
5,0,0
5,0,0
5,0,0
5,0,0
5,0,0
5,0,0
5,0,0
5,0,0
5,0,0
5,0,0
5,0,0
5,0,0
5,0,0
5,0,0
5,0,0
5,0,0
5,0,0
5,0,0
Total DB Queries This Round: 4979
Total time spent this round in seconds: 139.8729383945465
5,0,0
5,0,0
5,0,0
5,0,0
5,0,0
5,0,0
5,0,0
5,0,0
5,0,0
5,0,0
5,0,0
5,0,0
5,0,0
5,0,0
5,0,0
5,0,0
5,0,1
5,0,0
5,0,0
5,0,0
5,0,0
5,0,0
5,0,0
5,0,0
5,0,0
5,0,0
5,0,0
5,0,0
5,0,0
5,0,0
5,0,0
5,0,0
5,0,0
5,0,0
5,0,0
5,0,0
5,0,0
5,0,0
5,0,0
5,0,0
5,0,0
5,0,0
5,0,0
5,0,0
5,0,0
5,0,0
5,0,0
5,0,0
5,0,0
5,0,0
5,0,0
5,0,0
5,0,0
5,0,0
5,0,0
5,0,0
5,0,0
5,0,0
5,0,0
5,0,0
5,1,1
5,1,1
5,0,0
5,0,0
5,0,0
5,0,0
5,0,0
5,0,0
5,0,0
5,0,0
5,0,0
5,0,0
5,0,0
5,0,0
5,0,0
5,0,1
5,0,0
5,0,0
5,0,0
5,0,0
5,0,0
5,0,0
5,0,0
5,0,0
5,1,1
5,0,0
5,0,0
5,0,1
5,0,0
5,0,0
5,1,1
5,0,0
5,0,0
5,0,0
5,0,0
5,0,0
5,0,0
5,0,0
5,1,1
5,0,0
Total DB Queries This Round: 4437
Total time spent this round in seconds: 139.1193208694458
5,0,0
5,0,0
5,0,0
5,0,0
5,0,0
5,0,0
5,0,0
5,0,0
5,0,0
5,0,0
5,0,0
5,0,0
5,0,0
5,0,0
5,0,0
5,0,0
5,0,0
5,0,0
5,1,1
5,0,0
5,0,0
5,0,0
5,0,0
5,0,0
5,1,1
5,0,1
5,0,0
5,0,0
5,1,1
5,0,0
5,0,0
5,0,0
5,0,0
5,0,0
5,1,1
5,0,0
5,0,0
5,0,0
5,1,1
5,0,0
5,0,0
5,0,0
5,0,0
5,0,0
5,0,0
5,0,0
5,0,0
5,0,0
5,0,0
5,0,0
5,0,0
5,0,0
5,0,0
5,0,0
5,0,0
5,0,0
5,0,0
5,0,0
5,0,0
5,0,0
5,0,0
5,0,0
5,0,0
5,0,0
5,0,0
5,0,0
5,0,0
5,0,0
5,0,0
5,0,0
5,0,0
5,0,0
5,0,0
5,0,0
5,0,0
5,0,0
5,0,0
5,0,0
5,0,0
5,0,0
5,0,0
5,0,0
5,0,0
5,0,0
5,0,0
5,0,0
5,0,0
5,0,0
5,0,0
5,0,0
5,0,0
5,0,0
5,0,0
5,0,0
5,0,0
5,0,0
5,0,0
5,0,0
5,0,0
5,0,0
Total DB Queries This Round: 3203
Total time spent this round in seconds: 77.39398384094238
5,0,0
5,0,0
5,0,0
5,1,1
5,0,0
5,0,0
5,0,0
5,0,0
5,1,1
5,0,0
5,0,0
5,0,0
5,0,0
5,1,1
5,0,0
5,0,0
5,1,1
5,1,1
5,0,0
5,0,0
5,0,0
5,0,0
5,0,0
5,0,0
5,0,0
5,0,0
5,0,0
5,0,0
5,0,0
5,0,0
5,0,0
5,0,0
5,0,0
5,0,0
5,0,0
5,0,0
5,0,0
5,0,0
5,0,0
5,0,0
5,0,0
5,0,0
5,0,0
5,0,0
5,0,0
5,0,0
5,0,0
5,0,0
5,0,0
5,0,0
5,0,0
5,0,0
5,0,0
5,0,0
5,0,0
5,0,0
5,0,0
5,0,0
5,0,0
5,0,0
5,0,0
5,0,0
5,0,0
5,0,0
5,0,0
5,0,0
5,0,0
5,0,0
5,0,0
5,0,0
5,0,0
5,0,0
5,0,0
5,0,0
5,0,0
5,0,0
5,0,0
5,0,0
5,0,0
5,0,0
5,0,0
5,0,0
5,0,0
5,0,0
5,0,1
5,0,0
5,0,0
5,0,0
5,0,0
5,0,0
5,0,0
5,0,0
5,0,0
5,0,0
5,0,0
5,0,0
5,0,0
5,0,0
5,0,0
5,0,0
Total DB Queries This Round: 3091
Total time spent this round in seconds: 78.05574703216553
5,0,0
5,1,0
5,0,0
5,0,0
5,0,0
5,0,0
5,1,1
5,0,0
5,0,0
5,0,0
5,0,0
5,0,0
5,0,0
5,0,0
5,0,0
5,0,0
5,0,0
5,0,0
5,0,0
5,0,0
5,0,0
5,0,0
5,0,0
5,0,0
5,0,0
5,0,0
5,1,1
5,0,0
5,0,0
5,0,0
5,0,0
5,0,0
5,0,0
5,0,0
5,0,0
5,0,0
5,0,0
5,0,0
5,0,0
5,0,0
5,0,1
5,0,0
5,0,0
5,0,0
5,0,0
5,0,0
5,0,0
5,0,0
5,0,0
5,0,0
5,0,0
5,0,0
5,0,0
5,0,0
5,0,0
5,0,0
5,0,0
5,0,0
5,0,0
5,0,0
5,0,0
5,0,0
5,0,0
5,0,0
5,0,0
5,0,0
5,0,0
5,1,1
5,0,0
5,1,1
5,0,1
5,0,1
5,0,0
5,0,0
5,0,0
5,0,0
5,0,0
5,0,0
5,0,0
5,0,0
5,0,0
5,0,0
5,0,0
5,0,0
5,0,0
5,0,0
5,0,0
5,0,0
5,0,0
5,0,0
5,0,0
5,0,0
5,0,0
5,0,0
5,0,0
5,0,0
5,0,1
5,0,1
5,0,0
5,0,0
Total DB Queries This Round: 2685
Total time spent this round in seconds: 82.57194566726685
5,0,0
5,0,0
5,0,0
5,0,0
5,0,0
5,1,1
5,0,0
5,0,0
5,0,0
5,0,0
5,0,0
5,0,0
5,0,0
5,0,0
5,0,0
5,0,0
5,0,0
5,0,0
5,0,0
5,0,0
5,0,0
5,0,0
5,0,0
5,0,0
5,0,0
5,0,0
5,0,0
5,0,0
5,0,0
5,0,0
5,0,0
5,0,0
5,0,0
5,0,0
5,0,0
5,1,1
5,0,0
5,0,0
5,0,0
5,0,0
5,0,1
5,1,1
5,0,0
5,0,0
5,0,0
5,0,0
5,0,0
5,0,0
5,0,0
5,0,0
5,0,0
5,0,0
5,0,0
5,0,0
5,0,0
5,0,0
5,0,0
5,0,0
5,0,1
5,1,1
5,0,0
5,0,0
5,0,0
5,0,0
5,0,0
5,0,0
5,0,0
5,0,0
5,0,0
5,0,0
5,0,0
5,0,0
5,0,0
5,0,0
5,0,1
5,1,1
5,0,0
5,0,0
5,0,0
5,0,0
5,0,0
5,0,0
5,0,0
5,0,0
5,0,0
5,0,0
5,0,0
5,0,0
5,0,0
5,0,0
5,0,0
5,0,0
5,0,0
5,0,0
5,0,0
5,0,0
5,0,0
5,0,0
5,0,0
5,0,0
Total DB Queries This Round: 3000
Total time spent this round in seconds: 89.18053722381592
5,0,0
5,0,0
5,0,0
5,0,0
5,0,0
5,0,1
5,0,0
5,0,0
5,0,0
5,0,0
5,0,0
5,0,0
5,0,0
5,0,0
5,0,0
5,0,0
5,0,0
5,0,0
5,1,1
5,0,1
5,0,0
5,0,0
5,0,0
5,0,0
5,0,0
5,0,1
5,0,0
5,0,0
5,0,1
5,0,0
5,0,0
5,0,0
5,0,0
5,0,0
5,0,0
5,1,1
5,0,0
5,0,0
5,0,0
5,0,0
5,0,0
5,0,0
5,0,0
5,0,0
5,0,0
5,0,0
5,0,0
5,0,0
5,0,0
5,0,0
5,0,0
5,0,0
5,0,0
5,0,0
5,0,0
5,0,0
5,0,0
5,0,0
5,0,0
5,0,0
5,0,0
5,0,0
5,0,0
5,0,1
5,0,0
5,0,0
5,0,0
5,0,0
5,0,0
5,0,0
5,1,1
5,0,0
5,0,0
5,0,0
5,0,0
5,0,0
5,0,0
5,0,0
5,0,0
5,0,0
5,1,1
5,0,0
5,0,1
5,0,0
5,1,1
5,0,0
5,0,1
5,0,0
5,0,0
5,0,0
5,0,1
5,0,0
5,0,0
5,0,0
5,0,1
5,0,1
5,0,0
5,0,0
5,0,0
5,0,0
Total DB Queries This Round: 3448
Total time spent this round in seconds: 103.4106867313385
5,0,0
5,0,0
5,0,0
5,0,0
5,0,0
5,0,0
5,0,0
5,0,0
5,0,0
5,0,0
5,0,1
5,0,1
5,0,0
5,0,0
5,0,0
5,0,0
5,0,0
5,0,0
5,0,0
5,0,0
5,0,0
5,0,0
5,0,0
5,0,0
5,0,0
5,0,0
5,0,0
5,0,0
5,0,0
5,0,0
5,0,0
5,0,0
5,0,0
5,0,0
5,0,0
5,0,0
5,0,0
5,0,0
5,0,0
5,0,0
5,0,0
5,0,0
5,0,0
5,0,0
5,0,0
5,0,1
5,0,0
5,0,0
5,0,0
5,0,0
5,0,0
5,0,0
5,1,0
5,0,0
5,1,1
5,0,1
5,0,0
5,0,0
5,0,1
5,0,0
5,0,0
5,0,0
5,0,0
5,0,0
5,1,1
5,0,1
5,0,1
5,1,1
5,0,0
5,0,0
5,0,0
5,0,0
5,0,0
5,0,0
5,0,0
5,0,0
5,0,0
5,0,0
5,0,0
5,0,0
5,0,0
5,0,0
5,0,0
5,0,0
5,0,0
5,0,0
5,0,0
5,1,1
5,0,0
5,0,0
5,0,0
5,0,0
5,0,0
5,0,0
5,0,0
5,0,0
5,0,0
5,0,0
5,0,0
5,0,0
Total DB Queries This Round: 2262
Total time spent this round in seconds: 67.36801958084106
PERCENT IN TABLE OF 100: 6%
6,0,0
6,0,0
6,0,0
6,0,0
6,0,0
6,0,0
6,0,0
6,0,0
6,0,0
6,0,0
6,0,0
6,0,0
6,0,0
6,0,0
6,0,0
6,0,0
6,0,0
6,0,0
6,0,0
6,0,0
6,0,0
6,0,0
6,0,0
6,0,0
6,0,1
6,1,1
6,0,0
6,0,0
6,0,0
6,0,0
6,0,0
6,0,0
6,0,0
6,1,0
6,0,0
6,0,0
6,0,0
6,0,0
6,0,0
6,0,0
6,0,0
6,0,0
6,0,0
6,0,0
6,1,0
6,0,0
6,0,0
6,0,0
6,0,0
6,0,0
6,0,0
6,0,0
6,0,0
6,0,0
6,0,0
6,0,0
6,0,0
6,0,0
6,0,0
6,0,0
6,0,0
6,0,0
6,0,0
6,0,0
6,0,0
6,0,0
6,0,0
6,0,0
6,0,0
6,0,0
6,0,0
6,0,0
6,0,0
6,0,0
6,0,0
6,0,0
6,0,0
6,0,0
6,0,0
6,0,0
6,0,0
6,0,0
6,1,0
6,0,0
6,0,0
6,0,0
6,1,0
6,0,0
6,0,0
6,0,0
6,0,0
6,0,0
6,1,0
6,0,0
6,0,0
6,0,0
6,0,0
6,0,0
6,0,0
6,0,0
Total DB Queries This Round: 4377
Total time spent this round in seconds: 106.88318681716919
6,0,0
6,0,0
6,0,0
6,0,0
6,0,0
6,0,0
6,0,0
6,0,0
6,1,1
6,0,0
6,0,0
6,0,0
6,0,0
6,0,0
6,0,0
6,0,0
6,0,0
6,0,0
6,0,0
6,0,0
6,0,0
6,0,0
6,0,0
6,0,0
6,0,0
6,0,0
6,0,0
6,0,1
6,0,0
6,0,0
6,0,1
6,0,0
6,0,0
6,0,0
6,0,0
6,0,1
6,0,0
6,0,0
6,0,0
6,0,0
6,0,0
6,0,0
6,0,0
6,0,0
6,0,0
6,0,0
6,0,0
6,0,0
6,0,0
6,0,0
6,0,0
6,0,0
6,0,0
6,0,0
6,0,0
6,0,0
6,0,0
6,0,0
6,0,0
6,0,0
6,1,1
6,0,0
6,0,0
6,0,0
6,0,0
6,1,1
6,0,0
6,0,0
6,0,0
6,0,0
6,0,0
6,1,1
6,0,0
6,0,0
6,0,0
6,0,0
6,0,0
6,0,0
6,0,0
6,0,0
6,1,1
6,0,0
6,0,0
6,0,0
6,0,0
6,0,0
6,0,0
6,0,0
6,0,0
6,0,0
6,0,0
6,0,0
6,0,0
6,0,0
6,0,0
6,0,0
6,1,1
6,0,1
6,0,0
6,0,0
Total DB Queries This Round: 5623
Total time spent this round in seconds: 158.18829727172852
6,0,0
6,0,0
6,0,0
6,0,0
6,0,0
6,0,0
6,0,0
6,0,0
6,0,0
6,0,0
6,0,0
6,0,0
6,0,0
6,0,0
6,0,0
6,0,0
6,0,0
6,0,0
6,0,0
6,0,0
6,0,0
6,0,0
6,0,0
6,0,0
6,0,0
6,0,0
6,0,0
6,0,0
6,0,0
6,0,0
6,0,0
6,0,0
6,0,0
6,0,0
6,0,1
6,1,1
6,0,1
6,1,1
6,0,0
6,0,0
6,0,0
6,0,0
6,0,0
6,1,1
6,0,0
6,0,0
6,0,0
6,0,0
6,0,0
6,0,0
6,0,0
6,0,0
6,0,0
6,0,0
6,0,0
6,0,0
6,0,0
6,0,0
6,0,0
6,0,0
6,0,0
6,0,0
6,0,0
6,0,0
6,0,0
6,0,1
6,0,0
6,0,0
6,0,0
6,0,0
6,0,0
6,0,0
6,0,0
6,0,0
6,0,0
6,0,0
6,0,0
6,0,0
6,0,0
6,0,0
6,1,1
6,0,0
6,0,0
6,0,0
6,0,0
6,0,0
6,0,0
6,1,1
6,0,0
6,0,0
6,0,0
6,0,0
6,0,0
6,1,1
6,0,0
6,0,0
6,0,0
6,0,0
6,0,0
6,0,0
Total DB Queries This Round: 5202
Total time spent this round in seconds: 166.47971773147583
6,0,0
6,0,0
6,0,0
6,0,0
6,0,0
6,0,0
6,0,0
6,0,0
6,0,0
6,0,0
6,0,0
6,1,0
6,0,0
6,0,0
6,0,0
6,0,0
6,0,0
6,0,0
6,0,0
6,0,0
6,0,0
6,0,0
6,0,0
6,1,0
6,0,0
6,0,0
6,0,0
6,1,0
6,0,0
6,0,0
6,0,0
6,0,0
6,0,0
6,1,1
6,0,0
6,0,0
6,0,0
6,0,0
6,0,0
6,0,0
6,0,0
6,0,0
6,0,0
6,0,0
6,0,0
6,0,0
6,0,0
6,0,0
6,0,0
6,0,0
6,0,0
6,0,0
6,0,0
6,0,0
6,0,0
6,1,0
6,0,0
6,0,0
6,0,0
6,0,0
6,0,0
6,0,0
6,0,0
6,0,0
6,0,0
6,0,0
6,0,0
6,0,0
6,0,0
6,0,0
6,0,0
6,0,0
6,0,0
6,0,0
6,0,0
6,0,1
6,0,0
6,0,0
6,0,0
6,0,0
6,0,0
6,0,0
6,0,0
6,0,0
6,0,0
6,0,0
6,0,0
6,0,0
6,0,0
6,0,0
6,0,0
6,0,0
6,0,0
6,1,1
6,0,0
6,0,0
6,0,0
6,0,0
6,0,0
6,0,0
Total DB Queries This Round: 3230
Total time spent this round in seconds: 99.18319892883301
6,0,0
6,0,0
6,0,0
6,0,0
6,0,0
6,0,0
6,0,0
6,0,0
6,0,0
6,0,0
6,0,0
6,0,0
6,0,0
6,0,0
6,0,0
6,0,0
6,0,0
6,0,0
6,0,0
6,0,0
6,0,0
6,0,0
6,0,0
6,0,0
6,0,0
6,0,0
6,0,0
6,0,0
6,0,0
6,0,0
6,0,0
6,0,0
6,0,0
6,0,0
6,0,0
6,0,0
6,0,0
6,0,0
6,0,0
6,0,0
6,0,0
6,0,0
6,0,0
6,1,1
6,0,0
6,0,0
6,1,1
6,0,0
6,0,0
6,1,1
6,0,0
6,0,0
6,0,0
6,0,0
6,0,0
6,1,1
6,0,0
6,0,0
6,0,0
6,0,0
6,0,0
6,1,1
6,0,0
6,0,0
6,0,0
6,0,0
6,0,0
6,0,0
6,0,0
6,0,0
6,0,0
6,0,0
6,0,0
6,0,0
6,0,0
6,0,0
6,0,0
6,0,0
6,0,0
6,0,0
6,0,0
6,0,0
6,0,0
6,0,0
6,0,0
6,0,0
6,1,0
6,0,0
6,0,0
6,0,0
6,0,0
6,0,0
6,0,0
6,0,0
6,0,0
6,0,0
6,0,0
6,0,0
6,0,0
6,0,0
Total DB Queries This Round: 4541
Total time spent this round in seconds: 141.76603055000305
6,0,0
6,0,0
6,1,1
6,0,0
6,0,0
6,0,0
6,0,0
6,0,0
6,0,0
6,0,0
6,0,1
6,1,1
6,0,0
6,0,0
6,0,0
6,1,1
6,0,1
6,0,0
6,0,0
6,0,0
6,0,0
6,0,0
6,0,1
6,0,0
6,0,0
6,0,0
6,0,0
6,0,0
6,0,0
6,0,0
6,0,0
6,0,0
6,0,0
6,0,0
6,0,0
6,0,0
6,0,0
6,0,1
6,0,0
6,0,0
6,0,0
6,0,0
6,0,0
6,1,1
6,0,0
6,0,0
6,0,0
6,0,0
6,0,0
6,0,0
6,0,0
6,0,0
6,0,0
6,0,0
6,0,1
6,0,0
6,0,0
6,0,0
6,0,0
6,0,0
6,0,0
6,0,0
6,0,0
6,0,0
6,0,0
6,0,0
6,1,1
6,0,0
6,0,0
6,0,0
6,0,0
6,1,1
6,0,0
6,0,0
6,0,0
6,0,0
6,0,0
6,0,0
6,0,0
6,0,0
6,0,0
6,0,0
6,0,0
6,0,0
6,0,0
6,0,0
6,0,0
6,0,0
6,0,0
6,0,0
6,0,0
6,0,0
6,0,0
6,0,0
6,0,0
6,0,0
6,0,0
6,0,0
6,0,0
6,0,0
Total DB Queries This Round: 6734
Total time spent this round in seconds: 214.9582221508026
6,0,0
6,0,0
6,0,0
6,0,0
6,0,0
6,0,0
6,0,0
6,0,0
6,0,0
6,0,0
6,0,0
6,0,0
6,1,1
6,0,1
6,0,0
6,0,0
6,0,0
6,0,0
6,1,1
6,0,0
6,0,0
6,0,0
6,0,0
6,0,0
6,0,0
6,0,0
6,0,0
6,0,0
6,0,0
6,0,0
6,0,0
6,0,0
6,0,0
6,0,0
6,0,1
6,0,0
6,0,0
6,0,0
6,0,0
6,0,1
6,0,0
6,0,0
6,1,1
6,0,0
6,0,0
6,0,0
6,0,0
6,0,0
6,0,0
6,0,0
6,0,0
6,0,0
6,0,0
6,0,0
6,0,0
6,0,0
6,0,0
6,0,0
6,0,0
6,0,0
6,0,0
6,0,0
6,0,0
6,0,0
6,0,0
6,0,0
6,0,0
6,0,0
6,0,0
6,0,0
6,0,0
6,0,0
6,0,0
6,0,0
6,0,0
6,0,0
6,0,0
6,0,0
6,0,0
6,0,0
6,0,0
6,0,0
6,0,0
6,0,0
6,1,1
6,0,0
6,1,1
6,0,0
6,0,0
6,0,0
6,0,0
6,0,0
6,1,1
6,0,0
6,0,0
6,0,1
6,0,0
6,0,0
6,0,0
6,0,0
Total DB Queries This Round: 5233
Total time spent this round in seconds: 163.99860954284668
6,0,0
6,0,0
6,0,0
6,0,0
6,0,0
6,0,0
6,0,0
6,0,0
6,0,1
6,0,0
6,0,0
6,0,0
6,0,0
6,0,0
6,0,0
6,0,0
6,0,0
6,0,0
6,0,0
6,0,1
6,0,0
6,0,0
6,0,0
6,0,0
6,0,0
6,0,0
6,0,0
6,0,0
6,0,0
6,0,0
6,0,0
6,1,1
6,0,0
6,0,0
6,1,1
6,0,0
6,0,0
6,0,0
6,0,0
6,0,0
6,0,0
6,0,0
6,0,0
6,0,0
6,1,1
6,0,0
6,0,0
6,0,0
6,0,0
6,0,0
6,0,0
6,0,0
6,0,0
6,0,0
6,0,0
6,0,0
6,0,0
6,0,0
6,0,0
6,0,0
6,0,0
6,0,0
6,0,0
6,0,0
6,0,0
6,0,0
6,0,0
6,0,0
6,0,0
6,0,0
6,0,0
6,0,0
6,0,0
6,0,0
6,0,0
6,0,0
6,0,0
6,0,0
6,0,0
6,0,0
6,0,0
6,0,0
6,1,1
6,0,0
6,1,1
6,0,0
6,0,0
6,0,0
6,0,0
6,0,0
6,0,0
6,1,0
6,0,0
6,0,0
6,0,0
6,0,0
6,0,0
6,0,0
6,0,0
6,0,0
Total DB Queries This Round: 5692
Total time spent this round in seconds: 177.3840458393097
6,0,1
6,0,0
6,0,0
6,0,0
6,0,0
6,0,0
6,0,0
6,0,0
6,0,0
6,0,0
6,0,0
6,0,0
6,0,0
6,0,0
6,0,0
6,0,1
6,0,0
6,0,0
6,0,0
6,0,0
6,1,1
6,0,0
6,0,0
6,0,0
6,1,1
6,0,0
6,0,0
6,0,0
6,0,0
6,1,1
6,0,0
6,0,0
6,0,0
6,0,0
6,0,0
6,0,0
6,0,0
6,0,0
6,0,0
6,0,0
6,0,0
6,0,0
6,0,0
6,0,0
6,0,0
6,0,0
6,0,0
6,0,0
6,0,0
6,0,0
6,0,0
6,0,0
6,0,0
6,0,0
6,0,0
6,0,0
6,0,0
6,0,0
6,0,0
6,0,0
6,0,0
6,0,0
6,0,0
6,1,1
6,0,0
6,0,0
6,0,0
6,0,0
6,0,0
6,1,1
6,0,0
6,0,1
6,0,0
6,0,0
6,0,0
6,0,0
6,0,0
6,0,0
6,0,0
6,0,0
6,0,0
6,0,0
6,0,0
6,0,0
6,0,0
6,0,0
6,0,1
6,0,0
6,0,0
6,1,1
6,0,0
6,0,0
6,0,0
6,0,0
6,0,0
6,0,0
6,0,0
6,0,0
6,0,0
6,0,0
Total DB Queries This Round: 5381
Total time spent this round in seconds: 169.19713044166565
6,0,0
6,0,0
6,0,0
6,0,0
6,0,0
6,0,0
6,0,0
6,0,0
6,0,0
6,0,0
6,0,0
6,0,0
6,0,0
6,0,0
6,0,0
6,0,1
6,0,0
6,0,0
6,0,0
6,0,0
6,0,0
6,0,0
6,0,0
6,0,0
6,0,0
6,0,0
6,0,0
6,0,0
6,0,0
6,0,0
6,0,0
6,0,0
6,0,0
6,0,0
6,0,0
6,0,0
6,0,0
6,0,0
6,1,1
6,0,0
6,0,0
6,0,0
6,1,1
6,0,0
6,0,0
6,0,0
6,0,0
6,0,0
6,0,0
6,0,0
6,0,0
6,0,0
6,0,0
6,0,0
6,0,0
6,0,0
6,0,0
6,0,0
6,0,0
6,0,0
6,0,0
6,0,0
6,0,0
6,0,0
6,0,0
6,1,0
6,0,0
6,0,0
6,0,0
6,0,0
6,0,0
6,0,0
6,0,0
6,0,0
6,0,0
6,1,0
6,0,0
6,0,0
6,0,0
6,0,0
6,0,0
6,0,0
6,0,0
6,1,1
6,0,0
6,0,0
6,1,1
6,0,0
6,0,0
6,0,0
6,0,0
6,0,0
6,0,1
6,0,0
6,0,0
6,0,0
6,0,0
6,0,0
6,0,1
6,0,1
Total DB Queries This Round: 4681
Total time spent this round in seconds: 149.7547481060028
PERCENT IN TABLE OF 100: 7%
7,0,0
7,0,0
7,0,0
7,0,0
7,1,1
7,0,0
7,0,0
7,1,1
7,0,0
7,0,0
7,0,1
7,0,0
7,0,0
7,0,0
7,0,0
7,0,0
7,0,0
7,0,0
7,0,0
7,0,0
7,0,0
7,0,0
7,0,0
7,0,0
7,0,0
7,0,0
7,0,0
7,0,0
7,0,0
7,1,1
7,0,0
7,0,0
7,0,0
7,0,0
7,0,0
7,0,0
7,0,0
7,0,0
7,1,1
7,0,1
7,0,0
7,0,1
7,0,0
7,0,0
7,0,0
7,0,0
7,0,0
7,0,0
7,0,0
7,0,0
7,0,1
7,0,0
7,0,0
7,0,0
7,0,0
7,0,0
7,0,0
7,0,0
7,0,0
7,0,0
7,0,0
7,0,0
7,0,0
7,0,0
7,0,0
7,0,0
7,0,0
7,0,0
7,0,0
7,0,0
7,0,0
7,0,0
7,0,0
7,0,0
7,0,0
7,0,0
7,0,0
7,0,0
7,0,0
7,0,0
7,0,0
7,0,0
7,0,0
7,0,0
7,0,0
7,0,0
7,0,0
7,0,0
7,0,0
7,1,1
7,0,0
7,1,1
7,1,1
7,0,0
7,0,0
7,0,0
7,0,0
7,0,0
7,0,0
7,0,0
Total DB Queries This Round: 11628
Total time spent this round in seconds: 375.29701113700867
7,0,0
7,0,0
7,0,0
7,0,0
7,0,0
7,0,0
7,0,0
7,0,0
7,0,0
7,0,0
7,0,0
7,0,0
7,0,0
7,0,0
7,0,0
7,1,1
7,0,0
7,0,0
7,0,0
7,0,0
7,1,1
7,1,1
7,0,0
7,0,0
7,0,0
7,0,0
7,0,0
7,0,0
7,0,0
7,0,0
7,0,0
7,0,0
7,0,0
7,0,0
7,0,0
7,0,0
7,0,0
7,0,0
7,0,0
7,0,0
7,0,0
7,0,0
7,1,1
7,0,0
7,0,0
7,0,0
7,0,0
7,0,0
7,0,0
7,0,0
7,0,0
7,0,0
7,0,0
7,0,0
7,1,1
7,0,0
7,0,0
7,0,0
7,0,0
7,0,0
7,0,1
7,0,0
7,0,0
7,0,0
7,0,0
7,0,0
7,0,0
7,0,0
7,0,0
7,0,0
7,0,1
7,0,1
7,0,0
7,0,0
7,0,0
7,0,0
7,0,0
7,0,0
7,0,0
7,0,0
7,0,0
7,0,0
7,0,0
7,0,0
7,0,0
7,1,1
7,0,0
7,0,0
7,0,0
7,0,0
7,0,0
7,1,1
7,0,0
7,0,0
7,0,0
7,0,0
7,0,0
7,0,0
7,0,0
7,0,0
Total DB Queries This Round: 9606
Total time spent this round in seconds: 305.5131731033325
7,0,0
7,0,0
7,0,0
7,0,0
7,0,0
7,0,0
7,0,0
7,0,0
7,0,0
7,0,0
7,0,1
7,0,0
7,0,0
7,0,0
7,0,0
7,0,0
7,0,0
7,0,1
7,0,0
7,0,0
7,0,0
7,0,0
7,0,0
7,0,0
7,1,1
7,0,1
7,0,0
7,0,0
7,0,0
7,1,1
7,0,0
7,1,1
7,0,0
7,0,0
7,0,0
7,1,1
7,0,0
7,0,0
7,0,0
7,0,0
7,0,0
7,0,0
7,0,0
7,1,0
7,0,0
7,0,0
7,0,0
7,0,0
7,0,0
7,0,0
7,0,0
7,0,0
7,0,1
7,0,0
7,0,0
7,0,0
7,0,0
7,0,0
7,0,0
7,1,1
7,0,0
7,0,0
7,0,0
7,0,0
7,0,0
7,0,0
7,0,0
7,0,0
7,0,0
7,0,0
7,0,0
7,0,0
7,0,0
7,1,1
7,0,0
7,0,0
7,0,0
7,0,0
7,0,0
7,0,0
7,0,0
7,0,0
7,0,0
7,0,0
7,0,0
7,0,0
7,0,0
7,0,0
7,0,0
7,0,0
7,0,0
7,0,0
7,0,0
7,0,0
7,0,0
7,0,0
7,0,0
7,0,0
7,0,0
7,0,0
Total DB Queries This Round: 11321
Total time spent this round in seconds: 362.6210033893585
7,1,1
7,0,0
7,0,0
7,0,0
7,0,0
7,0,0
7,0,0
7,0,0
7,0,0
7,0,0
7,0,0
7,0,0
7,0,0
7,0,0
7,0,0
7,0,0
7,0,0
7,0,0
7,0,0
7,0,0
7,0,0
7,0,0
7,1,1
7,0,1
7,0,0
7,0,0
7,0,0
7,0,0
7,0,0
7,0,0
7,0,0
7,0,0
7,0,0
7,0,0
7,0,0
7,0,0
7,0,0
7,0,1
7,1,1
7,0,1
7,0,1
7,0,0
7,0,0
7,0,1
7,0,0
7,0,0
7,0,0
7,0,0
7,0,0
7,0,0
7,0,0
7,0,1
7,0,0
7,0,0
7,0,0
7,0,0
7,0,0
7,0,0
7,0,0
7,0,0
7,0,0
7,0,0
7,1,1
7,1,1
7,0,0
7,0,0
7,0,0
7,0,0
7,0,0
7,1,1
7,0,0
7,0,0
7,0,0
7,0,0
7,0,0
7,0,0
7,0,0
7,0,0
7,0,0
7,0,0
7,0,1
7,0,0
7,0,0
7,0,0
7,0,1
7,0,0
7,0,0
7,0,0
7,0,0
7,0,0
7,0,0
7,0,0
7,0,0
7,0,0
7,0,0
7,0,0
7,0,0
7,1,1
7,0,0
7,0,0
Total DB Queries This Round: 15721
Total time spent this round in seconds: 503.6133666038513
7,0,0
7,0,0
7,0,1
7,0,0
7,0,0
7,0,0
7,0,0
7,0,0
7,0,0
7,0,0
7,0,1
7,0,0
7,0,0
7,0,0
7,0,0
7,0,0
7,0,0
7,0,0
7,0,0
7,0,0
7,0,0
7,0,0
7,0,0
7,0,0
7,0,0
7,0,0
7,0,0
7,0,0
7,0,0
7,0,0
7,0,0
7,0,0
7,0,0
7,0,0
7,0,0
7,0,0
7,0,0
7,0,0
7,0,0
7,0,1
7,1,1
7,0,0
7,0,0
7,0,0
7,0,0
7,0,0
7,0,0
7,1,1
7,0,0
7,0,0
7,0,0
7,1,1
7,0,0
7,0,0
7,0,0
7,0,0
7,0,0
7,0,0
7,0,0
7,0,0
7,0,0
7,0,0
7,0,0
7,0,0
7,0,0
7,0,0
7,0,0
7,0,0
7,0,0
7,0,0
7,0,0
7,0,0
7,0,0
7,0,0
7,1,1
7,1,1
7,0,0
7,1,1
7,0,0
7,0,0
7,0,0
7,0,0
7,0,0
7,0,0
7,0,0
7,0,0
7,0,0
7,0,0
7,1,1
7,0,0
7,0,0
7,0,0
7,0,0
7,0,0
7,0,0
7,0,0
7,0,0
7,0,0
7,0,0
7,0,0
Total DB Queries This Round: 10445
Total time spent this round in seconds: 338.3845925331116
7,0,0
7,0,0
7,0,0
7,0,0
7,0,0
7,0,0
7,0,0
7,0,0
7,0,0
7,1,1
7,0,0
7,0,0
7,1,1
7,1,1
7,0,0
7,0,0
7,0,1
7,0,0
7,0,0
7,0,0
7,0,0
7,0,0
7,0,0
7,0,1
7,0,1
7,0,0
7,0,0
7,0,0
7,0,0
7,0,0
7,0,0
7,1,1
7,0,0
7,0,0
7,0,0
7,0,1
7,0,0
7,0,0
7,0,0
7,0,0
7,0,0
7,0,0
7,0,0
7,0,0
7,0,0
7,0,0
7,0,0
7,0,0
7,0,1
7,0,0
7,1,1
7,0,0
7,0,0
7,0,0
7,0,0
7,0,0
7,0,1
7,0,0
7,0,0
7,0,0
7,0,0
7,0,0
7,0,0
7,0,0
7,0,0
7,0,1
7,0,0
7,0,0
7,0,0
7,0,0
7,0,0
7,0,0
7,0,0
7,0,0
7,0,0
7,0,0
7,0,0
7,0,0
7,0,0
7,0,0
7,0,0
7,0,0
7,1,1
7,0,0
7,0,0
7,0,1
7,0,0
7,0,0
7,0,0
7,0,0
7,0,0
7,0,0
7,0,0
7,0,0
7,0,0
7,0,0
7,0,0
7,0,0
7,1,1
7,0,0
Total DB Queries This Round: 14177
Total time spent this round in seconds: 447.4068281650543
7,0,0
7,0,0
7,0,0
7,0,0
7,0,0
7,1,1
7,0,0
7,0,0
7,0,0
7,0,0
7,0,0
7,0,0
7,0,0
7,0,0
7,0,0
7,0,0
7,0,0
7,0,0
7,0,0
7,0,0
7,0,0
7,0,0
7,0,0
7,0,0
7,1,1
7,0,0
7,0,1
7,0,0
7,0,0
7,0,0
7,0,0
7,0,0
7,0,1
7,0,0
7,0,0
7,0,0
7,0,0
7,0,0
7,0,0
7,0,0
7,0,0
7,0,0
7,0,0
7,0,0
7,0,0
7,0,0
7,0,0
7,0,1
7,0,0
7,0,0
7,0,0
7,0,0
7,0,0
7,0,0
7,0,0
7,0,0
7,1,1
7,0,0
7,0,0
7,0,0
7,0,0
7,0,0
7,0,0
7,0,0
7,0,0
7,0,0
7,0,1
7,0,1
7,0,0
7,0,0
7,0,0
7,0,0
7,0,0
7,0,0
7,0,0
7,0,0
7,0,0
7,1,1
7,1,1
7,0,0
7,0,0
7,0,0
7,0,0
7,0,0
7,0,0
7,0,0
7,0,0
7,0,1
7,0,0
7,0,0
7,0,0
7,0,1
7,0,1
7,0,1
7,1,1
7,1,1
7,0,0
7,0,0
7,0,0
7,0,0
Total DB Queries This Round: 10900
Total time spent this round in seconds: 352.47944831848145
7,0,1
7,0,0
7,0,0
7,0,0
7,1,1
7,0,0
7,0,0
7,0,0
7,0,0
7,0,0
7,0,0
7,0,0
7,0,0
7,0,0
7,0,0
7,1,0
7,0,0
7,0,0
7,0,0
7,0,0
7,0,0
7,0,0
7,0,0
7,0,0
7,0,0
7,0,0
7,0,0
7,1,1
7,0,0
7,0,0
7,0,0
7,0,0
7,0,0
7,0,0
7,0,0
7,1,1
7,0,0
7,0,0
7,0,1
7,0,0
7,0,0
7,0,0
7,0,0
7,1,1
7,0,0
7,0,0
7,0,0
7,0,0
7,0,0
7,0,0
7,0,0
7,0,0
7,0,0
7,0,0
7,0,0
7,0,0
7,0,0
7,0,0
7,0,0
7,0,0
7,0,0
7,0,0
7,1,0
7,0,0
7,0,0
7,0,0
7,0,0
7,0,0
7,0,1
7,0,0
7,0,0
7,0,0
7,0,0
7,0,0
7,0,0
7,0,0
7,0,0
7,0,0
7,0,0
7,0,0
7,0,0
7,0,0
7,1,1
7,0,0
7,0,0
7,0,0
7,0,0
7,0,0
7,0,0
7,0,0
7,0,0
7,0,0
7,0,0
7,0,0
7,0,0
7,0,0
7,0,0
7,0,0
7,0,0
7,0,0
Total DB Queries This Round: 7990
Total time spent this round in seconds: 253.208749294281
7,0,0
7,0,0
7,0,0
7,0,0
7,0,0
7,0,0
7,0,0
7,0,0
7,0,0
7,0,0
7,0,0
7,0,0
7,0,0
7,0,0
7,0,0
7,0,0
7,0,0
7,1,1
7,0,0
7,0,0
7,1,1
7,0,0
7,0,0
7,0,0
7,0,0
7,0,0
7,0,0
7,0,0
7,0,1
7,0,0
7,0,0
7,0,0
7,0,0
7,0,0
7,1,1
7,0,0
7,0,0
7,0,0
7,0,0
7,0,0
7,0,0
7,0,0
7,0,0
7,0,0
7,0,0
7,0,0
7,0,1
7,0,0
7,0,0
7,0,0
7,0,0
7,0,0
7,0,0
7,0,0
7,0,0
7,0,0
7,0,0
7,0,0
7,0,0
7,0,0
7,0,0
7,0,1
7,1,1
7,0,1
7,0,0
7,0,0
7,0,1
7,0,0
7,0,0
7,0,0
7,0,0
7,0,0
7,0,0
7,0,0
7,0,0
7,1,1
7,0,0
7,0,0
7,0,0
7,0,0
7,0,0
7,0,1
7,1,1
7,0,0
7,0,0
7,0,0
7,0,0
7,0,0
7,0,0
7,0,0
7,0,0
7,0,0
7,0,0
7,0,0
7,0,0
7,1,1
7,0,0
7,0,0
7,0,0
7,0,0
Total DB Queries This Round: 9602
Total time spent this round in seconds: 306.0148947238922
7,0,0
7,0,0
7,0,0
7,0,0
7,0,0
7,0,0
7,0,0
7,0,0
7,0,0
7,0,0
7,0,1
7,0,0
7,0,1
7,0,0
7,0,0
7,0,0
7,0,0
7,0,0
7,0,0
7,0,0
7,0,0
7,0,0
7,0,0
7,0,0
7,0,0
7,0,0
7,0,0
7,0,0
7,0,0
7,0,0
7,0,0
7,0,0
7,0,1
7,0,0
7,0,0
7,1,1
7,1,1
7,0,0
7,1,1
7,0,0
7,0,0
7,0,1
7,0,0
7,0,0
7,0,0
7,0,0
7,1,1
7,0,0
7,0,0
7,0,0
7,0,1
7,0,0
7,0,0
7,0,0
7,0,0
7,0,0
7,0,0
7,0,0
7,0,0
7,0,0
7,0,0
7,0,0
7,0,1
7,0,0
7,0,0
7,1,1
7,0,0
7,0,0
7,0,0
7,0,0
7,0,0
7,0,0
7,0,0
7,0,0
7,0,0
7,0,1
7,0,0
7,0,0
7,0,0
7,0,0
7,0,0
7,0,0
7,1,1
7,0,0
7,0,0
7,0,0
7,0,0
7,0,0
7,1,1
7,0,0
7,0,0
7,0,1
7,0,0
7,0,0
7,0,0
7,0,0
7,0,0
7,0,0
7,0,0
7,0,0
Total DB Queries This Round: 13588
Total time spent this round in seconds: 427.38175439834595
PERCENT IN TABLE OF 100: 8%
8,0,0
8,0,0
8,0,0
8,0,0
8,0,0
8,0,0
8,0,0
8,0,0
8,0,0
8,0,0
8,0,0
8,0,0
8,0,0
8,0,0
8,0,0
8,1,0
8,1,1
8,0,0
8,0,0
8,0,0
8,0,0
8,0,0
8,0,0
8,0,0
8,0,0
8,0,0
8,0,0
8,0,0
8,0,0
8,1,0
8,0,0
8,0,0
8,0,0
8,0,0
8,0,0
8,0,0
8,1,1
8,0,0
8,0,0
8,0,0
8,0,0
8,0,0
8,0,0
8,0,0
8,0,0
8,0,0
8,1,1
8,0,0
8,0,0
8,0,0
8,0,0
8,0,0
8,0,0
8,0,0
8,0,0
8,0,0
8,0,0
8,0,0
8,0,0
8,0,0
8,0,0
8,0,0
8,0,0
8,1,1
8,0,0
8,1,1
8,0,0
8,0,0
8,0,0
8,0,0
8,1,1
8,0,0
8,0,0
8,0,0
8,0,0
8,0,0
8,0,0
8,0,0
8,0,0
8,0,0
8,0,0
8,0,0
8,0,0
8,0,0
8,0,0
8,0,0
8,0,0
8,0,0
8,0,0
8,0,0
8,0,0
8,0,0
8,0,0
8,0,0
8,0,0
8,0,0
8,0,0
8,0,0
8,0,0
8,0,0
Total DB Queries This Round: 10994
Total time spent this round in seconds: 354.88531494140625
8,0,0
8,0,0
8,0,0
8,0,0
8,0,0
8,0,0
8,0,0
8,1,1
8,0,0
8,0,0
8,0,0
8,0,0
8,1,1
8,0,0
8,0,0
8,0,0
8,0,0
8,0,0
8,0,0
8,0,0
8,0,0
8,0,0
8,0,1
8,0,0
8,1,1
8,0,0
8,0,0
8,0,0
8,0,0
8,0,0
8,0,0
8,0,0
8,0,0
8,0,0
8,0,0
8,0,0
8,0,0
8,0,0
8,0,0
8,0,0
8,0,0
8,1,1
8,0,1
8,0,1
8,0,0
8,0,0
8,1,1
8,0,0
8,0,0
8,0,0
8,0,0
8,0,0
8,1,1
8,0,1
8,0,0
8,1,1
8,0,0
8,0,0
8,0,0
8,0,0
8,0,0
8,0,0
8,0,0
8,0,0
8,0,0
8,0,0
8,0,0
8,0,0
8,0,0
8,0,0
8,0,0
8,0,0
8,0,0
8,0,0
8,0,0
8,0,0
8,0,0
8,0,0
8,0,0
8,0,0
8,1,1
8,0,0
8,0,0
8,0,0
8,0,0
8,0,0
8,0,0
8,0,0
8,0,0
8,0,0
8,0,0
8,0,0
8,0,0
8,0,0
8,0,0
8,0,0
8,0,0
8,0,0
8,0,0
8,0,0
Total DB Queries This Round: 12281
Total time spent this round in seconds: 388.7768430709839
8,0,0
8,0,0
8,0,0
8,0,0
8,1,0
8,0,0
8,0,0
8,0,0
8,0,0
8,0,0
8,0,0
8,0,0
8,0,0
8,0,0
8,0,0
8,0,0
8,0,0
8,0,0
8,0,0
8,0,0
8,0,0
8,0,0
8,0,0
8,1,0
8,0,0
8,0,0
8,0,0
8,0,0
8,0,0
8,0,0
8,0,0
8,0,0
8,1,1
8,0,0
8,0,0
8,0,0
8,0,0
8,0,0
8,0,0
8,0,0
8,1,1
8,0,0
8,0,0
8,0,0
8,0,0
8,0,0
8,0,0
8,0,0
8,0,0
8,0,0
8,0,0
8,0,0
8,0,0
8,0,0
8,0,0
8,0,0
8,0,0
8,0,0
8,0,0
8,0,0
8,0,0
8,0,0
8,0,1
8,0,0
8,0,0
8,0,0
8,0,0
8,0,0
8,1,0
8,0,0
8,1,0
8,0,0
8,0,0
8,0,0
8,0,0
8,0,0
8,0,0
8,0,0
8,0,0
8,0,0
8,1,1
8,0,0
8,0,0
8,0,0
8,1,1
8,0,0
8,0,0
8,0,0
8,0,0
8,0,0
8,0,0
8,0,0
8,0,0
8,0,0
8,0,0
8,0,0
8,0,0
8,0,0
8,0,0
8,0,0
Total DB Queries This Round: 10213
Total time spent this round in seconds: 320.08940267562866
8,0,1
8,0,0
8,0,0
8,0,0
8,0,0
8,0,0
8,0,0
8,0,0
8,0,0
8,1,1
8,0,1
8,0,0
8,0,0
8,0,0
8,0,0
8,0,0
8,0,0
8,0,0
8,0,0
8,0,0
8,1,1
8,0,0
8,0,0
8,0,0
8,0,1
8,0,0
8,0,0
8,0,0
8,0,0
8,0,0
8,0,0
8,0,0
8,0,0
8,0,0
8,0,0
8,0,0
8,0,0
8,0,0
8,0,0
8,0,0
8,0,0
8,0,0
8,0,0
8,0,0
8,0,0
8,0,0
8,0,0
8,0,0
8,0,0
8,0,0
8,0,0
8,0,0
8,0,0
8,0,0
8,0,0
8,0,0
8,1,1
8,0,0
8,0,0
8,0,1
8,0,0
8,0,0
8,0,0
8,0,0
8,0,0
8,0,0
8,0,0
8,0,0
8,0,0
8,1,1
8,0,0
8,0,0
8,0,0
8,0,0
8,0,0
8,0,0
8,1,1
8,0,0
8,0,0
8,0,1
8,0,0
8,0,0
8,0,0
8,0,0
8,0,0
8,0,0
8,1,1
8,0,0
8,0,0
8,1,1
8,0,0
8,0,0
8,0,0
8,0,0
8,0,0
8,0,0
8,1,1
8,0,0
8,0,0
8,0,0
Total DB Queries This Round: 13274
Total time spent this round in seconds: 431.95891213417053
8,0,0
8,0,0
8,0,0
8,0,0
8,0,0
8,0,0
8,0,0
8,0,0
8,0,0
8,1,1
8,0,0
8,0,0
8,0,0
8,1,1
8,0,0
8,0,0
8,0,0
8,0,0
8,0,0
8,0,0
8,0,0
8,1,1
8,0,0
8,0,0
8,0,0
8,0,1
8,0,0
8,0,0
8,0,1
8,0,0
8,0,0
8,0,1
8,0,0
8,0,0
8,0,0
8,0,0
8,0,0
8,0,0
8,0,0
8,0,0
8,0,0
8,0,0
8,0,0
8,0,0
8,0,0
8,0,0
8,0,0
8,0,0
8,0,0
8,0,0
8,0,0
8,0,0
8,0,0
8,0,0
8,0,0
8,0,0
8,0,0
8,0,0
8,0,0
8,0,0
8,0,0
8,0,0
8,0,0
8,0,0
8,0,0
8,0,0
8,0,0
8,1,1
8,0,0
8,0,0
8,0,0
8,0,0
8,1,1
8,0,1
8,0,0
8,0,0
8,0,0
8,0,1
8,0,0
8,1,1
8,1,1
8,0,0
8,0,0
8,0,0
8,0,0
8,0,0
8,0,0
8,0,1
8,1,1
8,0,0
8,0,0
8,0,0
8,0,0
8,0,0
8,0,0
8,0,0
8,0,1
8,0,0
8,0,0
8,0,0
Total DB Queries This Round: 14483
Total time spent this round in seconds: 466.21183800697327
8,0,0
8,0,0
8,0,0
8,0,0
8,0,0
8,0,0
8,0,0
8,0,0
8,0,0
8,0,0
8,1,1
8,0,0
8,0,0
8,0,0
8,0,0
8,0,0
8,1,1
8,0,0
8,0,0
8,0,0
8,0,0
8,1,1
8,0,0
8,0,0
8,1,1
8,1,1
8,0,0
8,0,0
8,0,0
8,0,0
8,1,1
8,1,1
8,0,0
8,0,0
8,0,0
8,0,0
8,0,0
8,0,0
8,0,0
8,0,0
8,0,0
8,0,0
8,0,0
8,0,0
8,0,0
8,0,0
8,0,0
8,0,0
8,0,0
8,0,1
8,0,1
8,0,0
8,0,0
8,0,1
8,0,0
8,0,0
8,0,0
8,0,0
8,0,0
8,0,0
8,0,0
8,0,0
8,0,1
8,0,1
8,0,0
8,0,0
8,0,0
8,0,0
8,0,0
8,0,0
8,0,0
8,0,0
8,0,0
8,0,0
8,0,0
8,0,0
8,0,0
8,0,0
8,0,0
8,0,0
8,0,0
8,0,0
8,0,0
8,0,0
8,0,0
8,0,0
8,0,1
8,1,1
8,0,0
8,0,0
8,0,1
8,0,0
8,0,0
8,0,0
8,0,0
8,0,0
8,0,0
8,0,0
8,0,0
8,0,0
Total DB Queries This Round: 12541
Total time spent this round in seconds: 400.762859582901
8,0,0
8,0,0
8,0,0
8,0,0
8,0,0
8,0,0
8,0,0
8,0,0
8,0,0
8,0,0
8,0,0
8,0,0
8,0,0
8,0,0
8,0,0
8,0,0
8,1,1
8,0,0
8,0,0
8,0,0
8,0,1
8,0,0
8,0,0
8,0,0
8,0,0
8,0,0
8,0,0
8,0,0
8,0,0
8,0,0
8,0,0
8,0,0
8,0,0
8,0,1
8,0,0
8,0,0
8,1,1
8,0,1
8,0,0
8,0,0
8,0,0
8,1,1
8,0,0
8,0,0
8,0,0
8,0,0
8,0,0
8,0,0
8,0,0
8,0,0
8,0,0
8,0,0
8,0,0
8,0,0
8,0,0
8,0,0
8,0,0
8,1,1
8,0,0
8,0,0
8,0,0
8,1,1
8,0,0
8,0,0
8,0,0
8,1,1
8,0,0
8,0,0
8,0,0
8,0,0
8,0,0
8,0,0
8,0,0
8,0,0
8,0,0
8,0,0
8,0,0
8,0,0
8,0,0
8,0,0
8,0,0
8,0,0
8,0,0
8,0,0
8,0,0
8,0,1
8,0,0
8,0,1
8,0,0
8,0,0
8,0,0
8,1,1
8,1,1
8,0,0
8,0,0
8,0,0
8,0,0
8,0,0
8,0,0
8,0,0
Total DB Queries This Round: 11698
Total time spent this round in seconds: 374.6655135154724
8,0,0
8,0,0
8,0,0
8,0,0
8,0,0
8,0,0
8,0,0
8,0,0
8,0,0
8,0,0
8,0,1
8,0,0
8,0,0
8,0,0
8,0,0
8,0,0
8,0,0
8,0,0
8,0,0
8,0,0
8,0,0
8,0,0
8,0,0
8,0,0
8,0,0
8,0,0
8,0,0
8,0,0
8,0,0
8,0,0
8,0,0
8,1,1
8,0,0
8,0,0
8,0,0
8,0,0
8,0,0
8,0,0
8,0,0
8,0,0
8,0,0
8,0,0
8,0,0
8,0,0
8,0,0
8,0,0
8,0,0
8,0,0
8,0,0
8,0,0
8,0,0
8,0,0
8,0,0
8,0,0
8,0,0
8,0,0
8,0,0
8,0,0
8,0,0
8,0,0
8,1,1
8,1,1
8,0,0
8,0,0
8,0,0
8,0,0
8,1,1
8,0,0
8,0,0
8,0,0
8,0,0
8,0,0
8,0,0
8,0,0
8,1,1
8,0,0
8,1,1
8,0,0
8,0,0
8,0,0
8,0,0
8,0,0
8,0,0
8,0,0
8,0,0
8,0,0
8,1,1
8,0,0
8,0,0
8,0,1
8,1,1
8,0,1
8,0,0
8,0,0
8,0,0
8,0,0
8,0,0
8,0,1
8,0,0
8,0,0
Total DB Queries This Round: 12451
Total time spent this round in seconds: 403.4496624469757
8,1,1
8,0,0
8,0,0
8,0,0
8,0,0
8,0,0
8,0,0
8,0,0
8,0,0
8,0,0
8,0,0
8,1,1
8,0,0
8,0,0
8,0,0
8,0,0
8,0,0
8,0,0
8,0,0
8,0,0
8,0,0
8,0,0
8,0,0
8,0,0
8,1,1
8,1,1
8,0,0
8,0,0
8,0,0
8,0,0
8,0,0
8,0,0
8,0,0
8,0,0
8,0,0
8,0,0
8,0,0
8,1,1
8,0,0
8,0,0
8,0,0
8,0,0
8,0,0
8,0,0
8,0,0
8,0,0
8,0,0
8,0,0
8,0,0
8,0,0
8,0,0
8,1,1
8,0,0
8,0,0
8,0,0
8,0,0
8,0,0
8,0,0
8,0,0
8,1,1
8,0,1
8,0,0
8,0,0
8,0,0
8,0,0
8,0,0
8,0,0
8,0,0
8,0,0
8,0,1
8,0,0
8,0,0
8,0,0
8,0,0
8,0,0
8,0,0
8,0,0
8,0,0
8,0,1
8,0,0
8,0,0
8,0,0
8,0,1
8,0,0
8,0,0
8,0,0
8,0,0
8,0,0
8,0,0
8,0,0
8,0,0
8,0,0
8,0,0
8,1,1
8,0,0
8,0,0
8,0,0
8,0,0
8,0,0
8,0,0
Total DB Queries This Round: 12229
Total time spent this round in seconds: 313.5259346961975
8,0,0
8,0,0
8,0,0
8,1,1
8,0,0
8,0,0
8,0,0
8,0,0
8,0,0
8,1,1
8,0,0
8,0,0
8,0,0
8,0,0
8,0,0
8,0,0
8,0,0
8,0,0
8,0,0
8,0,0
8,0,1
8,0,1
8,0,1
8,0,0
8,0,0
8,0,1
8,0,0
8,0,0
8,0,0
8,0,0
8,0,0
8,0,0
8,1,1
8,1,1
8,0,0
8,0,0
8,0,0
8,0,0
8,0,0
8,1,1
8,0,0
8,0,0
8,0,0
8,0,0
8,0,0
8,0,0
8,0,1
8,0,1
8,0,0
8,0,0
8,0,0
8,0,0
8,0,0
8,0,0
8,0,0
8,0,0
8,0,0
8,0,0
8,0,0
8,0,1
8,0,0
8,0,0
8,0,1
8,0,0
8,0,0
8,0,0
8,0,0
8,0,0
8,0,0
8,0,0
8,0,0
8,0,1
8,0,0
8,0,0
8,1,1
8,0,1
8,0,0
8,0,0
8,1,1
8,0,0
8,0,0
8,0,0
8,0,0
8,0,0
8,0,0
8,0,0
8,0,0
8,0,0
8,0,0
8,0,0
8,0,0
8,0,0
8,0,0
8,0,0
8,0,0
8,1,1
8,0,0
8,0,0
8,0,0
8,0,0
Total DB Queries This Round: 15061
Total time spent this round in seconds: 432.47055292129517
PERCENT IN TABLE OF 100: 9%
9,0,0
9,0,0
9,0,0
9,0,0
9,0,0
9,1,1
9,1,1
9,0,0
9,0,0
9,0,0
9,0,0
9,0,0
9,0,0
9,0,0
9,1,1
9,0,0
9,0,0
9,0,0
9,0,0
9,0,0
9,0,0
9,0,0
9,0,0
9,0,0
9,0,0
9,0,0
9,0,0
9,0,0
9,0,0
9,0,0
9,0,0
9,0,0
9,0,0
9,0,0
9,0,0
9,0,0
9,0,0
9,0,0
9,0,0
9,0,0
9,0,0
9,0,0
9,0,0
9,0,0
9,0,0
9,0,0
9,1,1
9,0,0
9,0,0
9,0,0
9,0,0
9,0,0
9,0,0
9,0,0
9,0,0
9,0,0
9,0,0
9,0,0
9,0,0
9,0,0
9,0,0
9,0,0
9,0,1
9,0,0
9,0,0
9,0,0
9,0,0
9,0,0
9,1,1
9,0,1
9,0,0
9,0,0
9,0,0
9,0,0
9,1,1
9,0,1
9,0,0
9,0,0
9,0,0
9,1,1
9,0,0
9,0,0
9,0,0
9,0,0
9,0,0
9,1,1
9,0,0
9,0,0
9,0,0
9,0,0
9,0,0
9,0,0
9,0,0
9,0,0
9,1,1
9,0,0
9,0,0
9,0,0
9,0,0
9,0,0
Total DB Queries This Round: 5338
Total time spent this round in seconds: 136.48019909858704
9,1,1
9,0,0
9,0,0
9,0,0
9,0,0
9,0,0
9,0,0
9,0,0
9,0,0
9,0,0
9,1,1
9,0,0
9,0,0
9,0,0
9,0,0
9,0,0
9,0,0
9,0,0
9,0,0
9,0,0
9,0,0
9,0,0
9,0,0
9,0,0
9,0,0
9,0,1
9,0,0
9,0,0
9,0,0
9,0,0
9,0,0
9,0,0
9,0,0
9,0,0
9,0,0
9,0,0
9,0,0
9,0,0
9,0,0
9,0,0
9,0,0
9,0,0
9,0,0
9,0,0
9,0,0
9,0,0
9,1,1
9,0,0
9,0,0
9,1,0
9,0,0
9,0,0
9,0,0
9,0,0
9,0,0
9,0,0
9,1,1
9,0,0
9,0,0
9,0,0
9,0,1
9,0,0
9,0,0
9,0,0
9,0,0
9,0,0
9,0,0
9,0,0
9,0,0
9,0,0
9,0,0
9,1,1
9,0,0
9,0,0
9,1,1
9,0,0
9,0,0
9,0,0
9,1,1
9,0,0
9,0,0
9,0,1
9,0,0
9,0,0
9,0,0
9,0,1
9,0,0
9,0,0
9,0,0
9,0,0
9,1,1
9,0,0
9,0,0
9,0,0
9,0,0
9,0,0
9,0,0
9,0,0
9,0,0
9,0,0
Total DB Queries This Round: 3417
Total time spent this round in seconds: 83.50264024734497
9,0,0
9,0,0
9,0,0
9,0,1
9,0,0
9,0,0
9,1,1
9,0,0
9,0,0
9,0,0
9,0,0
9,0,0
9,0,0
9,0,0
9,0,0
9,0,0
9,0,0
9,1,1
9,0,0
9,0,0
9,0,0
9,0,0
9,0,0
9,0,0
9,0,0
9,0,0
9,1,1
9,0,0
9,0,0
9,0,0
9,0,0
9,0,0
9,0,0
9,0,0
9,0,0
9,0,0
9,0,0
9,1,1
9,0,1
9,0,0
9,0,0
9,0,0
9,0,0
9,0,0
9,0,0
9,1,1
9,0,0
9,0,0
9,0,0
9,0,0
9,0,0
9,0,0
9,0,1
9,0,0
9,0,0
9,0,0
9,0,0
9,0,0
9,0,0
9,0,0
9,0,0
9,1,0
9,0,0
9,0,0
9,0,0
9,0,0
9,0,0
9,0,0
9,0,0
9,1,0
9,0,0
9,0,0
9,0,0
9,0,0
9,0,0
9,1,1
9,0,0
9,0,0
9,0,0
9,0,0
9,0,0
9,0,0
9,0,0
9,0,0
9,0,0
9,0,0
9,0,0
9,0,0
9,0,0
9,0,0
9,0,1
9,1,1
9,0,0
9,0,0
9,0,0
9,0,0
9,0,0
9,0,0
9,0,0
9,0,0
Total DB Queries This Round: 3710
Total time spent this round in seconds: 104.77709484100342
9,0,0
9,0,0
9,0,0
9,0,0
9,0,0
9,0,0
9,0,0
9,0,0
9,1,0
9,0,0
9,0,0
9,0,1
9,0,0
9,0,0
9,0,0
9,0,0
9,1,1
9,0,0
9,0,0
9,0,0
9,0,0
9,0,0
9,0,0
9,0,0
9,0,0
9,0,0
9,0,0
9,0,0
9,1,1
9,0,0
9,0,0
9,0,0
9,1,1
9,0,0
9,0,0
9,0,0
9,0,0
9,0,0
9,0,0
9,0,0
9,0,0
9,0,0
9,0,0
9,0,0
9,0,0
9,0,0
9,1,1
9,0,0
9,0,0
9,0,0
9,0,0
9,0,0
9,0,0
9,1,1
9,0,0
9,0,0
9,0,0
9,0,0
9,0,0
9,0,0
9,0,0
9,1,1
9,0,0
9,0,0
9,0,0
9,0,0
9,0,0
9,0,0
9,0,0
9,0,0
9,0,0
9,0,0
9,0,0
9,1,0
9,0,0
9,0,0
9,0,0
9,0,0
9,0,0
9,0,0
9,0,0
9,0,0
9,0,0
9,0,0
9,0,0
9,0,0
9,0,0
9,0,0
9,0,0
9,0,0
9,0,0
9,1,0
9,0,0
9,0,0
9,0,0
9,0,0
9,0,0
9,0,0
9,0,0
9,0,0
Total DB Queries This Round: 2432
Total time spent this round in seconds: 61.80715870857239
9,1,0
9,0,0
9,0,0
9,0,0
9,0,0
9,1,1
9,0,0
9,0,0
9,0,0
9,0,0
9,0,0
9,0,0
9,0,0
9,0,0
9,0,0
9,0,0
9,0,0
9,0,0
9,0,0
9,0,0
9,0,0
9,0,0
9,0,0
9,0,0
9,0,0
9,0,0
9,0,0
9,0,0
9,0,0
9,0,0
9,0,0
9,0,0
9,0,0
9,0,0
9,1,1
9,0,0
9,0,0
9,1,0
9,0,0
9,0,0
9,0,0
9,0,0
9,0,0
9,0,0
9,0,0
9,1,0
9,0,0
9,0,0
9,0,0
9,0,0
9,0,0
9,0,0
9,0,0
9,0,0
9,0,0
9,0,0
9,0,0
9,0,0
9,0,0
9,1,0
9,0,0
9,0,0
9,1,0
9,0,0
9,0,0
9,0,0
9,0,0
9,0,0
9,0,0
9,1,0
9,0,1
9,0,0
9,0,0
9,0,0
9,1,1
9,0,0
9,0,0
9,0,0
9,0,0
9,0,0
9,0,0
9,0,0
9,0,0
9,0,0
9,0,0
9,0,0
9,0,0
9,0,0
9,0,0
9,0,0
9,0,0
9,0,0
9,0,0
9,0,0
9,0,0
9,0,0
9,0,0
9,0,0
9,0,0
9,0,0
Total DB Queries This Round: 3343
Total time spent this round in seconds: 86.77396607398987
9,0,0
9,1,1
9,0,0
9,0,0
9,0,0
9,0,0
9,0,0
9,0,0
9,0,0
9,0,0
9,0,0
9,0,0
9,0,0
9,0,0
9,0,0
9,0,0
9,0,0
9,0,0
9,0,0
9,0,0
9,0,0
9,0,0
9,1,1
9,0,0
9,0,0
9,0,0
9,0,0
9,0,0
9,0,0
9,0,0
9,0,0
9,0,0
9,0,0
9,0,0
9,0,0
9,0,0
9,0,0
9,0,0
9,0,0
9,0,0
9,0,0
9,0,0
9,0,0
9,0,0
9,0,0
9,0,0
9,0,0
9,0,0
9,0,0
9,0,0
9,0,0
9,0,0
9,0,0
9,0,0
9,0,0
9,0,0
9,1,1
9,0,0
9,1,1
9,0,0
9,0,1
9,1,1
9,0,0
9,0,0
9,0,0
9,1,1
9,0,0
9,0,0
9,0,0
9,0,0
9,0,0
9,0,0
9,0,0
9,0,0
9,0,0
9,0,0
9,0,0
9,0,0
9,1,0
9,0,0
9,0,0
9,0,0
9,0,0
9,0,0
9,0,0
9,0,0
9,0,0
9,0,0
9,0,0
9,0,0
9,0,0
9,1,1
9,0,0
9,0,0
9,0,0
9,0,1
9,0,0
9,0,0
9,1,0
9,0,0
Total DB Queries This Round: 3160
Total time spent this round in seconds: 99.828125
9,0,0
9,0,0
9,0,0
9,0,0
9,0,0
9,0,0
9,0,0
9,0,1
9,0,1
9,1,1
9,0,0
9,0,0
9,0,0
9,0,0
9,0,0
9,0,0
9,0,0
9,0,0
9,0,0
9,0,0
9,1,1
9,0,1
9,0,0
9,0,0
9,1,1
9,0,0
9,0,0
9,0,0
9,0,0
9,0,0
9,0,0
9,0,0
9,0,0
9,0,0
9,0,0
9,0,0
9,0,0
9,0,0
9,0,0
9,1,1
9,0,0
9,0,1
9,0,0
9,0,0
9,0,0
9,0,0
9,0,0
9,0,0
9,0,1
9,0,1
9,1,1
9,0,0
9,1,1
9,0,0
9,0,0
9,0,0
9,0,0
9,0,0
9,0,0
9,0,0
9,0,0
9,1,1
9,0,0
9,0,0
9,0,1
9,1,1
9,0,0
9,0,0
9,0,0
9,0,0
9,0,0
9,0,0
9,0,0
9,0,0
9,0,0
9,0,0
9,0,0
9,0,0
9,0,0
9,1,1
9,0,0
9,0,0
9,0,0
9,0,0
9,0,0
9,0,0
9,0,0
9,0,0
9,0,0
9,0,0
9,0,0
9,0,0
9,0,0
9,0,0
9,0,0
9,0,0
9,0,0
9,0,1
9,0,0
9,0,0
Total DB Queries This Round: 3745
Total time spent this round in seconds: 119.94216799736023
9,0,0
9,0,0
9,0,0
9,0,0
9,0,0
9,1,0
9,0,0
9,0,0
9,0,0
9,0,0
9,0,0
9,1,1
9,0,0
9,0,0
9,0,0
9,0,0
9,0,0
9,0,0
9,0,0
9,0,0
9,0,0
9,0,0
9,0,0
9,0,0
9,0,0
9,0,0
9,0,0
9,0,0
9,0,0
9,0,0
9,0,0
9,0,0
9,0,0
9,0,0
9,0,0
9,0,0
9,0,1
9,0,0
9,0,0
9,0,0
9,0,0
9,1,1
9,0,0
9,0,0
9,0,0
9,0,0
9,0,0
9,0,0
9,1,1
9,1,1
9,0,0
9,0,0
9,0,0
9,0,0
9,0,0
9,0,0
9,1,1
9,1,1
9,0,0
9,0,0
9,0,0
9,0,0
9,0,0
9,0,0
9,0,0
9,0,0
9,0,0
9,0,0
9,0,0
9,0,0
9,0,0
9,0,0
9,0,0
9,0,0
9,0,0
9,0,0
9,0,0
9,0,0
9,0,0
9,0,0
9,0,0
9,0,0
9,0,0
9,1,1
9,0,0
9,0,0
9,0,0
9,0,0
9,0,0
9,1,1
9,0,0
9,0,0
9,0,0
9,0,0
9,0,0
9,0,0
9,0,0
9,0,0
9,0,0
9,0,1
Total DB Queries This Round: 4434
Total time spent this round in seconds: 138.1615068912506
9,1,0
9,0,0
9,0,0
9,0,0
9,0,0
9,0,0
9,0,0
9,0,0
9,0,0
9,0,0
9,0,0
9,0,0
9,1,1
9,0,0
9,0,0
9,0,0
9,0,0
9,0,0
9,0,0
9,0,0
9,0,0
9,0,0
9,0,0
9,0,0
9,0,0
9,0,0
9,0,0
9,0,0
9,0,0
9,0,0
9,0,0
9,0,0
9,0,0
9,0,0
9,0,0
9,0,0
9,0,0
9,0,0
9,1,1
9,0,1
9,0,0
9,0,0
9,0,0
9,0,0
9,1,1
9,0,0
9,0,0
9,0,0
9,1,1
9,0,1
9,0,1
9,1,1
9,0,0
9,0,0
9,0,0
9,0,0
9,0,0
9,0,0
9,0,0
9,0,0
9,0,0
9,0,1
9,0,0
9,0,0
9,0,0
9,0,0
9,1,1
9,0,0
9,0,0
9,0,0
9,0,0
9,1,1
9,0,0
9,0,0
9,0,0
9,0,0
9,0,0
9,0,0
9,0,0
9,0,0
9,0,0
9,0,0
9,0,0
9,0,0
9,0,0
9,0,1
9,0,0
9,0,0
9,0,0
9,0,0
9,0,0
9,0,0
9,0,0
9,0,0
9,0,0
9,1,1
9,0,1
9,0,0
9,0,0
9,0,0
Total DB Queries This Round: 3385
Total time spent this round in seconds: 104.59899091720581
9,0,0
9,0,0
9,0,0
9,0,0
9,1,1
9,0,0
9,0,0
9,0,0
9,0,0
9,0,0
9,0,0
9,0,0
9,0,1
9,0,0
9,0,0
9,0,0
9,0,1
9,0,0
9,0,0
9,0,0
9,0,0
9,0,0
9,0,0
9,0,0
9,0,0
9,0,0
9,0,0
9,0,0
9,0,0
9,0,0
9,0,0
9,0,0
9,0,0
9,0,0
9,0,0
9,0,0
9,0,0
9,0,0
9,0,0
9,1,1
9,0,0
9,0,0
9,0,0
9,0,0
9,0,1
9,0,0
9,0,0
9,0,0
9,0,0
9,0,0
9,1,1
9,0,0
9,0,0
9,0,0
9,0,0
9,0,0
9,0,0
9,0,0
9,0,0
9,0,0
9,0,0
9,0,0
9,0,0
9,0,0
9,0,0
9,1,1
9,0,1
9,0,0
9,0,0
9,1,1
9,0,0
9,0,0
9,0,0
9,0,1
9,0,0
9,0,0
9,0,0
9,0,0
9,0,0
9,1,1
9,0,0
9,0,0
9,0,0
9,0,0
9,0,0
9,0,0
9,0,0
9,0,0
9,0,1
9,0,0
9,0,0
9,0,1
9,1,1
9,0,0
9,1,1
9,0,0
9,1,1
9,0,1
9,0,0
9,0,0
Total DB Queries This Round: 4538
Total time spent this round in seconds: 146.18173456192017
PERCENT IN TABLE OF 100: 10%
10,1,1
10,0,0
10,0,0
10,1,1
10,0,0
10,0,0
10,0,0
10,0,0
10,0,0
10,0,0
10,0,0
10,0,0
10,0,0
10,0,0
10,0,1
10,0,0
10,0,0
10,0,0
10,0,0
10,0,0
10,0,0
10,0,0
10,0,0
10,0,0
10,0,0
10,0,0
10,0,0
10,0,0
10,0,0
10,0,0
10,0,0
10,0,0
10,1,1
10,0,0
10,1,1
10,0,1
10,0,0
10,0,0
10,0,0
10,0,0
10,1,1
10,0,0
10,0,0
10,0,0
10,0,0
10,0,0
10,0,0
10,0,0
10,0,1
10,0,1
10,1,1
10,0,0
10,0,0
10,0,0
10,0,0
10,0,0
10,0,1
10,0,0
10,0,0
10,0,0
10,0,0
10,0,0
10,1,0
10,0,0
10,0,0
10,0,0
10,0,0
10,0,0
10,0,0
10,0,0
10,1,1
10,0,0
10,0,0
10,0,0
10,0,0
10,0,0
10,0,0
10,0,0
10,0,0
10,0,0
10,0,0
10,0,0
10,0,0
10,0,0
10,0,0
10,0,0
10,0,1
10,0,0
10,0,0
10,0,0
10,0,0
10,0,0
10,0,0
10,0,0
10,1,1
10,0,0
10,0,0
10,0,0
10,1,1
10,0,1
Total DB Queries This Round: 9008
Total time spent this round in seconds: 297.2219429016113
10,0,0
10,0,0
10,0,0
10,0,0
10,0,0
10,0,0
10,0,0
10,0,0
10,1,1
10,0,0
10,1,1
10,0,1
10,1,1
10,0,1
10,0,0
10,0,0
10,0,0
10,0,1
10,0,0
10,0,0
10,0,0
10,0,0
10,0,0
10,0,0
10,0,0
10,0,0
10,0,1
10,1,1
10,0,0
10,1,1
10,0,0
10,0,0
10,0,0
10,0,0
10,0,0
10,0,0
10,0,0
10,0,0
10,0,0
10,0,0
10,0,0
10,0,0
10,0,0
10,1,1
10,0,1
10,0,1
10,0,0
10,0,0
10,0,0
10,0,0
10,0,0
10,0,0
10,0,0
10,1,1
10,0,0
10,0,0
10,0,0
10,1,1
10,0,0
10,0,0
10,0,0
10,0,0
10,0,0
10,0,0
10,0,0
10,0,0
10,0,1
10,0,1
10,0,0
10,0,0
10,0,0
10,0,0
10,0,0
10,0,0
10,0,0
10,0,0
10,0,0
10,1,1
10,0,0
10,0,0
10,0,1
10,0,1
10,0,0
10,0,0
10,0,0
10,0,0
10,0,0
10,0,0
10,0,0
10,0,0
10,0,0
10,0,0
10,1,1
10,0,0
10,0,0
10,0,0
10,0,0
10,0,0
10,0,0
10,0,0
Total DB Queries This Round: 6138
Total time spent this round in seconds: 195.6416358947754
10,1,1
10,0,0
10,0,0
10,0,0
10,0,0
10,0,0
10,0,0
10,0,0
10,0,0
10,0,0
10,0,0
10,0,1
10,0,0
10,0,0
10,0,1
10,0,0
10,0,1
10,0,0
10,1,1
10,0,1
10,0,0
10,0,0
10,1,1
10,0,0
10,0,0
10,0,0
10,0,0
10,0,0
10,0,0
10,0,0
10,0,0
10,0,0
10,1,1
10,0,0
10,0,0
10,0,0
10,0,0
10,0,0
10,0,0
10,0,0
10,0,0
10,0,1
10,0,0
10,0,0
10,0,1
10,0,0
10,0,0
10,0,0
10,0,0
10,0,0
10,0,1
10,0,0
10,0,1
10,0,1
10,0,0
10,0,0
10,0,0
10,1,1
10,0,0
10,0,0
10,0,0
10,0,0
10,0,0
10,0,1
10,0,0
10,0,0
10,0,0
10,0,1
10,0,0
10,0,0
10,1,1
10,0,1
10,0,0
10,0,0
10,0,1
10,0,0
10,0,0
10,0,0
10,1,1
10,0,0
10,0,0
10,0,0
10,0,0
10,0,0
10,1,1
10,0,0
10,0,0
10,0,0
10,0,0
10,1,1
10,0,0
10,0,0
10,0,0
10,0,0
10,0,0
10,0,0
10,0,0
10,0,1
10,1,1
10,0,0
Total DB Queries This Round: 8369
Total time spent this round in seconds: 269.50412225723267
10,0,0
10,1,1
10,1,1
10,1,1
10,1,1
10,0,0
10,0,0
10,0,0
10,0,0
10,0,1
10,0,0
10,0,1
10,0,0
10,0,0
10,0,0
10,0,0
10,0,0
10,0,0
10,0,0
10,0,0
10,0,0
10,0,1
10,0,1
10,0,0
10,0,0
10,0,0
10,0,0
10,0,0
10,0,0
10,0,1
10,0,1
10,1,1
10,0,0
10,0,0
10,0,0
10,0,0
10,1,1
10,0,0
10,0,0
10,0,0
10,0,0
10,0,0
10,0,0
10,0,1
10,0,0
10,0,0
10,0,0
10,1,1
10,0,1
10,0,0
10,0,0
10,0,0
10,0,0
10,1,1
10,0,0
10,0,0
10,1,1
10,0,0
10,0,0
10,0,0
10,0,0
10,0,0
10,0,0
10,0,0
10,0,0
10,0,0
10,0,0
10,0,1
10,0,0
10,0,0
10,0,0
10,0,0
10,0,1
10,0,0
10,0,0
10,0,0
10,0,1
10,0,0
10,0,0
10,0,0
10,0,0
10,0,0
10,0,0
10,0,0
10,0,0
10,0,0
10,0,0
10,0,0
10,0,0
10,0,0
10,0,0
10,0,0
10,0,0
10,1,1
10,0,0
10,0,0
10,0,0
10,0,0
10,0,0
10,0,0
Total DB Queries This Round: 6037
Total time spent this round in seconds: 188.86371302604675
10,1,1
10,0,0
10,0,0
10,0,0
10,0,0
10,0,0
10,0,0
10,0,0
10,0,0
10,0,0
10,0,0
10,0,0
10,0,0
10,0,0
10,0,0
10,0,0
10,0,0
10,0,0
10,0,0
10,0,0
10,0,0
10,0,0
10,1,1
10,0,1
10,0,0
10,0,0
10,0,0
10,0,0
10,0,0
10,0,0
10,0,0
10,0,0
10,0,0
10,0,0
10,0,0
10,0,0
10,1,1
10,0,0
10,0,0
10,0,0
10,0,0
10,0,0
10,0,0
10,1,1
10,0,0
10,0,0
10,0,0
10,0,0
10,1,1
10,0,1
10,0,0
10,0,0
10,0,0
10,0,0
10,0,0
10,0,0
10,0,0
10,0,0
10,0,0
10,1,1
10,1,1
10,0,0
10,0,0
10,0,0
10,0,0
10,0,0
10,0,0
10,0,0
10,0,0
10,0,0
10,0,0
10,0,0
10,0,0
10,1,1
10,0,0
10,0,0
10,0,0
10,0,0
10,0,0
10,0,0
10,0,0
10,0,0
10,0,0
10,1,1
10,0,0
10,0,0
10,0,0
10,0,0
10,0,0
10,0,0
10,0,0
10,0,0
10,0,0
10,0,0
10,0,0
10,0,0
10,0,0
10,0,1
10,1,1
10,0,1
Total DB Queries This Round: 5461
Total time spent this round in seconds: 176.92818069458008
10,0,0
10,0,0
10,0,0
10,0,0
10,0,0
10,0,1
10,0,0
10,0,0
10,0,0
10,0,0
10,0,0
10,0,0
10,0,0
10,0,1
10,0,0
10,0,0
10,0,0
10,0,0
10,0,0
10,0,0
10,0,0
10,0,0
10,0,0
10,0,0
10,1,1
10,0,0
10,0,0
10,0,0
10,0,0
10,0,0
10,1,1
10,0,0
10,0,0
10,0,0
10,0,0
10,0,0
10,1,1
10,0,0
10,0,0
10,1,1
10,0,0
10,0,0
10,0,0
10,0,0
10,0,1
10,0,0
10,0,0
10,0,0
10,0,0
10,0,0
10,0,0
10,0,0
10,0,1
10,0,0
10,0,0
10,0,0
10,0,0
10,0,0
10,0,0
10,1,1
10,0,0
10,0,1
10,1,1
10,0,0
10,0,0
10,0,0
10,0,0
10,0,0
10,0,0
10,1,1
10,0,0
10,0,0
10,1,1
10,0,0
10,0,0
10,0,0
10,0,0
10,0,0
10,1,0
10,0,0
10,0,0
10,0,0
10,0,0
10,0,0
10,0,1
10,0,1
10,0,0
10,0,0
10,0,0
10,0,0
10,0,0
10,0,0
10,0,1
10,0,0
10,1,1
10,0,0
10,0,1
10,0,0
10,0,0
10,0,0
Total DB Queries This Round: 7171
Total time spent this round in seconds: 227.62564253807068
10,1,1
10,1,1
10,0,1
10,0,0
10,0,0
10,0,0
10,0,0
10,0,0
10,0,0
10,0,0
10,1,1
10,0,0
10,0,0
10,0,1
10,0,0
10,0,0
10,1,1
10,0,0
10,0,0
10,0,0
10,0,0
10,0,0
10,0,0
10,1,1
10,0,0
10,1,1
10,0,0
10,0,0
10,0,0
10,0,0
10,0,0
10,0,0
10,0,0
10,0,0
10,1,1
10,0,0
10,0,1
10,0,0
10,0,1
10,0,0
10,0,0
10,0,0
10,0,0
10,1,1
10,0,0
10,0,0
10,0,0
10,0,0
10,0,1
10,0,1
10,0,0
10,0,0
10,0,0
10,0,0
10,0,0
10,0,0
10,0,0
10,0,0
10,0,0
10,0,0
10,0,0
10,0,0
10,0,0
10,0,0
10,0,0
10,0,0
10,0,0
10,0,0
10,0,0
10,0,0
10,0,0
10,0,0
10,1,1
10,0,1
10,0,0
10,0,0
10,0,0
10,0,0
10,0,0
10,0,1
10,0,0
10,0,0
10,0,0
10,0,0
10,0,0
10,0,0
10,0,0
10,0,0
10,0,0
10,0,0
10,0,0
10,0,0
10,0,0
10,0,0
10,0,0
10,0,0
10,1,1
10,0,0
10,0,0
10,0,0
Total DB Queries This Round: 6433
Total time spent this round in seconds: 204.3737235069275
10,0,0
10,0,0
10,0,0
10,0,0
10,0,0
10,1,1
10,0,0
10,1,1
10,0,0
10,0,0
10,0,0
10,0,0
10,0,0
10,0,0
10,0,0
10,0,0
10,1,1
10,0,1
10,0,0
10,0,0
10,0,0
10,0,0
10,0,0
10,1,1
10,0,0
10,0,0
10,0,0
10,0,0
10,1,1
10,0,0
10,0,0
10,0,0
10,0,0
10,0,0
10,0,0
10,0,0
10,0,1
10,0,0
10,0,0
10,0,0
10,0,0
10,0,0
10,0,1
10,0,1
10,0,0
10,0,0
10,0,0
10,0,0
10,0,0
10,0,0
10,0,0
10,0,0
10,0,0
10,0,0
10,0,0
10,0,0
10,0,0
10,0,0
10,0,0
10,0,0
10,0,1
10,0,0
10,1,1
10,0,0
10,0,0
10,0,0
10,1,1
10,0,0
10,0,0
10,0,0
10,0,0
10,0,0
10,0,0
10,0,0
10,0,0
10,0,0
10,0,0
10,0,0
10,0,0
10,0,0
10,0,0
10,1,1
10,0,0
10,1,1
10,1,1
10,0,0
10,0,0
10,0,1
10,0,1
10,0,0
10,0,0
10,0,0
10,0,0
10,0,0
10,0,0
10,0,0
10,0,0
10,0,0
10,0,0
10,0,0
Total DB Queries This Round: 5618
Total time spent this round in seconds: 178.25745487213135
10,0,0
10,0,1
10,0,0
10,0,0
10,0,0
10,0,0
10,0,0
10,0,0
10,0,1
10,0,0
10,0,0
10,0,0
10,0,0
10,0,0
10,0,0
10,0,0
10,1,1
10,0,1
10,0,0
10,0,0
10,1,1
10,0,0
10,0,0
10,0,0
10,0,1
10,0,0
10,1,1
10,1,1
10,0,0
10,0,0
10,0,0
10,0,1
10,0,0
10,0,0
10,0,1
10,0,0
10,0,0
10,0,0
10,0,0
10,1,1
10,0,0
10,0,0
10,0,0
10,0,0
10,0,0
10,0,0
10,0,0
10,1,1
10,0,0
10,0,0
10,0,0
10,0,0
10,0,0
10,0,1
10,0,0
10,0,0
10,0,0
10,0,0
10,0,0
10,0,0
10,0,0
10,0,0
10,0,0
10,1,1
10,0,0
10,0,0
10,0,0
10,1,1
10,0,0
10,1,1
10,0,0
10,0,1
10,0,0
10,0,0
10,0,0
10,0,0
10,0,0
10,0,0
10,0,0
10,0,0
10,0,0
10,0,0
10,0,0
10,0,0
10,0,0
10,0,0
10,0,0
10,1,1
10,0,0
10,0,0
10,0,0
10,0,0
10,0,0
10,0,0
10,0,0
10,0,0
10,0,0
10,0,0
10,0,0
10,0,0
Total DB Queries This Round: 5872
Total time spent this round in seconds: 185.93072080612183
10,0,0
10,0,0
10,1,1
10,0,0
10,0,0
10,0,0
10,0,0
10,0,0
10,0,0
10,0,0
10,0,0
10,0,0
10,0,0
10,0,0
10,0,0
10,0,0
10,1,1
10,0,0
10,0,0
10,0,0
10,0,0
10,1,1
10,0,0
10,0,0
10,0,1
10,0,0
10,0,0
10,0,0
10,0,0
10,0,0
10,0,0
10,0,0
10,1,1
10,0,0
10,1,1
10,0,0
10,0,0
10,0,0
10,0,0
10,0,1
10,0,0
10,0,0
10,0,0
10,0,0
10,0,0
10,0,0
10,1,1
10,0,0
10,0,0
10,0,0
10,0,0
10,0,0
10,0,0
10,0,0
10,0,0
10,0,0
10,0,0
10,0,0
10,1,1
10,0,0
10,0,0
10,0,0
10,0,0
10,0,0
10,0,0
10,1,1
10,0,0
10,0,0
10,0,0
10,0,0
10,0,0
10,0,0
10,0,0
10,0,1
10,0,0
10,0,0
10,0,0
10,0,0
10,0,0
10,0,1
10,0,0
10,0,0
10,0,0
10,0,0
10,0,0
10,1,1
10,0,0
10,0,0
10,0,0
10,0,0
10,0,0
10,0,0
10,0,0
10,0,0
10,0,0
10,0,0
10,1,1
10,0,0
10,0,0
10,0,0
Total DB Queries This Round: 5890
Total time spent this round in seconds: 188.43926620483398
