num_secrets,true_label,guess_label
PERCENT IN TABLE OF 100: 1%
1,0,0
1,0,0
1,0,0
1,0,0
1,0,0
1,0,0
1,0,0
1,0,0
1,0,0
1,0,0
1,0,0
1,0,0
1,0,0
1,0,0
1,0,0
1,0,0
1,0,0
1,0,0
1,0,0
1,0,0
1,0,0
1,0,0
1,0,0
1,0,0
1,0,0
1,0,0
1,0,0
1,0,0
1,0,0
1,0,0
1,0,0
1,0,0
1,0,0
1,0,0
1,1,1
1,0,0
1,0,0
1,0,0
1,0,0
1,0,0
1,0,0
1,0,0
1,0,0
1,0,0
1,0,0
1,0,0
1,0,0
1,0,0
1,0,0
1,0,0
1,0,0
1,0,0
1,0,0
1,0,0
1,0,0
1,0,0
1,0,0
1,0,0
1,0,0
1,0,0
1,0,0
1,0,0
1,0,0
1,0,0
1,0,0
1,0,0
1,0,0
1,0,0
1,0,0
1,0,0
1,0,0
1,0,0
1,0,0
1,0,0
1,0,0
1,0,0
1,0,0
1,0,0
1,0,0
1,0,0
1,0,0
1,0,0
1,0,0
1,0,0
1,0,0
1,0,0
1,0,0
1,0,0
1,0,0
1,0,0
1,0,0
1,0,0
1,0,0
1,0,0
1,0,0
1,0,0
1,0,0
1,0,0
1,0,0
1,0,0
Total DB Queries This Round: 3702
Total time spent this round in seconds: 80.74621295928955
1,0,0
1,0,0
1,0,0
1,0,0
1,0,0
1,0,0
1,0,0
1,0,0
1,0,0
1,0,0
1,0,0
1,0,0
1,0,0
1,0,0
1,0,0
1,0,0
1,0,0
1,0,0
1,0,0
1,0,0
1,0,0
1,0,0
1,0,0
1,0,0
1,0,0
1,0,0
1,0,0
1,0,0
1,0,0
1,0,0
1,0,0
1,0,0
1,0,0
1,0,0
1,0,0
1,0,0
1,0,0
1,0,0
1,0,0
1,0,0
1,0,0
1,0,0
1,0,0
1,0,0
1,0,0
1,0,0
1,0,0
1,0,0
1,0,0
1,0,0
1,0,0
1,0,0
1,1,1
1,0,0
1,0,0
1,0,0
1,0,0
1,0,0
1,0,0
1,0,0
1,0,0
1,0,0
1,0,0
1,0,0
1,0,0
1,0,0
1,0,0
1,0,0
1,0,0
1,0,0
1,0,0
1,0,0
1,0,0
1,0,0
1,0,0
1,0,0
1,0,0
1,0,0
1,0,0
1,0,0
1,0,0
1,0,0
1,0,0
1,0,0
1,0,0
1,0,0
1,0,0
1,0,0
1,0,0
1,0,0
1,0,0
1,0,0
1,0,0
1,0,0
1,0,0
1,0,0
1,0,0
1,0,0
1,0,0
1,0,0
Total DB Queries This Round: 12210
Total time spent this round in seconds: 263.9980437755585
1,0,0
1,0,0
1,0,0
1,0,0
1,0,0
1,0,0
1,0,0
1,0,0
1,0,0
1,0,0
1,0,0
1,0,0
1,0,0
1,0,0
1,0,0
1,0,0
1,0,0
1,0,0
1,0,0
1,0,0
1,0,0
1,0,0
1,0,0
1,0,0
1,0,0
1,0,0
1,0,0
1,0,0
1,0,0
1,0,0
1,0,0
1,0,0
1,0,0
1,0,0
1,0,0
1,0,0
1,0,0
1,0,0
1,0,0
1,0,0
1,0,0
1,0,0
1,0,0
1,0,0
1,0,0
1,0,0
1,0,0
1,0,0
1,0,0
1,0,0
1,0,0
1,0,0
1,0,0
1,0,0
1,0,0
1,0,0
1,0,0
1,0,0
1,0,0
1,0,0
1,0,0
1,0,0
1,0,0
1,0,0
1,0,0
1,0,0
1,0,0
1,0,0
1,0,0
1,0,0
1,0,0
1,0,0
1,0,0
1,0,0
1,0,0
1,0,0
1,0,0
1,0,0
1,0,0
1,0,0
1,0,0
1,0,0
1,0,0
1,0,0
1,0,0
1,0,0
1,0,0
1,0,0
1,0,0
1,0,0
1,0,0
1,0,0
1,0,0
1,0,0
1,1,1
1,0,0
1,0,0
1,0,0
1,0,0
1,0,0
Total DB Queries This Round: 3584
Total time spent this round in seconds: 76.07886719703674
1,0,0
1,0,0
1,0,0
1,0,0
1,0,0
1,0,0
1,0,0
1,0,0
1,0,0
1,0,0
1,0,0
1,0,0
1,0,0
1,0,0
1,0,0
1,0,0
1,0,0
1,0,0
1,0,0
1,0,0
1,0,0
1,0,0
1,1,1
1,0,0
1,0,0
1,0,0
1,0,0
1,0,0
1,0,0
1,0,0
1,0,0
1,0,0
1,0,0
1,0,0
1,0,0
1,0,0
1,0,0
1,0,0
1,0,0
1,0,0
1,0,0
1,0,0
1,0,0
1,0,0
1,0,0
1,0,0
1,0,0
1,0,0
1,0,0
1,0,0
1,0,0
1,0,0
1,0,0
1,0,0
1,0,0
1,0,0
1,0,0
1,0,0
1,0,0
1,0,0
1,0,0
1,0,0
1,0,0
1,0,0
1,0,0
1,0,0
1,0,0
1,0,0
1,0,0
1,0,0
1,0,0
1,0,0
1,0,0
1,0,0
1,0,0
1,0,0
1,0,0
1,0,0
1,0,0
1,0,0
1,0,0
1,0,0
1,0,0
1,0,0
1,0,0
1,0,0
1,0,0
1,0,0
1,0,0
1,0,0
1,0,0
1,0,0
1,0,0
1,0,0
1,0,0
1,0,0
1,0,0
1,0,0
1,0,0
1,0,0
Total DB Queries This Round: 2826
Total time spent this round in seconds: 61.718677043914795
1,0,0
1,0,0
1,0,0
1,0,0
1,0,0
1,0,0
1,0,0
1,0,0
1,0,0
1,0,0
1,0,0
1,0,0
1,0,0
1,0,0
1,0,0
1,0,0
1,0,0
1,0,0
1,0,0
1,0,0
1,0,0
1,0,0
1,0,0
1,0,0
1,0,0
1,0,0
1,0,0
1,0,0
1,0,0
1,0,0
1,0,0
1,0,0
1,0,0
1,0,0
1,0,0
1,0,0
1,0,0
1,0,0
1,0,0
1,0,0
1,0,0
1,0,0
1,0,0
1,0,0
1,0,0
1,0,0
1,0,0
1,0,0
1,0,0
1,0,0
1,0,0
1,0,0
1,0,0
1,0,0
1,0,0
1,0,0
1,0,0
1,0,0
1,0,0
1,0,0
1,0,0
1,0,0
1,0,0
1,0,0
1,0,0
1,0,0
1,0,0
1,0,0
1,0,0
1,0,0
1,0,0
1,1,0
1,0,0
1,0,0
1,0,0
1,0,0
1,0,0
1,0,0
1,0,0
1,0,0
1,0,0
1,0,0
1,0,0
1,0,0
1,0,0
1,0,0
1,0,0
1,0,0
1,0,0
1,0,0
1,0,0
1,0,0
1,0,0
1,0,0
1,0,0
1,0,0
1,0,0
1,0,0
1,0,0
1,0,0
Total DB Queries This Round: 11384
Total time spent this round in seconds: 255.54109907150269
1,0,0
1,0,0
1,0,0
1,0,0
1,0,0
1,0,0
1,0,0
1,0,0
1,0,0
1,0,0
1,0,0
1,0,0
1,0,0
1,0,0
1,0,0
1,0,0
1,0,0
1,0,0
1,0,0
1,0,0
1,0,0
1,0,0
1,0,0
1,0,0
1,0,0
1,0,0
1,0,0
1,0,0
1,0,0
1,0,0
1,0,0
1,0,0
1,0,0
1,0,0
1,0,0
1,0,0
1,0,0
1,0,0
1,0,0
1,0,0
1,0,0
1,0,0
1,0,0
1,0,0
1,0,0
1,0,0
1,0,0
1,0,0
1,0,0
1,1,0
1,0,0
1,0,0
1,0,0
1,0,0
1,0,0
1,0,0
1,0,0
1,0,0
1,0,0
1,0,0
1,0,0
1,0,0
1,0,0
1,0,0
1,0,0
1,0,0
1,0,0
1,0,0
1,0,0
1,0,0
1,0,0
1,0,0
1,0,0
1,0,0
1,0,0
1,0,0
1,0,0
1,0,0
1,0,0
1,0,0
1,0,0
1,0,0
1,0,0
1,0,0
1,0,0
1,0,0
1,0,0
1,0,0
1,0,0
1,0,0
1,0,0
1,0,0
1,0,0
1,0,0
1,0,0
1,0,0
1,0,0
1,0,0
1,0,0
1,0,0
Total DB Queries This Round: 16499
Total time spent this round in seconds: 361.7928535938263
1,0,0
1,0,0
1,0,0
1,0,0
1,0,0
1,0,0
1,0,0
1,0,0
1,0,0
1,0,0
1,0,0
1,0,0
1,0,0
1,0,0
1,0,0
1,0,0
1,0,0
1,0,0
1,0,0
1,0,0
1,0,0
1,0,0
1,0,0
1,0,0
1,0,0
1,0,0
1,0,0
1,0,0
1,0,0
1,0,0
1,0,0
1,0,0
1,0,0
1,0,0
1,0,0
1,0,0
1,0,0
1,0,0
1,0,0
1,0,0
1,0,0
1,0,0
1,0,0
1,0,0
1,0,0
1,0,0
1,0,0
1,0,0
1,0,0
1,0,0
1,0,0
1,0,0
1,0,0
1,0,0
1,0,0
1,0,0
1,0,0
1,0,0
1,0,0
1,0,0
1,0,0
1,0,0
1,0,0
1,0,0
1,0,0
1,0,0
1,0,0
1,0,0
1,0,0
1,0,0
1,0,0
1,0,0
1,0,0
1,0,0
1,0,0
1,0,0
1,0,0
1,0,0
1,0,0
1,0,0
1,0,0
1,0,0
1,0,0
1,0,0
1,1,1
1,0,0
1,0,0
1,0,0
1,0,0
1,0,0
1,0,0
1,0,0
1,0,0
1,0,0
1,0,0
1,0,0
1,0,0
1,0,0
1,0,0
1,0,0
Total DB Queries This Round: 3433
Total time spent this round in seconds: 79.44462442398071
1,0,0
1,0,0
1,0,0
1,0,0
1,0,0
1,0,0
1,0,0
1,0,0
1,0,0
1,0,0
1,0,0
1,0,0
1,0,0
1,0,0
1,0,0
1,0,0
1,1,0
1,0,0
1,0,0
1,0,0
1,0,0
1,0,0
1,0,0
1,0,0
1,0,0
1,0,0
1,0,0
1,0,0
1,0,0
1,0,0
1,0,0
1,0,0
1,0,0
1,0,0
1,0,0
1,0,0
1,0,0
1,0,0
1,0,0
1,0,0
1,0,0
1,0,0
1,0,0
1,0,0
1,0,0
1,0,0
1,0,0
1,0,0
1,0,0
1,0,0
1,0,0
1,0,0
1,0,0
1,0,0
1,0,0
1,0,0
1,0,0
1,0,0
1,0,0
1,0,0
1,0,0
1,0,0
1,0,0
1,0,0
1,0,0
1,0,0
1,0,0
1,0,0
1,0,0
1,0,0
1,0,0
1,0,0
1,0,0
1,0,0
1,0,0
1,0,0
1,0,0
1,0,0
1,0,0
1,0,0
1,0,0
1,0,0
1,0,0
1,0,0
1,0,0
1,0,0
1,0,0
1,0,0
1,0,0
1,0,0
1,0,0
1,0,0
1,0,0
1,0,0
1,0,0
1,0,0
1,0,0
1,0,0
1,0,0
1,0,0
Total DB Queries This Round: 14395
Total time spent this round in seconds: 321.06152153015137
1,0,0
1,0,0
1,0,0
1,0,0
1,0,0
1,0,0
1,0,0
1,0,0
1,0,0
1,0,0
1,0,0
1,0,0
1,0,0
1,0,0
1,0,0
1,0,0
1,0,0
1,0,0
1,0,0
1,0,0
1,0,0
1,0,0
1,0,0
1,0,0
1,0,0
1,0,0
1,0,0
1,0,0
1,0,0
1,0,0
1,0,0
1,0,0
1,0,0
1,0,0
1,0,0
1,0,0
1,0,0
1,0,0
1,0,0
1,0,0
1,0,0
1,0,0
1,0,0
1,0,0
1,0,0
1,0,0
1,0,0
1,0,0
1,0,0
1,0,0
1,0,0
1,0,0
1,0,0
1,0,0
1,0,0
1,0,0
1,0,0
1,0,0
1,0,0
1,0,0
1,0,0
1,0,0
1,0,0
1,0,0
1,0,0
1,0,0
1,0,0
1,0,0
1,0,0
1,0,0
1,0,0
1,0,0
1,0,0
1,0,0
1,0,0
1,0,0
1,0,0
1,0,0
1,0,0
1,0,0
1,0,0
1,0,0
1,0,0
1,0,0
1,0,0
1,0,0
1,0,0
1,0,0
1,0,0
1,0,0
1,0,0
1,0,0
1,1,1
1,0,0
1,0,0
1,0,0
1,0,0
1,0,0
1,0,0
1,0,0
Total DB Queries This Round: 15694
Total time spent this round in seconds: 352.1142649650574
1,0,0
1,0,0
1,0,0
1,0,0
1,0,0
1,0,0
1,0,0
1,0,0
1,0,0
1,0,0
1,0,0
1,0,0
1,0,0
1,0,0
1,0,0
1,0,0
1,0,0
1,0,0
1,0,0
1,0,0
1,0,0
1,0,0
1,0,0
1,0,0
1,0,0
1,0,0
1,0,0
1,0,0
1,1,1
1,0,0
1,0,0
1,0,0
1,0,0
1,0,0
1,0,0
1,0,0
1,0,0
1,0,0
1,0,0
1,0,0
1,0,0
1,0,0
1,0,0
1,0,0
1,0,0
1,0,0
1,0,0
1,0,0
1,0,0
1,0,0
1,0,0
1,0,0
1,0,0
1,0,0
1,0,0
1,0,0
1,0,0
1,0,0
1,0,0
1,0,1
1,0,0
1,0,0
1,0,0
1,0,0
1,0,0
1,0,0
1,0,0
1,0,0
1,0,0
1,0,0
1,0,0
1,0,0
1,0,0
1,0,0
1,0,0
1,0,0
1,0,0
1,0,0
1,0,0
1,0,0
1,0,0
1,0,0
1,0,0
1,0,0
1,0,0
1,0,0
1,0,0
1,0,0
1,0,0
1,0,0
1,0,0
1,0,0
1,0,0
1,0,0
1,0,0
1,0,0
1,0,0
1,0,0
1,0,0
1,0,0
Total DB Queries This Round: 3002
Total time spent this round in seconds: 70.12334156036377
PERCENT IN TABLE OF 100: 2%
2,0,0
2,0,0
2,0,0
2,0,0
2,0,0
2,0,0
2,1,1
2,0,0
2,0,0
2,0,0
2,0,0
2,0,0
2,0,0
2,0,0
2,0,0
2,0,0
2,0,0
2,0,0
2,0,0
2,0,0
2,0,0
2,0,0
2,0,0
2,0,0
2,0,0
2,0,0
2,0,0
2,0,0
2,0,1
2,1,1
2,0,0
2,0,0
2,0,0
2,0,0
2,0,0
2,0,0
2,0,0
2,0,0
2,0,0
2,0,0
2,0,0
2,0,0
2,0,0
2,0,0
2,0,0
2,0,0
2,0,0
2,0,0
2,0,0
2,0,0
2,0,0
2,0,0
2,0,0
2,0,0
2,0,0
2,0,0
2,0,0
2,0,0
2,0,0
2,0,0
2,0,0
2,0,0
2,0,0
2,0,0
2,0,0
2,0,0
2,0,0
2,0,0
2,0,0
2,0,0
2,0,0
2,0,0
2,0,0
2,0,0
2,0,0
2,0,0
2,0,0
2,0,0
2,0,0
2,0,0
2,0,0
2,0,0
2,0,0
2,0,0
2,0,0
2,0,0
2,0,0
2,0,0
2,0,0
2,0,0
2,0,0
2,0,0
2,0,0
2,0,0
2,0,0
2,0,0
2,0,0
2,0,0
2,0,0
2,0,0
Total DB Queries This Round: 5705
Total time spent this round in seconds: 135.24217104911804
2,0,0
2,0,0
2,0,0
2,0,0
2,0,0
2,0,0
2,0,0
2,0,0
2,0,0
2,0,0
2,0,0
2,0,0
2,0,0
2,0,0
2,0,0
2,0,0
2,1,1
2,0,0
2,0,0
2,0,0
2,0,0
2,0,0
2,0,0
2,0,0
2,0,0
2,0,0
2,0,0
2,0,0
2,0,0
2,0,0
2,0,0
2,0,0
2,0,0
2,0,0
2,0,0
2,0,0
2,0,0
2,0,0
2,0,0
2,0,0
2,0,0
2,0,0
2,0,0
2,0,0
2,0,0
2,0,0
2,0,0
2,0,0
2,0,0
2,0,0
2,0,0
2,0,0
2,0,0
2,0,0
2,0,0
2,0,0
2,1,1
2,0,0
2,0,0
2,0,0
2,0,0
2,0,0
2,0,0
2,0,0
2,0,0
2,0,0
2,0,0
2,0,0
2,0,0
2,0,0
2,0,0
2,0,0
2,0,0
2,0,0
2,0,0
2,0,0
2,0,0
2,0,0
2,0,0
2,0,0
2,0,0
2,0,0
2,0,0
2,0,0
2,0,0
2,0,0
2,0,0
2,0,0
2,0,0
2,0,0
2,0,0
2,0,0
2,0,0
2,0,0
2,0,0
2,0,0
2,0,0
2,0,0
2,0,0
2,0,0
Total DB Queries This Round: 5580
Total time spent this round in seconds: 135.24937295913696
2,0,0
2,0,0
2,0,0
2,0,0
2,0,0
2,0,0
2,0,0
2,0,0
2,0,0
2,0,0
2,0,0
2,0,0
2,0,0
2,0,0
2,0,0
2,0,0
2,0,0
2,0,0
2,0,0
2,0,0
2,0,0
2,0,0
2,0,0
2,0,0
2,0,0
2,0,0
2,0,0
2,0,0
2,0,0
2,0,0
2,0,0
2,0,0
2,0,0
2,0,0
2,0,0
2,0,0
2,0,0
2,0,0
2,1,1
2,0,0
2,0,0
2,0,0
2,0,0
2,0,0
2,0,0
2,0,0
2,0,0
2,0,0
2,0,0
2,0,0
2,0,0
2,0,0
2,0,0
2,0,0
2,0,0
2,0,0
2,0,0
2,0,0
2,0,0
2,0,0
2,0,0
2,0,0
2,0,0
2,0,0
2,0,0
2,0,0
2,0,0
2,0,0
2,0,0
2,0,0
2,0,0
2,0,0
2,0,0
2,0,0
2,0,0
2,0,0
2,0,0
2,0,0
2,0,0
2,0,0
2,1,1
2,0,0
2,0,0
2,0,0
2,0,0
2,0,0
2,0,0
2,0,0
2,0,0
2,0,0
2,0,0
2,0,0
2,0,0
2,0,0
2,0,0
2,0,0
2,0,0
2,0,0
2,0,0
2,0,0
Total DB Queries This Round: 5508
Total time spent this round in seconds: 133.99856424331665
2,0,0
2,0,0
2,0,0
2,0,0
2,0,0
2,0,0
2,0,0
2,0,0
2,0,0
2,0,0
2,0,0
2,0,0
2,0,0
2,0,0
2,0,0
2,0,0
2,0,0
2,0,0
2,0,0
2,1,0
2,0,0
2,0,0
2,0,0
2,0,0
2,0,0
2,0,0
2,0,0
2,0,0
2,0,0
2,0,0
2,0,0
2,0,0
2,0,0
2,0,0
2,0,0
2,0,0
2,0,0
2,0,0
2,0,0
2,0,0
2,0,0
2,0,0
2,0,0
2,0,0
2,0,0
2,0,0
2,0,0
2,0,0
2,0,0
2,0,0
2,0,0
2,0,0
2,0,0
2,0,0
2,0,0
2,0,0
2,0,0
2,0,0
2,0,0
2,0,0
2,0,0
2,0,0
2,0,0
2,0,0
2,0,0
2,0,0
2,0,0
2,0,0
2,0,0
2,0,0
2,0,0
2,0,0
2,0,0
2,0,0
2,0,0
2,0,0
2,0,0
2,0,0
2,0,0
2,0,0
2,0,0
2,1,1
2,0,0
2,0,0
2,0,0
2,0,0
2,0,0
2,0,0
2,0,0
2,0,0
2,0,0
2,0,0
2,0,0
2,0,0
2,0,0
2,0,0
2,0,0
2,0,0
2,0,0
2,0,0
Total DB Queries This Round: 6678
Total time spent this round in seconds: 167.90792298316956
2,0,0
2,0,0
2,0,0
2,0,0
2,0,0
2,0,0
2,0,0
2,0,0
2,0,0
2,0,0
2,0,0
2,0,0
2,0,0
2,0,0
2,0,0
2,0,0
2,0,0
2,0,0
2,0,0
2,0,0
2,0,0
2,0,0
2,0,0
2,0,0
2,0,0
2,0,0
2,0,0
2,0,0
2,0,0
2,0,0
2,0,0
2,0,0
2,0,0
2,1,1
2,0,0
2,0,0
2,0,0
2,0,0
2,1,1
2,0,0
2,0,0
2,0,0
2,0,0
2,0,0
2,0,0
2,0,0
2,0,0
2,0,0
2,0,0
2,0,0
2,0,0
2,0,0
2,0,0
2,0,0
2,0,0
2,0,0
2,0,0
2,0,0
2,0,0
2,0,0
2,0,0
2,0,0
2,0,0
2,0,0
2,0,0
2,0,0
2,0,0
2,0,0
2,0,0
2,0,0
2,0,0
2,0,0
2,0,0
2,0,0
2,0,0
2,0,0
2,0,0
2,0,0
2,0,0
2,0,0
2,0,0
2,0,0
2,0,0
2,0,0
2,0,0
2,0,0
2,0,0
2,0,0
2,0,0
2,0,0
2,0,0
2,0,0
2,0,0
2,0,0
2,0,0
2,0,0
2,0,0
2,0,0
2,0,0
2,0,0
Total DB Queries This Round: 5451
Total time spent this round in seconds: 136.9475498199463
2,0,0
2,0,0
2,0,0
2,0,0
2,0,0
2,0,0
2,0,0
2,0,0
2,0,0
2,0,0
2,0,0
2,0,0
2,0,0
2,0,0
2,0,0
2,0,0
2,0,0
2,0,0
2,0,0
2,0,0
2,0,0
2,0,0
2,0,0
2,0,0
2,0,0
2,0,0
2,0,0
2,0,1
2,0,0
2,0,0
2,0,0
2,0,0
2,0,0
2,0,0
2,0,0
2,0,0
2,0,0
2,0,0
2,0,0
2,0,0
2,0,0
2,0,0
2,0,0
2,0,0
2,0,0
2,0,0
2,0,0
2,0,0
2,0,0
2,0,0
2,0,0
2,0,0
2,0,0
2,0,0
2,0,0
2,1,1
2,0,0
2,0,0
2,0,0
2,0,0
2,0,0
2,0,0
2,0,0
2,0,0
2,1,1
2,0,0
2,0,0
2,0,0
2,0,0
2,0,0
2,0,0
2,0,0
2,0,0
2,0,0
2,0,0
2,0,0
2,0,0
2,0,0
2,0,0
2,0,0
2,0,0
2,0,0
2,0,0
2,0,0
2,0,0
2,0,0
2,0,0
2,0,0
2,0,0
2,0,0
2,0,0
2,0,0
2,0,0
2,0,0
2,0,0
2,0,0
2,0,0
2,0,0
2,0,0
2,0,0
Total DB Queries This Round: 5500
Total time spent this round in seconds: 134.3707103729248
2,0,0
2,0,0
2,0,0
2,0,0
2,0,0
2,0,0
2,0,0
2,0,0
2,0,0
2,0,0
2,0,0
2,0,0
2,0,0
2,0,0
2,0,0
2,0,0
2,0,0
2,0,0
2,0,0
2,0,0
2,0,0
2,0,0
2,0,0
2,0,0
2,0,0
2,0,0
2,0,0
2,1,1
2,0,0
2,0,0
2,0,0
2,0,0
2,0,0
2,0,0
2,0,0
2,0,0
2,0,0
2,0,0
2,0,0
2,0,0
2,0,0
2,0,0
2,0,0
2,0,0
2,0,0
2,0,0
2,0,0
2,0,0
2,0,0
2,0,0
2,1,1
2,0,0
2,0,0
2,0,0
2,0,0
2,0,0
2,0,0
2,0,0
2,0,0
2,0,0
2,0,0
2,0,0
2,0,0
2,0,0
2,0,0
2,0,0
2,0,0
2,0,0
2,0,0
2,0,0
2,0,0
2,0,0
2,0,0
2,0,0
2,0,0
2,0,0
2,0,0
2,0,0
2,0,0
2,0,0
2,0,0
2,0,0
2,0,0
2,0,0
2,0,0
2,0,0
2,0,0
2,0,0
2,0,0
2,0,1
2,0,0
2,0,0
2,0,0
2,0,0
2,0,0
2,0,0
2,0,0
2,0,0
2,0,0
2,0,0
Total DB Queries This Round: 6014
Total time spent this round in seconds: 144.56788802146912
2,0,0
2,0,0
2,0,0
2,0,0
2,0,0
2,0,0
2,0,0
2,0,0
2,0,0
2,0,0
2,0,0
2,0,0
2,0,0
2,0,0
2,0,0
2,0,0
2,0,0
2,0,0
2,0,0
2,0,0
2,0,0
2,0,0
2,0,0
2,0,0
2,0,0
2,0,0
2,0,0
2,0,0
2,0,0
2,0,0
2,0,0
2,0,0
2,0,0
2,0,0
2,0,0
2,0,0
2,0,0
2,0,0
2,0,0
2,0,0
2,0,0
2,0,0
2,0,0
2,0,0
2,0,0
2,0,0
2,0,0
2,0,0
2,0,0
2,0,0
2,0,0
2,0,0
2,0,0
2,0,0
2,0,0
2,0,0
2,0,0
2,0,0
2,0,0
2,1,1
2,0,0
2,0,0
2,0,0
2,0,0
2,0,0
2,0,0
2,0,0
2,0,0
2,0,0
2,0,0
2,0,0
2,0,0
2,0,0
2,0,0
2,0,0
2,0,0
2,0,0
2,0,0
2,0,0
2,0,0
2,0,0
2,0,0
2,0,0
2,0,0
2,0,0
2,0,0
2,0,0
2,0,0
2,0,0
2,0,0
2,0,0
2,0,0
2,1,1
2,0,0
2,0,0
2,0,0
2,0,0
2,0,0
2,0,0
2,0,0
Total DB Queries This Round: 5366
Total time spent this round in seconds: 130.70291304588318
2,0,0
2,0,0
2,0,0
2,0,0
2,0,0
2,0,0
2,0,0
2,0,0
2,0,0
2,0,0
2,0,0
2,0,0
2,0,0
2,0,0
2,0,0
2,0,0
2,0,0
2,0,0
2,0,0
2,0,0
2,0,0
2,0,0
2,0,0
2,0,0
2,0,0
2,0,0
2,0,0
2,0,0
2,0,0
2,0,0
2,0,0
2,0,0
2,0,0
2,0,0
2,0,0
2,0,0
2,0,0
2,0,0
2,0,0
2,0,0
2,0,0
2,0,0
2,0,0
2,0,0
2,0,0
2,0,0
2,0,0
2,0,0
2,0,0
2,0,0
2,0,0
2,0,0
2,0,0
2,0,0
2,0,0
2,0,0
2,0,0
2,0,0
2,0,0
2,0,0
2,0,0
2,0,0
2,0,0
2,0,0
2,1,1
2,0,0
2,0,0
2,0,0
2,0,0
2,0,0
2,0,0
2,0,0
2,0,0
2,0,0
2,0,0
2,0,0
2,0,0
2,0,0
2,1,1
2,0,0
2,0,0
2,0,0
2,0,0
2,0,0
2,0,0
2,0,0
2,0,0
2,0,0
2,0,0
2,0,0
2,0,0
2,0,0
2,0,0
2,0,0
2,0,0
2,0,0
2,0,0
2,0,0
2,0,0
2,0,0
Total DB Queries This Round: 5499
Total time spent this round in seconds: 136.8327395915985
2,0,0
2,0,0
2,0,0
2,0,0
2,0,0
2,0,0
2,0,0
2,0,0
2,0,0
2,0,0
2,1,1
2,0,0
2,0,0
2,0,0
2,0,0
2,0,0
2,0,0
2,0,0
2,0,0
2,0,0
2,0,0
2,0,0
2,0,0
2,0,0
2,0,0
2,0,0
2,0,0
2,0,0
2,0,0
2,0,0
2,0,0
2,0,0
2,0,0
2,0,1
2,0,0
2,0,0
2,0,0
2,0,0
2,0,0
2,0,0
2,0,0
2,0,0
2,0,0
2,0,0
2,0,0
2,0,0
2,0,0
2,0,0
2,0,0
2,0,0
2,0,0
2,0,0
2,0,0
2,0,0
2,0,0
2,0,0
2,0,0
2,0,0
2,0,0
2,0,0
2,0,1
2,0,0
2,0,0
2,0,0
2,1,1
2,0,0
2,0,0
2,0,0
2,0,0
2,0,0
2,0,0
2,0,0
2,0,0
2,0,0
2,0,0
2,0,0
2,0,0
2,0,0
2,0,0
2,0,0
2,0,0
2,0,0
2,0,0
2,0,0
2,0,0
2,0,0
2,0,0
2,0,0
2,0,0
2,0,0
2,0,0
2,0,0
2,0,0
2,0,0
2,0,0
2,0,0
2,0,0
2,0,0
2,0,0
2,0,0
Total DB Queries This Round: 5811
Total time spent this round in seconds: 142.2064015865326
PERCENT IN TABLE OF 100: 3%
3,0,0
3,0,0
3,1,1
3,0,0
3,0,0
3,0,0
3,0,0
3,0,0
3,0,0
3,0,0
3,0,0
3,0,0
3,0,0
3,0,0
3,0,0
3,0,0
3,0,0
3,0,0
3,0,0
3,0,0
3,0,0
3,0,0
3,0,0
3,0,0
3,0,0
3,0,0
3,0,0
3,0,0
3,0,0
3,0,0
3,0,0
3,0,0
3,0,0
3,0,0
3,0,0
3,0,0
3,0,0
3,0,0
3,0,0
3,0,0
3,0,0
3,0,0
3,0,0
3,0,0
3,0,0
3,0,0
3,0,0
3,0,0
3,0,0
3,0,0
3,0,0
3,0,0
3,0,0
3,0,0
3,0,0
3,0,0
3,0,0
3,0,0
3,0,0
3,1,1
3,0,0
3,0,0
3,1,1
3,0,0
3,0,0
3,0,0
3,0,0
3,0,0
3,0,0
3,0,0
3,0,0
3,0,0
3,0,0
3,0,0
3,0,0
3,0,0
3,0,0
3,0,0
3,0,0
3,0,0
3,0,0
3,0,0
3,0,0
3,0,0
3,0,0
3,0,0
3,0,0
3,0,0
3,0,0
3,0,0
3,0,0
3,0,0
3,0,0
3,0,0
3,0,0
3,0,0
3,0,0
3,0,0
3,0,0
3,0,0
Total DB Queries This Round: 9616
Total time spent this round in seconds: 230.9286653995514
3,0,0
3,0,0
3,0,0
3,0,0
3,0,0
3,1,1
3,0,0
3,0,0
3,0,1
3,0,0
3,0,0
3,0,0
3,0,0
3,0,0
3,0,0
3,0,0
3,0,0
3,0,0
3,0,0
3,0,0
3,0,0
3,0,0
3,0,0
3,0,0
3,0,0
3,0,0
3,0,0
3,0,0
3,0,0
3,0,0
3,0,0
3,0,0
3,0,0
3,0,0
3,0,0
3,0,0
3,0,0
3,0,0
3,0,0
3,0,0
3,0,0
3,1,1
3,0,0
3,0,0
3,0,0
3,0,0
3,0,0
3,0,0
3,0,0
3,1,1
3,0,0
3,0,0
3,0,0
3,0,0
3,0,0
3,0,0
3,0,0
3,0,0
3,0,0
3,0,0
3,0,0
3,0,0
3,0,0
3,0,0
3,0,0
3,0,0
3,0,0
3,0,0
3,0,0
3,0,0
3,0,0
3,0,0
3,0,0
3,0,0
3,0,0
3,0,0
3,0,0
3,0,0
3,0,0
3,0,0
3,0,0
3,0,0
3,0,0
3,0,0
3,0,0
3,0,0
3,0,0
3,0,0
3,0,0
3,0,0
3,0,0
3,0,0
3,0,0
3,0,0
3,0,0
3,0,0
3,0,0
3,0,0
3,0,0
3,0,0
Total DB Queries This Round: 11523
Total time spent this round in seconds: 266.287394285202
3,0,0
3,0,0
3,0,0
3,0,0
3,0,0
3,0,0
3,0,0
3,0,0
3,0,0
3,0,0
3,0,0
3,0,0
3,0,0
3,0,0
3,0,0
3,0,0
3,0,0
3,0,0
3,0,0
3,0,0
3,0,0
3,0,0
3,0,0
3,0,0
3,0,0
3,0,0
3,0,0
3,0,0
3,0,0
3,0,0
3,0,0
3,0,0
3,0,0
3,0,0
3,0,0
3,0,0
3,0,0
3,0,0
3,0,0
3,0,0
3,0,0
3,0,0
3,0,0
3,0,0
3,0,0
3,0,0
3,0,0
3,0,0
3,0,0
3,0,0
3,0,0
3,0,0
3,0,0
3,0,0
3,0,0
3,0,0
3,0,0
3,0,0
3,0,0
3,0,0
3,0,0
3,0,0
3,0,0
3,0,0
3,0,0
3,0,0
3,0,0
3,0,0
3,0,0
3,0,0
3,0,0
3,0,0
3,0,0
3,0,0
3,0,0
3,0,0
3,0,0
3,0,0
3,0,0
3,0,0
3,0,0
3,0,0
3,0,0
3,1,1
3,1,1
3,0,0
3,0,0
3,1,0
3,0,0
3,0,0
3,0,0
3,0,0
3,0,0
3,0,0
3,0,0
3,0,0
3,0,0
3,0,0
3,0,0
3,0,0
Total DB Queries This Round: 7659
Total time spent this round in seconds: 182.48734831809998
3,0,0
3,0,0
3,0,0
3,0,0
3,0,0
3,0,0
3,0,0
3,0,0
3,0,0
3,0,0
3,0,0
3,0,0
3,0,0
3,0,0
3,0,0
3,0,0
3,0,0
3,0,0
3,0,0
3,0,0
3,0,0
3,0,0
3,0,0
3,0,0
3,0,0
3,0,0
3,0,0
3,1,1
3,0,0
3,0,0
3,0,0
3,0,0
3,0,0
3,1,0
3,0,0
3,0,0
3,0,0
3,0,0
3,0,0
3,0,0
3,0,0
3,0,0
3,0,0
3,0,0
3,0,0
3,0,0
3,0,0
3,0,0
3,0,0
3,0,0
3,0,0
3,0,0
3,0,0
3,0,1
3,0,0
3,0,0
3,0,0
3,0,0
3,0,0
3,0,0
3,0,0
3,0,0
3,0,0
3,0,0
3,0,0
3,0,0
3,0,0
3,0,0
3,0,0
3,0,0
3,0,0
3,0,0
3,0,0
3,0,0
3,0,0
3,0,0
3,0,0
3,0,0
3,0,0
3,0,0
3,0,0
3,0,0
3,0,0
3,0,0
3,0,0
3,0,0
3,0,0
3,0,0
3,0,0
3,0,0
3,0,0
3,0,0
3,0,0
3,0,0
3,0,0
3,1,1
3,0,0
3,0,0
3,0,0
3,0,0
Total DB Queries This Round: 9706
Total time spent this round in seconds: 221.18457078933716
3,0,0
3,0,0
3,0,0
3,0,0
3,0,0
3,0,0
3,0,0
3,0,0
3,0,0
3,0,0
3,0,0
3,0,0
3,0,0
3,0,0
3,0,0
3,0,0
3,0,0
3,0,0
3,0,0
3,0,0
3,0,0
3,0,0
3,0,0
3,0,0
3,0,0
3,0,0
3,0,0
3,0,0
3,0,0
3,0,0
3,0,0
3,0,0
3,0,0
3,0,0
3,0,0
3,0,0
3,0,0
3,0,0
3,0,0
3,0,0
3,0,0
3,0,0
3,0,0
3,0,0
3,0,0
3,0,0
3,0,0
3,0,0
3,0,0
3,0,0
3,0,0
3,0,0
3,0,0
3,0,0
3,0,0
3,0,0
3,1,1
3,0,0
3,0,0
3,1,1
3,0,0
3,0,0
3,0,0
3,0,0
3,0,0
3,0,0
3,0,0
3,0,0
3,0,0
3,0,0
3,0,0
3,0,0
3,0,0
3,0,0
3,0,0
3,0,0
3,0,0
3,0,0
3,0,0
3,0,0
3,0,0
3,0,0
3,0,0
3,0,0
3,0,0
3,0,0
3,0,0
3,0,0
3,0,0
3,0,0
3,0,0
3,0,0
3,0,0
3,1,1
3,0,0
3,0,0
3,0,0
3,0,0
3,0,0
3,0,0
Total DB Queries This Round: 10438
Total time spent this round in seconds: 238.95441555976868
3,0,0
3,0,0
3,0,0
3,0,0
3,0,0
3,0,0
3,0,0
3,0,0
3,0,0
3,0,0
3,0,0
3,0,0
3,0,0
3,0,0
3,0,0
3,0,0
3,0,0
3,1,1
3,0,0
3,0,0
3,0,0
3,0,0
3,0,0
3,0,0
3,0,0
3,0,0
3,0,0
3,0,0
3,0,0
3,0,0
3,0,0
3,0,0
3,0,0
3,0,0
3,0,0
3,1,1
3,0,0
3,0,0
3,0,0
3,0,0
3,0,0
3,0,0
3,0,0
3,0,0
3,0,0
3,0,0
3,0,0
3,0,0
3,0,0
3,0,0
3,0,0
3,0,0
3,0,0
3,0,0
3,0,0
3,0,0
3,0,0
3,0,0
3,0,0
3,0,0
3,0,0
3,0,0
3,0,0
3,0,0
3,0,0
3,0,0
3,0,0
3,0,0
3,0,0
3,1,1
3,0,0
3,0,0
3,0,0
3,0,0
3,0,0
3,0,0
3,0,0
3,0,0
3,0,0
3,0,0
3,0,0
3,0,0
3,0,0
3,0,0
3,0,0
3,0,0
3,0,0
3,0,0
3,0,0
3,0,0
3,0,0
3,0,0
3,0,0
3,0,0
3,0,0
3,0,0
3,0,0
3,0,0
3,0,0
3,0,0
Total DB Queries This Round: 9964
Total time spent this round in seconds: 220.15705156326294
3,0,0
3,0,0
3,0,0
3,1,0
3,0,0
3,0,0
3,0,0
3,0,0
3,0,0
3,0,0
3,0,0
3,0,0
3,0,0
3,0,0
3,0,0
3,0,0
3,0,0
3,0,0
3,0,0
3,0,0
3,0,0
3,0,0
3,0,0
3,0,0
3,0,0
3,0,0
3,0,0
3,0,0
3,0,0
3,0,0
3,0,0
3,0,0
3,0,0
3,0,0
3,1,1
3,0,0
3,0,0
3,0,0
3,0,0
3,0,0
3,0,0
3,0,0
3,0,0
3,0,0
3,0,0
3,0,0
3,0,0
3,0,0
3,0,0
3,0,0
3,0,0
3,0,0
3,0,0
3,0,0
3,0,0
3,0,0
3,0,0
3,0,0
3,0,0
3,0,0
3,0,0
3,1,0
3,0,0
3,0,0
3,0,0
3,0,0
3,0,0
3,0,0
3,0,0
3,0,0
3,0,0
3,0,0
3,0,0
3,0,0
3,0,0
3,0,0
3,0,0
3,0,0
3,0,0
3,0,0
3,0,1
3,0,0
3,0,0
3,0,0
3,0,0
3,0,0
3,0,0
3,0,0
3,0,0
3,0,0
3,0,0
3,0,0
3,0,0
3,0,0
3,0,0
3,0,0
3,0,0
3,0,0
3,0,0
3,0,0
Total DB Queries This Round: 8058
Total time spent this round in seconds: 180.05439448356628
3,0,0
3,0,0
3,0,0
3,0,0
3,0,0
3,0,0
3,0,0
3,0,0
3,0,0
3,0,0
3,1,1
3,0,0
3,0,0
3,0,0
3,0,0
3,0,0
3,0,0
3,0,0
3,0,0
3,0,0
3,0,0
3,0,0
3,0,0
3,0,0
3,0,0
3,0,0
3,0,0
3,0,0
3,0,0
3,0,0
3,0,0
3,0,0
3,0,0
3,0,0
3,0,0
3,0,0
3,0,0
3,0,0
3,0,0
3,0,0
3,0,0
3,0,0
3,0,0
3,0,0
3,0,0
3,0,0
3,0,0
3,0,0
3,0,0
3,0,0
3,0,0
3,0,0
3,0,0
3,0,0
3,0,0
3,0,0
3,0,0
3,0,0
3,0,0
3,0,0
3,0,0
3,0,0
3,0,0
3,0,0
3,0,0
3,0,0
3,0,0
3,0,0
3,1,1
3,0,0
3,0,0
3,0,0
3,0,0
3,0,0
3,0,0
3,0,0
3,0,0
3,0,0
3,0,0
3,0,0
3,1,1
3,0,0
3,0,0
3,0,0
3,0,0
3,0,0
3,0,0
3,0,0
3,0,0
3,0,0
3,0,0
3,0,0
3,0,0
3,0,0
3,0,0
3,0,0
3,0,0
3,0,0
3,0,0
3,0,0
Total DB Queries This Round: 7827
Total time spent this round in seconds: 173.10839748382568
3,0,0
3,0,0
3,0,0
3,0,0
3,0,0
3,0,0
3,0,0
3,0,0
3,0,0
3,0,0
3,0,0
3,0,0
3,0,0
3,0,0
3,0,0
3,0,0
3,0,0
3,0,0
3,0,0
3,1,1
3,1,1
3,0,0
3,0,0
3,0,0
3,0,0
3,0,0
3,0,0
3,0,0
3,0,0
3,0,0
3,0,0
3,0,0
3,0,0
3,0,0
3,0,0
3,0,0
3,0,0
3,0,0
3,0,0
3,0,0
3,0,0
3,0,0
3,0,0
3,0,0
3,0,0
3,0,0
3,0,0
3,0,0
3,0,0
3,0,0
3,0,0
3,0,0
3,0,0
3,0,0
3,0,0
3,0,0
3,0,1
3,0,0
3,0,0
3,0,0
3,0,0
3,0,0
3,0,0
3,0,0
3,0,0
3,0,0
3,0,0
3,0,0
3,0,1
3,0,0
3,1,1
3,0,0
3,0,0
3,0,0
3,0,0
3,0,0
3,0,0
3,0,0
3,0,0
3,0,0
3,0,0
3,0,0
3,0,0
3,0,0
3,0,0
3,0,0
3,0,0
3,0,0
3,0,0
3,0,0
3,0,0
3,0,0
3,0,0
3,0,0
3,0,0
3,0,0
3,0,0
3,0,0
3,0,0
3,0,0
Total DB Queries This Round: 10421
Total time spent this round in seconds: 237.00989484786987
3,0,0
3,0,0
3,0,0
3,0,0
3,0,0
3,0,0
3,0,0
3,0,0
3,0,0
3,0,0
3,0,0
3,0,0
3,0,0
3,0,0
3,0,0
3,0,0
3,1,1
3,0,0
3,0,0
3,0,0
3,0,0
3,0,0
3,0,0
3,0,0
3,0,0
3,0,0
3,0,0
3,0,0
3,0,0
3,0,0
3,0,0
3,0,0
3,0,0
3,0,0
3,0,0
3,0,0
3,0,0
3,0,0
3,0,0
3,0,0
3,0,0
3,0,0
3,0,1
3,0,0
3,0,0
3,0,0
3,0,1
3,0,0
3,0,0
3,0,0
3,0,0
3,1,1
3,0,0
3,0,0
3,0,0
3,0,0
3,0,0
3,0,0
3,0,0
3,0,0
3,0,0
3,0,0
3,0,0
3,0,0
3,0,0
3,0,0
3,0,0
3,0,0
3,0,1
3,0,0
3,0,0
3,0,0
3,0,0
3,0,0
3,0,0
3,0,0
3,0,0
3,1,1
3,0,0
3,0,0
3,0,0
3,0,0
3,0,0
3,0,0
3,0,0
3,0,0
3,0,0
3,0,0
3,0,0
3,0,0
3,0,0
3,0,0
3,0,0
3,0,0
3,0,0
3,0,0
3,0,0
3,0,0
3,0,0
3,0,0
Total DB Queries This Round: 10295
Total time spent this round in seconds: 232.9118835926056
PERCENT IN TABLE OF 100: 4%
4,0,0
4,0,0
4,0,0
4,0,0
4,0,0
4,0,0
4,0,0
4,0,0
4,0,0
4,0,0
4,0,0
4,0,0
4,0,0
4,0,0
4,0,0
4,0,0
4,0,0
4,0,0
4,0,0
4,1,1
4,0,0
4,0,0
4,0,0
4,0,0
4,0,0
4,0,0
4,0,0
4,0,0
4,0,0
4,0,0
4,0,0
4,0,0
4,0,0
4,0,0
4,0,0
4,0,0
4,0,0
4,0,0
4,0,0
4,0,0
4,0,0
4,0,0
4,0,0
4,0,0
4,0,0
4,0,0
4,0,0
4,0,0
4,1,0
4,0,0
4,0,0
4,0,0
4,0,0
4,0,0
4,0,0
4,0,0
4,0,0
4,0,0
4,0,0
4,0,0
4,0,0
4,1,0
4,0,0
4,0,0
4,0,0
4,0,0
4,0,0
4,0,0
4,0,0
4,0,0
4,0,0
4,0,0
4,0,0
4,0,0
4,0,0
4,0,0
4,0,0
4,0,0
4,0,0
4,0,0
4,0,0
4,0,0
4,0,0
4,0,0
4,1,0
4,0,0
4,0,0
4,0,0
4,0,0
4,0,0
4,0,0
4,0,0
4,0,0
4,0,0
4,0,0
4,0,0
4,0,0
4,0,0
4,0,0
4,0,0
Total DB Queries This Round: 10967
Total time spent this round in seconds: 245.66528058052063
4,1,1
4,0,0
4,0,0
4,0,0
4,0,0
4,0,0
4,0,0
4,0,0
4,0,0
4,0,0
4,0,0
4,0,0
4,0,0
4,0,0
4,0,0
4,0,0
4,0,0
4,0,1
4,0,0
4,0,0
4,0,0
4,0,0
4,0,0
4,0,0
4,0,0
4,0,0
4,0,0
4,0,0
4,0,0
4,0,0
4,0,0
4,0,0
4,0,0
4,0,0
4,1,1
4,0,0
4,0,0
4,0,0
4,0,0
4,0,0
4,0,0
4,0,0
4,0,0
4,0,0
4,0,0
4,0,0
4,0,0
4,0,0
4,0,0
4,0,0
4,0,0
4,0,0
4,0,0
4,0,0
4,0,0
4,0,0
4,0,0
4,0,0
4,0,0
4,0,0
4,0,0
4,0,0
4,0,0
4,0,0
4,0,0
4,0,0
4,0,0
4,0,0
4,0,0
4,0,0
4,0,0
4,0,0
4,0,0
4,0,0
4,0,0
4,0,0
4,0,0
4,0,0
4,0,0
4,0,0
4,0,0
4,1,1
4,1,1
4,0,0
4,0,1
4,0,0
4,0,0
4,0,0
4,0,0
4,0,0
4,0,0
4,0,0
4,0,0
4,0,0
4,0,0
4,0,0
4,0,0
4,0,0
4,0,1
4,0,0
Total DB Queries This Round: 14616
Total time spent this round in seconds: 332.5849187374115
4,0,0
4,0,0
4,0,0
4,0,0
4,0,0
4,0,0
4,0,0
4,0,0
4,0,0
4,0,0
4,0,0
4,0,0
4,0,0
4,0,0
4,1,1
4,0,0
4,0,0
4,0,0
4,0,0
4,0,0
4,0,0
4,0,0
4,0,0
4,0,0
4,0,0
4,0,0
4,0,0
4,0,0
4,0,0
4,0,0
4,0,0
4,0,0
4,0,0
4,0,0
4,0,0
4,0,0
4,0,0
4,0,0
4,0,0
4,0,0
4,0,0
4,0,0
4,0,0
4,1,1
4,0,0
4,0,0
4,0,0
4,0,0
4,0,0
4,1,1
4,0,0
4,0,0
4,0,0
4,0,0
4,0,0
4,0,0
4,0,0
4,0,0
4,0,0
4,0,0
4,0,0
4,0,0
4,0,0
4,0,0
4,0,0
4,0,0
4,0,0
4,0,0
4,0,0
4,0,0
4,0,0
4,0,0
4,0,0
4,0,0
4,0,0
4,0,0
4,0,0
4,0,0
4,0,0
4,0,0
4,0,0
4,0,0
4,0,0
4,0,0
4,0,0
4,0,0
4,0,0
4,0,0
4,0,0
4,0,0
4,0,0
4,0,0
4,0,0
4,1,0
4,0,0
4,0,0
4,0,1
4,0,0
4,0,0
4,0,0
Total DB Queries This Round: 11221
Total time spent this round in seconds: 261.28427362442017
4,0,0
4,0,0
4,0,0
4,1,1
4,0,0
4,0,0
4,0,0
4,0,0
4,0,0
4,0,0
4,0,0
4,0,0
4,0,0
4,0,0
4,1,1
4,0,0
4,1,1
4,0,0
4,0,0
4,0,0
4,0,0
4,0,0
4,0,0
4,0,0
4,0,0
4,0,0
4,1,1
4,0,0
4,0,0
4,0,0
4,0,0
4,0,0
4,0,0
4,0,0
4,0,0
4,0,0
4,0,0
4,0,0
4,0,0
4,0,0
4,0,0
4,0,0
4,0,0
4,0,0
4,0,0
4,0,0
4,0,0
4,0,0
4,0,0
4,0,0
4,0,0
4,0,0
4,0,0
4,0,0
4,0,0
4,0,0
4,0,0
4,0,0
4,0,0
4,0,0
4,0,0
4,0,0
4,0,0
4,0,0
4,0,0
4,0,0
4,0,0
4,0,0
4,0,0
4,0,0
4,0,0
4,0,0
4,0,0
4,0,0
4,0,0
4,0,0
4,0,0
4,0,0
4,0,0
4,0,0
4,0,0
4,0,0
4,0,0
4,0,0
4,0,0
4,0,0
4,0,0
4,0,0
4,0,0
4,0,0
4,0,0
4,0,0
4,0,0
4,0,0
4,0,0
4,0,0
4,0,0
4,0,0
4,0,0
4,0,1
Total DB Queries This Round: 12002
Total time spent this round in seconds: 274.5054302215576
4,0,0
4,1,1
4,0,0
4,0,0
4,0,0
4,0,0
4,0,0
4,0,0
4,0,0
4,0,0
4,0,0
4,0,0
4,0,0
4,0,0
4,0,0
4,0,0
4,0,0
4,0,0
4,0,0
4,0,0
4,0,0
4,0,0
4,0,0
4,0,0
4,0,0
4,0,0
4,0,0
4,0,0
4,0,0
4,0,0
4,0,0
4,0,0
4,0,0
4,0,0
4,0,0
4,0,0
4,0,0
4,0,0
4,0,0
4,0,0
4,0,0
4,0,0
4,0,0
4,0,0
4,0,0
4,0,0
4,0,0
4,0,0
4,0,0
4,0,0
4,0,0
4,0,0
4,0,0
4,1,0
4,0,0
4,0,0
4,0,0
4,0,0
4,0,0
4,0,0
4,0,0
4,0,0
4,0,0
4,0,0
4,0,0
4,0,0
4,0,0
4,0,0
4,0,0
4,0,0
4,0,0
4,0,0
4,0,0
4,0,0
4,0,0
4,0,0
4,0,0
4,0,0
4,0,0
4,0,0
4,1,1
4,0,0
4,0,0
4,0,0
4,0,0
4,0,0
4,0,0
4,0,0
4,0,0
4,0,0
4,0,0
4,0,0
4,0,0
4,1,0
4,0,0
4,0,0
4,0,0
4,0,0
4,0,0
4,0,0
Total DB Queries This Round: 9598
Total time spent this round in seconds: 214.9346799850464
4,0,0
4,0,0
4,0,0
4,0,0
4,0,0
4,0,0
4,0,0
4,0,0
4,0,0
4,0,0
4,0,0
4,0,0
4,0,0
4,0,0
4,0,0
4,0,0
4,0,0
4,0,0
4,0,0
4,0,0
4,0,0
4,0,0
4,0,0
4,0,0
4,0,0
4,0,0
4,0,0
4,0,0
4,1,1
4,0,0
4,0,0
4,0,0
4,0,0
4,0,0
4,1,1
4,0,0
4,0,0
4,0,0
4,0,0
4,0,0
4,0,0
4,0,0
4,1,1
4,0,0
4,0,0
4,0,0
4,0,0
4,0,0
4,0,0
4,0,0
4,0,0
4,0,0
4,0,0
4,0,0
4,0,0
4,1,0
4,0,0
4,0,0
4,0,0
4,0,0
4,0,0
4,0,0
4,0,0
4,0,0
4,0,0
4,0,0
4,0,0
4,0,0
4,0,0
4,0,0
4,0,0
4,0,0
4,0,0
4,0,0
4,0,0
4,0,0
4,0,0
4,0,0
4,0,0
4,0,0
4,0,0
4,0,0
4,0,0
4,0,0
4,0,0
4,0,0
4,0,0
4,0,0
4,0,0
4,0,0
4,0,0
4,0,0
4,0,0
4,0,0
4,0,0
4,0,0
4,0,0
4,0,0
4,0,0
4,0,0
Total DB Queries This Round: 10860
Total time spent this round in seconds: 242.04436945915222
4,0,0
4,0,0
4,0,0
4,0,0
4,0,0
4,0,0
4,0,0
4,0,0
4,0,0
4,0,0
4,0,0
4,0,0
4,0,0
4,1,1
4,0,0
4,0,0
4,0,0
4,0,0
4,0,0
4,0,0
4,0,0
4,1,1
4,0,0
4,0,0
4,0,0
4,0,0
4,0,0
4,0,0
4,0,0
4,0,0
4,0,0
4,0,0
4,0,0
4,1,1
4,0,0
4,0,0
4,0,0
4,0,0
4,0,0
4,0,0
4,0,0
4,0,0
4,0,0
4,0,0
4,0,0
4,0,0
4,0,0
4,0,0
4,0,0
4,0,0
4,0,0
4,0,0
4,0,0
4,0,0
4,0,0
4,0,0
4,0,0
4,0,0
4,0,0
4,0,0
4,0,0
4,0,0
4,0,0
4,0,0
4,0,0
4,0,0
4,0,0
4,0,0
4,0,0
4,0,0
4,0,0
4,0,0
4,0,0
4,1,1
4,0,0
4,0,0
4,0,0
4,0,0
4,0,0
4,0,0
4,0,0
4,0,0
4,0,0
4,0,0
4,0,0
4,0,0
4,0,0
4,0,0
4,0,0
4,0,0
4,0,0
4,0,0
4,0,0
4,0,0
4,0,0
4,0,0
4,0,0
4,0,0
4,0,0
4,0,0
Total DB Queries This Round: 12532
Total time spent this round in seconds: 275.11410307884216
4,0,0
4,0,0
4,0,0
4,0,0
4,0,0
4,0,0
4,0,0
4,0,0
4,0,0
4,0,0
4,0,0
4,0,0
4,0,0
4,0,0
4,0,0
4,0,0
4,0,0
4,0,0
4,0,0
4,1,1
4,0,0
4,0,0
4,0,0
4,0,0
4,0,0
4,0,1
4,0,0
4,0,0
4,0,0
4,0,0
4,0,0
4,0,0
4,0,0
4,0,0
4,0,0
4,0,0
4,0,0
4,0,0
4,0,0
4,0,0
4,0,0
4,0,0
4,0,0
4,0,0
4,0,0
4,1,1
4,0,0
4,0,0
4,0,0
4,0,0
4,0,0
4,0,0
4,0,0
4,0,0
4,0,0
4,0,0
4,0,0
4,0,0
4,0,0
4,1,1
4,0,0
4,0,0
4,0,0
4,0,0
4,0,0
4,0,0
4,0,0
4,0,0
4,0,0
4,0,0
4,0,0
4,0,0
4,0,0
4,0,0
4,0,0
4,0,0
4,0,0
4,0,0
4,0,0
4,0,0
4,0,0
4,0,0
4,0,0
4,0,0
4,0,0
4,0,0
4,0,0
4,0,0
4,0,0
4,0,0
4,0,0
4,0,0
4,0,0
4,1,1
4,0,0
4,0,0
4,0,0
4,0,0
4,0,0
4,0,0
Total DB Queries This Round: 12996
Total time spent this round in seconds: 291.1045265197754
4,0,0
4,0,0
4,0,0
4,0,0
4,0,0
4,0,0
4,0,0
4,1,1
4,0,0
4,0,0
4,0,0
4,0,0
4,0,0
4,0,0
4,0,0
4,0,0
4,0,0
4,0,0
4,0,0
4,0,0
4,0,0
4,0,0
4,0,0
4,0,0
4,0,0
4,0,0
4,0,0
4,0,0
4,0,0
4,0,0
4,0,0
4,0,0
4,0,0
4,0,0
4,0,0
4,0,0
4,0,0
4,0,0
4,1,1
4,0,0
4,0,0
4,0,0
4,0,0
4,0,0
4,0,0
4,0,0
4,0,0
4,0,0
4,0,0
4,0,0
4,0,0
4,0,0
4,0,0
4,0,0
4,0,0
4,0,0
4,0,0
4,0,0
4,0,0
4,0,0
4,0,0
4,0,0
4,0,0
4,0,0
4,0,0
4,0,1
4,0,0
4,0,0
4,0,0
4,0,0
4,0,0
4,0,0
4,0,0
4,0,0
4,0,0
4,0,0
4,0,0
4,0,0
4,0,0
4,0,0
4,0,0
4,1,1
4,0,0
4,0,0
4,0,0
4,0,0
4,0,0
4,1,1
4,0,0
4,0,0
4,0,0
4,0,1
4,0,0
4,0,0
4,0,0
4,0,0
4,0,0
4,0,0
4,0,0
4,0,0
Total DB Queries This Round: 13715
Total time spent this round in seconds: 321.9281177520752
4,0,0
4,0,0
4,0,0
4,0,0
4,0,0
4,0,0
4,0,0
4,0,0
4,0,0
4,0,0
4,0,0
4,0,0
4,0,0
4,0,0
4,0,0
4,0,1
4,0,0
4,0,0
4,0,0
4,1,1
4,0,0
4,0,0
4,0,0
4,0,0
4,0,0
4,0,0
4,0,0
4,0,0
4,0,0
4,0,0
4,0,0
4,0,0
4,0,0
4,0,0
4,1,1
4,0,0
4,0,0
4,0,0
4,0,0
4,0,0
4,0,0
4,0,0
4,0,0
4,0,0
4,0,0
4,0,0
4,0,0
4,0,0
4,0,0
4,0,0
4,0,0
4,0,0
4,0,0
4,0,1
4,0,0
4,0,0
4,0,0
4,0,0
4,0,0
4,0,0
4,0,0
4,0,0
4,0,0
4,0,0
4,0,0
4,0,0
4,0,0
4,0,0
4,0,0
4,0,0
4,0,0
4,0,0
4,1,0
4,0,0
4,0,0
4,0,0
4,0,0
4,0,0
4,0,0
4,0,1
4,0,0
4,0,0
4,0,0
4,0,0
4,0,0
4,0,0
4,1,1
4,0,0
4,0,0
4,0,1
4,0,0
4,0,0
4,0,0
4,0,0
4,0,0
4,0,0
4,0,0
4,0,0
4,0,0
4,0,0
Total DB Queries This Round: 14393
Total time spent this round in seconds: 349.6809575557709
PERCENT IN TABLE OF 100: 5%
5,0,0
5,0,0
5,0,0
5,1,1
5,0,0
5,0,0
5,1,1
5,0,0
5,0,0
5,0,0
5,0,0
5,0,0
5,0,0
5,0,0
5,0,0
5,0,0
5,0,0
5,0,0
5,0,0
5,0,0
5,0,0
5,0,0
5,0,0
5,0,0
5,0,0
5,0,0
5,0,0
5,0,0
5,0,0
5,0,0
5,0,0
5,0,0
5,0,0
5,0,0
5,0,0
5,0,0
5,0,0
5,0,0
5,0,0
5,0,0
5,0,0
5,0,0
5,0,0
5,0,0
5,0,0
5,0,0
5,0,0
5,0,0
5,0,0
5,0,0
5,0,0
5,0,0
5,1,1
5,0,0
5,0,0
5,0,0
5,0,0
5,0,0
5,0,0
5,0,0
5,0,0
5,1,1
5,0,0
5,0,0
5,0,0
5,0,0
5,0,0
5,0,0
5,0,0
5,0,0
5,0,0
5,0,0
5,0,0
5,0,0
5,0,0
5,0,1
5,0,0
5,0,0
5,0,0
5,0,0
5,0,0
5,0,0
5,0,0
5,0,0
5,0,0
5,0,0
5,0,0
5,1,1
5,0,0
5,0,0
5,0,0
5,0,0
5,0,0
5,0,0
5,0,0
5,0,0
5,0,0
5,0,0
5,0,0
5,0,0
Total DB Queries This Round: 3593
Total time spent this round in seconds: 78.4545955657959
5,0,0
5,0,0
5,0,0
5,0,0
5,1,1
5,0,0
5,0,0
5,0,0
5,0,0
5,0,0
5,0,0
5,0,0
5,0,0
5,0,0
5,0,0
5,0,0
5,0,0
5,0,0
5,0,0
5,0,0
5,0,0
5,0,0
5,0,0
5,0,0
5,0,0
5,0,0
5,0,0
5,0,0
5,0,0
5,1,1
5,0,0
5,0,0
5,0,0
5,0,0
5,0,0
5,0,0
5,0,0
5,0,0
5,0,0
5,0,0
5,0,0
5,0,0
5,0,0
5,0,1
5,0,0
5,0,0
5,0,0
5,0,0
5,0,0
5,0,0
5,0,0
5,0,0
5,0,0
5,0,0
5,0,0
5,0,0
5,0,0
5,0,0
5,0,0
5,1,1
5,0,0
5,0,0
5,0,0
5,0,0
5,0,0
5,0,0
5,0,0
5,0,0
5,0,0
5,0,0
5,0,0
5,0,0
5,0,0
5,0,0
5,0,0
5,0,0
5,0,0
5,0,0
5,0,0
5,0,0
5,0,0
5,1,0
5,0,0
5,0,0
5,0,0
5,0,0
5,0,0
5,0,0
5,1,1
5,0,0
5,0,0
5,0,0
5,0,0
5,0,0
5,0,0
5,0,0
5,0,0
5,0,0
5,0,0
5,0,0
Total DB Queries This Round: 4361
Total time spent this round in seconds: 98.29901194572449
5,0,0
5,0,0
5,0,0
5,0,0
5,0,0
5,0,0
5,0,0
5,0,0
5,0,0
5,0,0
5,0,0
5,0,0
5,0,0
5,0,0
5,0,0
5,0,0
5,0,0
5,0,0
5,0,0
5,0,0
5,0,0
5,1,1
5,0,0
5,0,0
5,0,0
5,1,1
5,0,0
5,0,0
5,0,0
5,0,0
5,0,0
5,0,0
5,0,0
5,0,0
5,0,0
5,0,0
5,0,0
5,0,0
5,0,0
5,0,0
5,0,0
5,0,0
5,0,0
5,0,0
5,0,0
5,0,0
5,0,0
5,0,0
5,0,0
5,0,0
5,0,0
5,0,0
5,0,0
5,0,0
5,0,0
5,0,0
5,0,0
5,0,0
5,0,0
5,0,0
5,0,0
5,0,0
5,0,0
5,0,0
5,0,0
5,1,0
5,0,0
5,0,0
5,0,0
5,0,0
5,0,0
5,0,0
5,0,0
5,0,0
5,0,0
5,0,0
5,0,0
5,0,0
5,0,0
5,0,0
5,0,0
5,1,1
5,0,0
5,1,0
5,0,0
5,0,0
5,0,0
5,0,0
5,0,0
5,0,0
5,0,0
5,0,0
5,0,0
5,0,0
5,0,0
5,0,0
5,0,0
5,0,0
5,0,0
5,0,0
Total DB Queries This Round: 5273
Total time spent this round in seconds: 127.98237991333008
5,0,0
5,0,0
5,0,0
5,0,0
5,0,0
5,1,1
5,0,0
5,0,0
5,0,0
5,0,0
5,0,0
5,0,0
5,1,0
5,0,0
5,0,0
5,0,0
5,0,0
5,0,0
5,0,0
5,0,0
5,0,0
5,0,0
5,0,0
5,0,0
5,0,0
5,0,1
5,0,0
5,0,0
5,0,0
5,0,0
5,0,0
5,0,0
5,0,0
5,0,1
5,0,0
5,0,0
5,0,0
5,0,0
5,0,0
5,0,0
5,0,0
5,0,0
5,0,0
5,0,0
5,0,0
5,0,0
5,0,0
5,0,0
5,0,0
5,1,1
5,0,0
5,0,0
5,0,0
5,0,0
5,0,0
5,0,0
5,0,0
5,0,0
5,0,0
5,0,0
5,0,0
5,0,0
5,0,0
5,0,0
5,0,0
5,0,0
5,0,0
5,0,0
5,0,0
5,0,0
5,0,0
5,0,0
5,0,0
5,0,0
5,1,1
5,0,0
5,0,0
5,0,0
5,0,0
5,0,0
5,0,0
5,0,0
5,0,0
5,0,0
5,0,0
5,0,0
5,0,0
5,0,0
5,0,0
5,0,0
5,0,0
5,0,0
5,0,0
5,1,1
5,0,0
5,0,0
5,0,0
5,0,0
5,0,0
5,0,0
Total DB Queries This Round: 4035
Total time spent this round in seconds: 92.94904446601868
5,0,0
5,0,0
5,0,0
5,0,0
5,0,0
5,0,0
5,1,1
5,0,0
5,0,0
5,0,0
5,0,0
5,0,0
5,0,0
5,0,0
5,0,0
5,0,0
5,0,0
5,0,0
5,0,0
5,0,0
5,1,1
5,0,0
5,0,0
5,0,0
5,0,0
5,0,0
5,0,0
5,0,0
5,0,0
5,0,0
5,0,0
5,0,0
5,0,0
5,0,0
5,1,1
5,0,0
5,0,0
5,0,0
5,0,0
5,0,0
5,0,0
5,0,0
5,1,1
5,0,0
5,0,0
5,0,0
5,0,0
5,0,0
5,0,0
5,0,0
5,0,0
5,0,0
5,0,0
5,0,0
5,0,0
5,0,0
5,0,0
5,0,0
5,0,0
5,0,0
5,0,0
5,0,0
5,0,0
5,0,0
5,0,0
5,0,0
5,0,0
5,0,0
5,0,1
5,0,0
5,0,0
5,0,0
5,0,0
5,0,0
5,0,0
5,0,0
5,0,0
5,0,0
5,0,0
5,0,0
5,0,0
5,0,0
5,0,0
5,0,0
5,0,0
5,1,1
5,0,0
5,0,0
5,0,0
5,0,0
5,0,1
5,0,0
5,0,0
5,0,0
5,0,0
5,0,0
5,0,0
5,0,0
5,0,0
5,0,0
Total DB Queries This Round: 3782
Total time spent this round in seconds: 85.46830821037292
5,0,0
5,0,0
5,0,0
5,0,0
5,0,1
5,0,0
5,0,0
5,0,0
5,0,0
5,0,0
5,0,0
5,0,0
5,0,0
5,0,0
5,0,0
5,0,0
5,0,0
5,0,0
5,0,0
5,0,0
5,0,0
5,0,0
5,0,0
5,0,0
5,0,0
5,0,0
5,0,0
5,0,0
5,0,0
5,0,0
5,0,0
5,0,0
5,0,0
5,0,0
5,0,0
5,0,0
5,0,0
5,0,0
5,0,0
5,0,0
5,0,0
5,0,0
5,0,0
5,0,0
5,0,0
5,0,0
5,1,1
5,0,0
5,0,0
5,0,0
5,0,0
5,0,0
5,0,0
5,0,0
5,0,0
5,0,0
5,0,0
5,0,0
5,0,0
5,0,0
5,0,0
5,0,0
5,0,0
5,0,0
5,0,0
5,0,0
5,0,0
5,0,0
5,0,0
5,1,1
5,0,0
5,0,0
5,0,0
5,1,1
5,0,0
5,0,0
5,0,1
5,0,0
5,0,0
5,0,0
5,0,0
5,0,0
5,0,0
5,0,0
5,1,1
5,0,0
5,0,0
5,0,0
5,0,0
5,0,0
5,0,0
5,0,0
5,0,0
5,1,1
5,0,0
5,0,0
5,0,0
5,0,0
5,0,0
5,0,0
Total DB Queries This Round: 4268
Total time spent this round in seconds: 96.85966777801514
5,0,0
5,0,0
5,0,0
5,0,0
5,0,0
5,0,0
5,0,0
5,0,0
5,0,0
5,0,0
5,0,0
5,0,0
5,0,0
5,0,0
5,0,0
5,0,0
5,0,0
5,0,0
5,1,0
5,0,0
5,0,0
5,0,0
5,0,0
5,0,0
5,0,0
5,0,0
5,0,0
5,0,0
5,1,0
5,0,0
5,0,0
5,0,0
5,0,0
5,0,0
5,0,0
5,0,0
5,0,0
5,0,0
5,0,0
5,0,0
5,0,0
5,0,0
5,0,0
5,0,0
5,0,0
5,0,0
5,0,0
5,0,0
5,0,0
5,0,0
5,0,0
5,0,0
5,0,0
5,0,0
5,0,0
5,1,1
5,0,0
5,0,0
5,0,0
5,0,0
5,0,0
5,0,0
5,0,0
5,0,0
5,0,0
5,0,0
5,0,0
5,0,0
5,0,0
5,0,0
5,0,0
5,0,0
5,0,0
5,0,0
5,0,0
5,0,0
5,0,0
5,0,0
5,0,0
5,0,0
5,0,0
5,0,0
5,1,0
5,0,0
5,0,0
5,0,0
5,0,0
5,1,1
5,0,0
5,0,0
5,0,0
5,0,0
5,0,0
5,0,0
5,0,0
5,0,0
5,0,0
5,0,0
5,0,0
5,0,0
Total DB Queries This Round: 2750
Total time spent this round in seconds: 60.9441077709198
5,0,0
5,0,0
5,0,0
5,0,0
5,0,0
5,0,0
5,0,0
5,0,0
5,0,0
5,0,0
5,0,0
5,0,0
5,0,0
5,0,0
5,0,0
5,0,0
5,0,0
5,0,0
5,0,0
5,0,0
5,0,0
5,0,0
5,0,0
5,0,0
5,0,0
5,0,0
5,0,0
5,0,0
5,0,1
5,0,0
5,0,1
5,1,1
5,0,0
5,0,0
5,1,1
5,0,0
5,0,0
5,0,0
5,0,0
5,0,0
5,0,0
5,0,0
5,0,0
5,0,0
5,0,0
5,0,0
5,0,1
5,0,0
5,0,0
5,0,0
5,0,0
5,0,0
5,0,0
5,0,0
5,0,0
5,0,0
5,0,0
5,0,0
5,0,0
5,0,0
5,0,0
5,0,0
5,0,0
5,0,0
5,0,1
5,0,1
5,0,0
5,0,0
5,0,0
5,0,0
5,1,1
5,1,1
5,0,0
5,0,0
5,0,0
5,0,0
5,0,0
5,0,0
5,0,0
5,0,0
5,0,0
5,0,0
5,0,0
5,0,0
5,0,0
5,0,0
5,0,0
5,0,0
5,0,1
5,1,1
5,0,0
5,0,0
5,0,0
5,0,1
5,0,0
5,0,0
5,0,0
5,0,0
5,0,0
5,0,0
Total DB Queries This Round: 4481
Total time spent this round in seconds: 107.9939455986023
5,0,0
5,0,0
5,0,0
5,0,0
5,0,0
5,0,0
5,0,0
5,0,0
5,0,0
5,0,0
5,0,0
5,0,0
5,0,0
5,0,0
5,0,0
5,0,0
5,0,0
5,0,0
5,0,0
5,0,0
5,0,0
5,1,1
5,0,0
5,0,1
5,0,1
5,0,0
5,0,0
5,0,0
5,0,0
5,0,0
5,0,0
5,0,0
5,0,0
5,0,0
5,0,0
5,0,0
5,0,0
5,0,0
5,0,0
5,0,0
5,0,0
5,0,0
5,0,0
5,0,0
5,0,0
5,0,0
5,0,0
5,0,0
5,0,0
5,1,1
5,1,1
5,0,0
5,0,0
5,0,0
5,0,0
5,0,0
5,0,0
5,0,0
5,0,0
5,0,0
5,0,0
5,0,0
5,0,0
5,0,0
5,0,0
5,0,0
5,0,0
5,0,0
5,0,1
5,0,0
5,0,0
5,0,0
5,0,0
5,1,0
5,0,0
5,0,0
5,0,0
5,1,1
5,0,0
5,0,0
5,0,0
5,0,0
5,0,0
5,0,0
5,0,0
5,0,0
5,0,0
5,0,0
5,0,0
5,0,0
5,0,0
5,0,0
5,0,0
5,0,0
5,0,0
5,0,0
5,0,0
5,0,0
5,0,0
5,0,0
Total DB Queries This Round: 4798
Total time spent this round in seconds: 120.1456880569458
5,0,0
5,0,0
5,0,0
5,0,0
5,0,0
5,0,0
5,0,0
5,0,0
5,0,0
5,0,0
5,0,0
5,0,0
5,0,0
5,0,0
5,0,0
5,0,0
5,0,0
5,0,0
5,0,0
5,0,1
5,0,0
5,0,0
5,0,0
5,0,0
5,0,0
5,0,0
5,0,0
5,0,0
5,0,0
5,0,0
5,0,0
5,0,0
5,0,0
5,0,0
5,0,0
5,1,1
5,0,0
5,0,0
5,0,0
5,0,0
5,0,0
5,1,1
5,0,0
5,0,0
5,0,0
5,0,0
5,0,0
5,1,1
5,0,0
5,0,0
5,1,1
5,0,0
5,0,0
5,0,0
5,0,0
5,0,0
5,0,0
5,0,0
5,0,0
5,0,0
5,0,0
5,0,1
5,0,0
5,0,0
5,0,0
5,0,0
5,0,0
5,0,0
5,0,0
5,0,0
5,0,1
5,0,1
5,0,1
5,0,0
5,0,0
5,0,0
5,0,0
5,0,0
5,0,0
5,0,0
5,0,0
5,0,1
5,1,1
5,0,0
5,0,0
5,0,0
5,0,0
5,0,0
5,0,0
5,0,0
5,0,0
5,0,0
5,0,0
5,0,0
5,0,0
5,0,0
5,0,0
5,0,0
5,0,0
5,0,0
Total DB Queries This Round: 4744
Total time spent this round in seconds: 109.7446026802063
PERCENT IN TABLE OF 100: 6%
6,0,0
6,0,0
6,0,0
6,0,0
6,0,0
6,0,0
6,0,0
6,0,0
6,0,0
6,0,0
6,0,0
6,0,0
6,0,0
6,0,0
6,0,0
6,0,0
6,0,0
6,0,0
6,0,0
6,0,0
6,0,0
6,0,0
6,0,0
6,0,0
6,0,0
6,0,0
6,0,0
6,0,0
6,0,0
6,0,0
6,0,0
6,1,1
6,0,1
6,0,1
6,0,0
6,0,0
6,0,0
6,0,0
6,0,0
6,0,0
6,0,0
6,0,0
6,0,0
6,0,0
6,0,0
6,0,0
6,0,0
6,0,0
6,0,0
6,0,0
6,0,0
6,1,1
6,0,0
6,0,0
6,0,0
6,0,0
6,0,0
6,0,0
6,0,0
6,0,0
6,0,0
6,0,0
6,0,0
6,1,0
6,0,0
6,0,0
6,0,0
6,0,0
6,0,0
6,0,0
6,0,0
6,0,0
6,0,0
6,0,0
6,0,0
6,0,0
6,0,0
6,0,0
6,0,0
6,0,0
6,0,0
6,0,0
6,0,0
6,0,0
6,0,0
6,0,0
6,1,1
6,0,1
6,0,0
6,0,0
6,0,0
6,0,0
6,1,1
6,0,0
6,1,1
6,0,0
6,0,0
6,0,0
6,0,0
6,0,0
Total DB Queries This Round: 6704
Total time spent this round in seconds: 165.7574121952057
6,0,0
6,0,0
6,0,0
6,0,0
6,0,0
6,0,0
6,0,0
6,0,0
6,0,1
6,1,1
6,0,0
6,0,0
6,0,0
6,0,0
6,0,0
6,1,1
6,0,0
6,0,0
6,0,0
6,0,0
6,0,0
6,0,0
6,0,0
6,0,0
6,0,0
6,0,0
6,0,0
6,0,0
6,0,1
6,0,0
6,0,0
6,0,0
6,0,0
6,0,0
6,0,0
6,0,0
6,0,0
6,0,0
6,0,0
6,1,1
6,0,0
6,0,0
6,0,0
6,0,0
6,0,0
6,0,0
6,0,0
6,0,0
6,0,0
6,0,1
6,0,0
6,0,0
6,0,0
6,0,0
6,0,0
6,1,1
6,0,0
6,0,0
6,0,0
6,0,0
6,0,0
6,0,0
6,0,0
6,0,0
6,0,0
6,0,0
6,0,0
6,1,1
6,0,0
6,0,0
6,0,0
6,0,0
6,0,0
6,1,1
6,0,0
6,0,0
6,0,0
6,0,0
6,0,0
6,0,0
6,0,0
6,0,0
6,0,0
6,0,0
6,0,0
6,0,0
6,0,0
6,0,0
6,0,0
6,0,0
6,0,0
6,0,0
6,0,0
6,0,0
6,0,0
6,0,0
6,0,0
6,0,0
6,0,0
6,0,0
Total DB Queries This Round: 8411
Total time spent this round in seconds: 205.36369061470032
6,1,0
6,0,0
6,0,0
6,0,0
6,0,0
6,0,0
6,1,1
6,0,0
6,0,0
6,0,0
6,0,0
6,0,0
6,0,0
6,0,0
6,0,0
6,0,0
6,0,0
6,0,0
6,0,0
6,0,0
6,0,0
6,0,0
6,0,0
6,0,0
6,0,0
6,0,0
6,1,1
6,0,0
6,0,0
6,0,0
6,0,0
6,0,0
6,0,0
6,0,0
6,0,0
6,0,0
6,0,0
6,0,0
6,0,0
6,0,0
6,0,0
6,0,0
6,0,0
6,0,0
6,0,0
6,0,0
6,0,0
6,0,0
6,0,0
6,0,0
6,0,0
6,0,0
6,0,0
6,0,0
6,1,1
6,0,0
6,0,0
6,0,0
6,0,0
6,0,0
6,0,0
6,0,0
6,0,0
6,0,0
6,1,1
6,0,0
6,0,0
6,0,0
6,0,1
6,0,0
6,0,0
6,0,0
6,0,0
6,0,0
6,0,1
6,0,0
6,0,0
6,0,0
6,0,0
6,0,0
6,0,0
6,0,0
6,0,0
6,0,0
6,0,0
6,1,1
6,0,0
6,0,0
6,0,0
6,0,0
6,0,0
6,0,0
6,0,0
6,0,0
6,0,0
6,0,0
6,0,0
6,0,0
6,0,0
6,0,0
Total DB Queries This Round: 6818
Total time spent this round in seconds: 164.45135283470154
6,0,0
6,0,0
6,0,0
6,0,0
6,0,0
6,0,0
6,0,0
6,0,0
6,0,0
6,0,0
6,0,0
6,0,0
6,0,0
6,0,0
6,0,0
6,0,0
6,0,0
6,0,0
6,0,0
6,0,0
6,0,0
6,0,0
6,0,0
6,0,0
6,0,0
6,0,0
6,0,0
6,1,1
6,0,0
6,0,0
6,0,0
6,0,0
6,0,0
6,1,1
6,0,0
6,0,0
6,0,0
6,0,0
6,0,0
6,0,0
6,0,0
6,0,0
6,0,0
6,0,0
6,0,0
6,0,0
6,0,0
6,0,0
6,0,0
6,1,1
6,0,0
6,0,0
6,0,0
6,0,0
6,0,0
6,0,0
6,0,0
6,0,0
6,0,0
6,0,0
6,0,0
6,0,0
6,1,1
6,0,0
6,0,0
6,0,0
6,0,0
6,1,1
6,0,0
6,0,1
6,0,0
6,0,0
6,0,0
6,0,1
6,0,0
6,0,0
6,0,0
6,0,0
6,0,0
6,0,0
6,0,0
6,0,0
6,0,0
6,0,0
6,0,0
6,0,0
6,0,0
6,0,0
6,0,0
6,0,0
6,0,0
6,0,0
6,0,0
6,0,0
6,0,0
6,1,1
6,0,0
6,0,0
6,0,0
6,0,0
Total DB Queries This Round: 7001
Total time spent this round in seconds: 170.24290871620178
6,0,0
6,0,0
6,0,0
6,0,0
6,0,0
6,0,0
6,0,0
6,1,1
6,0,0
6,0,0
6,0,0
6,0,0
6,0,0
6,0,0
6,0,0
6,0,0
6,0,0
6,0,0
6,0,0
6,0,0
6,0,0
6,0,0
6,0,0
6,0,0
6,0,0
6,0,0
6,0,0
6,0,0
6,0,0
6,0,0
6,0,0
6,0,0
6,0,0
6,1,1
6,0,0
6,0,0
6,0,0
6,0,0
6,0,0
6,0,0
6,0,0
6,0,0
6,0,0
6,0,0
6,0,0
6,0,0
6,0,0
6,0,0
6,0,0
6,0,0
6,0,0
6,1,1
6,0,0
6,0,0
6,0,0
6,0,0
6,0,0
6,0,0
6,0,0
6,0,0
6,0,0
6,0,0
6,0,1
6,1,1
6,0,0
6,0,0
6,0,0
6,0,0
6,0,0
6,0,0
6,0,0
6,0,0
6,0,0
6,0,0
6,0,0
6,1,1
6,0,0
6,0,0
6,0,0
6,0,0
6,0,1
6,0,0
6,0,0
6,0,0
6,0,0
6,0,0
6,0,0
6,0,0
6,0,0
6,0,0
6,0,0
6,0,1
6,0,0
6,0,0
6,1,1
6,0,0
6,0,0
6,0,0
6,0,0
6,0,0
Total DB Queries This Round: 6831
Total time spent this round in seconds: 167.08889937400818
6,0,1
6,0,0
6,0,0
6,0,0
6,0,0
6,0,0
6,0,0
6,0,1
6,0,0
6,0,0
6,0,0
6,0,0
6,1,1
6,0,0
6,0,0
6,0,0
6,0,0
6,0,0
6,0,0
6,0,0
6,0,0
6,0,0
6,0,0
6,0,0
6,0,0
6,0,0
6,0,1
6,1,1
6,0,0
6,0,0
6,0,0
6,1,1
6,0,0
6,0,0
6,0,0
6,0,0
6,0,0
6,0,0
6,0,0
6,0,0
6,0,0
6,0,0
6,0,0
6,0,0
6,0,0
6,0,0
6,0,0
6,0,0
6,0,0
6,0,0
6,0,0
6,0,0
6,0,0
6,0,0
6,0,0
6,0,0
6,0,0
6,0,0
6,1,1
6,0,0
6,0,0
6,0,0
6,0,0
6,0,0
6,0,0
6,0,0
6,0,0
6,0,0
6,0,1
6,0,0
6,0,0
6,0,1
6,0,0
6,0,0
6,0,0
6,0,0
6,0,0
6,0,0
6,0,0
6,0,0
6,0,0
6,0,0
6,0,0
6,0,0
6,0,0
6,1,1
6,0,0
6,0,0
6,0,0
6,0,0
6,0,0
6,1,1
6,0,0
6,0,0
6,0,0
6,0,0
6,0,0
6,0,0
6,0,1
6,0,0
Total DB Queries This Round: 11950
Total time spent this round in seconds: 278.9105830192566
6,0,0
6,0,0
6,0,0
6,0,0
6,0,0
6,0,0
6,0,0
6,0,0
6,0,0
6,0,0
6,0,0
6,0,0
6,0,0
6,0,0
6,0,0
6,0,0
6,0,0
6,0,0
6,0,0
6,0,0
6,0,0
6,1,1
6,0,0
6,0,0
6,0,0
6,0,1
6,1,1
6,0,0
6,0,0
6,0,0
6,0,1
6,0,1
6,0,0
6,0,0
6,0,0
6,0,0
6,0,0
6,0,0
6,0,0
6,1,1
6,0,0
6,0,0
6,0,0
6,0,0
6,0,0
6,0,0
6,0,0
6,0,0
6,0,0
6,0,0
6,0,0
6,1,0
6,0,0
6,0,0
6,0,0
6,0,0
6,0,0
6,0,0
6,0,0
6,0,0
6,0,0
6,0,0
6,0,0
6,0,1
6,0,0
6,0,0
6,0,0
6,0,0
6,0,1
6,0,0
6,0,1
6,0,0
6,0,0
6,0,0
6,0,0
6,0,0
6,0,0
6,0,0
6,0,0
6,0,0
6,0,0
6,0,0
6,0,0
6,0,0
6,0,0
6,0,0
6,1,1
6,0,1
6,0,0
6,0,0
6,0,0
6,0,0
6,0,0
6,0,0
6,0,0
6,0,0
6,0,0
6,1,1
6,0,0
6,0,0
Total DB Queries This Round: 6580
Total time spent this round in seconds: 158.24041604995728
6,0,0
6,0,0
6,0,0
6,0,0
6,0,0
6,1,1
6,0,0
6,0,0
6,0,0
6,0,0
6,0,0
6,0,0
6,0,0
6,0,0
6,0,0
6,0,0
6,0,0
6,0,0
6,0,0
6,0,0
6,0,0
6,0,0
6,0,0
6,0,0
6,0,0
6,0,0
6,0,0
6,0,0
6,0,0
6,0,0
6,0,0
6,0,0
6,0,0
6,0,0
6,0,0
6,0,0
6,0,0
6,0,0
6,0,0
6,0,0
6,0,0
6,0,0
6,0,0
6,1,1
6,0,0
6,0,0
6,0,0
6,0,0
6,0,0
6,0,0
6,0,0
6,0,0
6,0,1
6,1,1
6,0,0
6,1,1
6,1,1
6,0,0
6,0,0
6,0,0
6,0,0
6,0,0
6,0,0
6,0,0
6,0,0
6,0,0
6,0,0
6,0,0
6,0,0
6,0,0
6,0,0
6,0,0
6,0,0
6,0,0
6,0,0
6,0,0
6,0,0
6,0,0
6,0,0
6,0,0
6,0,0
6,0,0
6,0,0
6,0,0
6,0,0
6,0,0
6,0,0
6,0,0
6,0,0
6,1,1
6,0,0
6,0,0
6,0,0
6,0,0
6,0,0
6,0,0
6,0,1
6,0,1
6,0,0
6,0,0
Total DB Queries This Round: 4972
Total time spent this round in seconds: 124.23568415641785
6,0,0
6,0,0
6,1,1
6,0,0
6,0,0
6,0,0
6,0,0
6,0,0
6,0,0
6,0,0
6,0,0
6,0,0
6,0,0
6,0,0
6,0,0
6,1,1
6,0,0
6,0,0
6,0,0
6,0,0
6,0,0
6,0,0
6,0,0
6,0,0
6,0,0
6,0,0
6,0,0
6,0,0
6,0,0
6,0,0
6,0,0
6,0,0
6,0,0
6,0,0
6,0,0
6,0,0
6,0,0
6,0,1
6,0,0
6,0,0
6,0,0
6,0,0
6,0,0
6,0,0
6,0,0
6,0,0
6,0,0
6,0,0
6,1,1
6,0,0
6,0,1
6,0,0
6,0,0
6,0,0
6,0,0
6,0,0
6,0,0
6,0,0
6,0,0
6,0,0
6,0,0
6,0,0
6,0,0
6,0,0
6,0,0
6,0,0
6,0,0
6,0,0
6,0,0
6,0,0
6,0,0
6,0,0
6,1,0
6,0,0
6,1,1
6,0,0
6,0,0
6,0,0
6,0,1
6,0,0
6,0,0
6,0,0
6,0,0
6,0,0
6,0,0
6,0,0
6,0,0
6,0,0
6,0,0
6,0,0
6,0,0
6,0,0
6,0,0
6,1,1
6,0,0
6,0,0
6,0,0
6,0,0
6,0,0
6,0,0
Total DB Queries This Round: 6671
Total time spent this round in seconds: 159.19622683525085
6,0,0
6,0,0
6,0,0
6,0,0
6,0,1
6,1,1
6,1,1
6,0,0
6,0,0
6,0,0
6,0,0
6,0,0
6,0,0
6,0,1
6,0,0
6,1,1
6,0,0
6,0,0
6,0,0
6,0,0
6,0,0
6,0,1
6,0,0
6,0,0
6,0,0
6,1,1
6,0,0
6,0,0
6,0,0
6,0,0
6,0,1
6,0,0
6,0,0
6,0,0
6,0,0
6,0,0
6,1,1
6,0,0
6,0,0
6,0,0
6,0,0
6,0,0
6,0,0
6,0,0
6,0,0
6,0,0
6,0,0
6,0,0
6,0,0
6,0,0
6,0,0
6,0,0
6,1,1
6,0,0
6,0,0
6,0,0
6,0,0
6,0,0
6,0,0
6,0,0
6,0,0
6,0,0
6,0,0
6,0,0
6,0,0
6,0,0
6,0,0
6,0,0
6,0,0
6,0,0
6,0,0
6,0,0
6,0,0
6,0,0
6,0,0
6,0,0
6,0,0
6,0,0
6,0,0
6,0,0
6,0,0
6,0,0
6,0,0
6,0,0
6,0,0
6,0,0
6,0,0
6,0,0
6,0,0
6,0,0
6,0,0
6,0,0
6,0,0
6,0,0
6,0,0
6,0,0
6,0,0
6,0,0
6,0,0
6,0,0
Total DB Queries This Round: 9617
Total time spent this round in seconds: 222.54310202598572
PERCENT IN TABLE OF 100: 7%
7,0,0
7,0,0
7,0,0
7,0,0
7,0,0
7,0,0
7,0,0
7,0,0
7,0,0
7,0,0
7,0,0
7,0,0
7,0,0
7,0,0
7,0,0
7,0,0
7,0,0
7,0,0
7,0,0
7,0,0
7,0,0
7,1,1
7,0,0
7,0,0
7,0,0
7,1,1
7,0,0
7,0,0
7,0,0
7,0,0
7,0,0
7,0,0
7,0,0
7,0,0
7,0,0
7,0,0
7,1,1
7,0,0
7,0,0
7,0,0
7,0,0
7,0,0
7,0,0
7,0,1
7,0,0
7,0,0
7,0,0
7,0,0
7,0,1
7,0,1
7,0,0
7,0,0
7,0,0
7,1,1
7,0,0
7,0,0
7,0,1
7,0,0
7,0,0
7,0,0
7,0,0
7,0,0
7,0,0
7,0,0
7,0,0
7,0,0
7,0,0
7,1,1
7,1,1
7,1,1
7,0,0
7,0,0
7,0,0
7,0,0
7,0,0
7,0,0
7,0,0
7,0,0
7,0,0
7,0,0
7,0,0
7,0,0
7,0,0
7,0,0
7,0,0
7,0,0
7,0,0
7,0,0
7,0,0
7,0,0
7,0,0
7,0,0
7,0,0
7,0,0
7,0,0
7,0,0
7,0,1
7,0,0
7,0,0
7,0,0
Total DB Queries This Round: 17275
Total time spent this round in seconds: 398.7322416305542
7,0,0
7,0,0
7,0,0
7,0,0
7,0,0
7,0,0
7,0,0
7,0,0
7,0,0
7,0,0
7,0,0
7,0,0
7,0,0
7,0,0
7,0,0
7,0,0
7,0,0
7,0,0
7,1,1
7,0,0
7,0,0
7,0,0
7,0,0
7,0,0
7,0,0
7,0,0
7,0,0
7,0,0
7,0,0
7,0,0
7,0,0
7,0,0
7,1,1
7,0,0
7,0,0
7,0,0
7,0,0
7,0,0
7,0,0
7,0,0
7,0,0
7,0,0
7,0,0
7,0,0
7,0,0
7,1,1
7,1,1
7,0,0
7,0,0
7,0,0
7,0,0
7,0,0
7,0,0
7,0,0
7,0,0
7,0,0
7,0,0
7,0,0
7,0,0
7,0,0
7,0,0
7,0,0
7,0,0
7,0,0
7,0,0
7,0,0
7,1,1
7,1,0
7,0,0
7,0,0
7,0,0
7,0,0
7,0,0
7,0,0
7,0,0
7,0,0
7,0,0
7,0,0
7,0,0
7,0,0
7,0,0
7,0,0
7,0,0
7,0,0
7,0,0
7,0,0
7,0,0
7,0,0
7,0,0
7,0,0
7,0,0
7,0,0
7,1,1
7,0,0
7,0,0
7,0,0
7,0,0
7,0,0
7,0,0
7,0,0
Total DB Queries This Round: 12950
Total time spent this round in seconds: 290.7954258918762
7,0,0
7,0,0
7,0,0
7,0,0
7,0,0
7,0,0
7,0,0
7,0,0
7,0,0
7,0,0
7,0,0
7,0,0
7,1,1
7,1,1
7,0,1
7,0,0
7,0,0
7,0,0
7,0,0
7,0,0
7,0,0
7,0,0
7,0,0
7,0,0
7,0,0
7,0,0
7,0,0
7,0,0
7,0,0
7,0,0
7,0,0
7,0,0
7,0,0
7,0,0
7,0,0
7,0,0
7,0,0
7,0,0
7,0,0
7,0,0
7,0,0
7,0,0
7,0,0
7,0,0
7,0,0
7,0,0
7,0,0
7,1,1
7,0,0
7,0,0
7,0,0
7,0,0
7,0,0
7,0,0
7,0,1
7,0,1
7,0,0
7,0,0
7,0,0
7,0,0
7,0,0
7,1,1
7,0,0
7,0,0
7,0,0
7,0,0
7,1,1
7,0,1
7,0,0
7,0,0
7,0,0
7,0,0
7,0,0
7,0,0
7,1,1
7,0,0
7,0,0
7,0,0
7,0,0
7,0,0
7,0,0
7,0,1
7,0,0
7,0,0
7,0,0
7,0,0
7,0,0
7,0,0
7,0,0
7,1,1
7,0,0
7,0,0
7,0,0
7,0,0
7,0,0
7,0,0
7,0,0
7,0,0
7,0,0
7,0,0
Total DB Queries This Round: 13667
Total time spent this round in seconds: 317.7705399990082
7,0,0
7,1,1
7,0,1
7,0,0
7,0,0
7,0,0
7,0,0
7,0,0
7,0,0
7,0,0
7,0,0
7,0,0
7,0,0
7,0,0
7,1,1
7,0,0
7,1,1
7,0,0
7,0,0
7,0,1
7,0,1
7,0,0
7,0,0
7,0,1
7,0,0
7,0,0
7,0,0
7,0,0
7,0,0
7,0,0
7,0,0
7,0,0
7,0,0
7,0,0
7,0,0
7,1,1
7,0,1
7,0,0
7,0,0
7,0,0
7,0,0
7,0,0
7,0,0
7,0,0
7,0,0
7,0,0
7,0,0
7,0,0
7,0,0
7,0,0
7,0,0
7,0,0
7,0,0
7,0,0
7,0,0
7,0,1
7,0,0
7,0,0
7,0,1
7,0,0
7,0,0
7,0,0
7,0,0
7,0,0
7,0,0
7,0,0
7,0,0
7,0,0
7,0,0
7,0,0
7,0,0
7,0,0
7,0,0
7,0,0
7,0,0
7,0,0
7,0,0
7,1,1
7,1,1
7,0,0
7,0,0
7,0,0
7,0,0
7,0,1
7,0,0
7,0,0
7,0,0
7,0,0
7,0,1
7,0,0
7,0,0
7,0,0
7,1,1
7,0,0
7,0,1
7,0,0
7,0,0
7,0,0
7,0,1
7,0,0
Total DB Queries This Round: 24513
Total time spent this round in seconds: 760.5812768936157
7,0,0
7,0,0
7,0,0
7,0,1
7,0,0
7,0,0
7,0,0
7,0,0
7,0,0
7,0,0
7,0,0
7,0,0
7,0,0
7,0,0
7,0,0
7,0,0
7,0,1
7,1,1
7,0,0
7,0,0
7,0,0
7,0,0
7,0,1
7,0,1
7,0,0
7,0,0
7,0,0
7,0,0
7,0,0
7,0,0
7,0,0
7,0,0
7,0,0
7,0,0
7,0,0
7,1,1
7,1,1
7,0,0
7,0,0
7,0,0
7,0,0
7,0,0
7,1,1
7,0,0
7,0,0
7,0,0
7,0,1
7,0,0
7,0,0
7,0,0
7,0,0
7,0,0
7,0,0
7,0,0
7,0,0
7,0,0
7,0,0
7,0,0
7,0,0
7,0,0
7,0,0
7,0,0
7,0,0
7,0,0
7,0,0
7,0,0
7,0,0
7,0,0
7,0,0
7,0,0
7,0,0
7,0,0
7,0,0
7,0,1
7,0,0
7,0,0
7,0,0
7,0,0
7,1,1
7,0,1
7,0,0
7,0,0
7,0,0
7,0,0
7,0,0
7,0,0
7,1,1
7,0,0
7,0,0
7,0,0
7,1,1
7,0,0
7,0,0
7,0,0
7,0,0
7,0,0
7,0,0
7,0,1
7,0,0
7,0,0
Total DB Queries This Round: 12686
Total time spent this round in seconds: 392.1994614601135
7,0,0
7,0,0
7,0,0
7,0,0
7,0,0
7,0,0
7,0,0
7,0,0
7,0,0
7,0,0
7,0,0
7,0,0
7,0,0
7,0,0
7,0,0
7,0,0
7,1,1
7,0,0
7,0,0
7,0,0
7,0,0
7,0,0
7,0,0
7,0,0
7,0,0
7,0,0
7,0,0
7,0,0
7,0,0
7,0,0
7,0,0
7,0,0
7,0,0
7,0,0
7,1,1
7,0,0
7,0,1
7,1,1
7,0,0
7,0,0
7,0,0
7,0,0
7,0,0
7,0,0
7,0,0
7,0,0
7,0,0
7,0,0
7,0,0
7,0,0
7,0,0
7,0,0
7,0,0
7,0,0
7,0,1
7,0,0
7,0,0
7,0,0
7,0,0
7,0,0
7,0,0
7,1,1
7,0,0
7,0,0
7,0,0
7,0,0
7,0,0
7,0,1
7,0,0
7,0,0
7,0,0
7,0,0
7,0,0
7,0,0
7,0,0
7,0,0
7,0,0
7,0,0
7,0,0
7,1,1
7,0,0
7,0,1
7,0,0
7,0,0
7,0,0
7,1,1
7,1,1
7,0,0
7,0,1
7,0,0
7,0,0
7,0,0
7,0,0
7,0,0
7,0,0
7,0,0
7,0,0
7,0,0
7,0,0
7,0,0
Total DB Queries This Round: 17379
Total time spent this round in seconds: 407.09853625297546
7,0,0
7,0,0
7,0,0
7,0,0
7,0,0
7,1,1
7,0,0
7,0,0
7,0,0
7,0,0
7,0,0
7,0,0
7,0,0
7,0,0
7,0,0
7,0,0
7,0,0
7,0,0
7,0,0
7,0,0
7,0,0
7,0,0
7,0,0
7,0,0
7,0,0
7,0,0
7,0,0
7,0,0
7,0,0
7,0,0
7,0,0
7,0,0
7,0,0
7,0,0
7,0,0
7,0,1
7,0,0
7,0,0
7,0,0
7,0,0
7,0,0
7,0,0
7,0,0
7,0,0
7,0,0
7,0,1
7,0,0
7,0,0
7,1,1
7,0,0
7,0,0
7,0,0
7,1,1
7,0,0
7,0,0
7,0,0
7,0,0
7,0,0
7,0,0
7,0,0
7,0,1
7,0,1
7,0,0
7,0,0
7,0,0
7,0,0
7,0,0
7,0,0
7,0,0
7,0,0
7,0,0
7,1,1
7,0,0
7,0,0
7,0,0
7,1,1
7,0,0
7,0,0
7,0,0
7,0,0
7,0,0
7,1,1
7,0,0
7,0,0
7,0,0
7,0,0
7,0,0
7,1,1
7,0,0
7,0,0
7,0,0
7,0,0
7,0,0
7,0,0
7,0,0
7,0,0
7,0,0
7,0,0
7,0,1
7,0,0
Total DB Queries This Round: 12740
Total time spent this round in seconds: 331.9584336280823
7,0,0
7,0,0
7,0,0
7,0,0
7,0,0
7,0,0
7,0,0
7,1,1
7,0,0
7,0,0
7,0,0
7,0,0
7,0,0
7,0,0
7,0,0
7,0,0
7,0,1
7,0,0
7,0,0
7,0,0
7,0,0
7,1,0
7,0,0
7,0,0
7,0,0
7,0,0
7,0,0
7,0,0
7,0,0
7,0,0
7,0,0
7,0,0
7,0,0
7,0,0
7,0,0
7,0,0
7,0,0
7,0,0
7,1,1
7,0,0
7,0,0
7,0,0
7,0,1
7,0,0
7,0,0
7,0,1
7,0,0
7,0,0
7,0,0
7,0,0
7,1,1
7,1,1
7,0,0
7,0,0
7,0,0
7,0,0
7,0,0
7,0,0
7,0,0
7,0,0
7,0,0
7,0,0
7,0,0
7,0,0
7,0,0
7,0,0
7,0,0
7,1,1
7,0,0
7,0,0
7,0,0
7,0,0
7,0,0
7,0,0
7,0,0
7,0,0
7,0,0
7,0,0
7,0,0
7,1,0
7,0,0
7,0,0
7,0,0
7,0,0
7,0,0
7,0,0
7,0,0
7,0,0
7,0,0
7,0,0
7,0,0
7,0,0
7,0,0
7,0,0
7,0,0
7,0,0
7,0,0
7,0,0
7,0,0
7,0,0
Total DB Queries This Round: 10377
Total time spent this round in seconds: 308.110392332077
7,0,0
7,0,0
7,0,0
7,0,0
7,0,0
7,0,0
7,0,0
7,0,0
7,0,0
7,0,0
7,0,0
7,0,0
7,0,0
7,0,0
7,0,0
7,0,0
7,0,0
7,0,0
7,0,1
7,0,0
7,0,1
7,0,0
7,0,0
7,0,0
7,0,0
7,0,0
7,0,0
7,0,0
7,0,0
7,0,0
7,0,0
7,1,1
7,0,0
7,1,1
7,0,0
7,0,0
7,0,0
7,0,1
7,0,0
7,0,0
7,0,0
7,0,0
7,0,0
7,0,0
7,0,0
7,0,0
7,0,0
7,0,0
7,0,0
7,0,0
7,0,0
7,0,0
7,1,1
7,1,1
7,0,0
7,0,0
7,0,0
7,0,0
7,0,0
7,0,0
7,0,0
7,1,1
7,0,0
7,0,0
7,0,0
7,0,1
7,0,0
7,0,0
7,1,1
7,0,0
7,0,0
7,0,0
7,0,0
7,0,0
7,0,0
7,0,0
7,0,0
7,0,1
7,0,0
7,0,0
7,1,1
7,0,0
7,0,0
7,0,0
7,0,1
7,0,0
7,0,0
7,0,0
7,0,0
7,0,0
7,0,0
7,0,0
7,0,0
7,0,0
7,0,0
7,0,0
7,0,0
7,0,0
7,0,0
7,0,0
Total DB Queries This Round: 12451
Total time spent this round in seconds: 377.92173886299133
7,0,1
7,0,0
7,0,0
7,0,0
7,0,0
7,0,0
7,0,0
7,0,0
7,0,0
7,0,0
7,0,0
7,0,1
7,0,0
7,0,0
7,1,1
7,0,1
7,0,0
7,0,0
7,0,0
7,0,0
7,0,0
7,0,0
7,0,0
7,0,1
7,0,0
7,0,1
7,0,0
7,1,1
7,1,1
7,0,0
7,0,0
7,0,0
7,0,0
7,0,0
7,0,0
7,0,0
7,0,0
7,0,1
7,0,0
7,0,0
7,0,0
7,1,1
7,0,0
7,0,0
7,0,0
7,0,0
7,0,0
7,0,0
7,0,0
7,0,0
7,0,0
7,0,0
7,0,0
7,0,0
7,0,1
7,0,0
7,0,0
7,0,0
7,0,0
7,0,0
7,0,0
7,0,0
7,0,0
7,0,0
7,0,1
7,0,0
7,0,0
7,0,0
7,0,0
7,0,0
7,0,0
7,0,0
7,0,0
7,0,0
7,0,0
7,0,0
7,0,0
7,1,1
7,0,0
7,0,0
7,0,0
7,0,0
7,0,0
7,1,1
7,0,0
7,0,0
7,0,0
7,1,1
7,0,0
7,0,0
7,0,0
7,0,0
7,0,0
7,0,0
7,0,0
7,0,1
7,0,0
7,0,0
7,0,0
7,0,0
Total DB Queries This Round: 16787
Total time spent this round in seconds: 509.4937632083893
PERCENT IN TABLE OF 100: 8%
8,0,0
8,0,0
8,0,0
8,0,0
8,0,0
8,0,0
8,0,0
8,0,0
8,0,0
8,0,0
8,0,0
8,1,1
8,0,0
8,0,0
8,0,0
8,0,0
8,0,0
8,0,0
8,0,0
8,1,1
8,0,0
8,0,0
8,0,0
8,0,0
8,1,1
8,0,0
8,0,0
8,0,0
8,0,0
8,0,0
8,0,0
8,0,0
8,0,0
8,0,0
8,0,0
8,1,1
8,0,0
8,0,0
8,0,0
8,0,0
8,0,0
8,0,0
8,0,0
8,0,0
8,0,0
8,0,0
8,0,0
8,0,0
8,0,0
8,0,0
8,0,0
8,0,0
8,0,0
8,0,0
8,0,0
8,0,0
8,0,0
8,0,0
8,0,0
8,0,0
8,0,0
8,0,0
8,0,1
8,0,0
8,0,0
8,0,0
8,0,0
8,0,0
8,0,0
8,0,0
8,0,0
8,0,0
8,0,0
8,0,0
8,0,0
8,0,0
8,0,0
8,1,1
8,0,0
8,0,0
8,1,1
8,0,0
8,0,0
8,0,0
8,0,0
8,1,1
8,0,0
8,0,0
8,0,0
8,0,0
8,0,0
8,0,0
8,0,0
8,0,0
8,0,0
8,0,0
8,0,0
8,0,0
8,0,0
8,1,1
Total DB Queries This Round: 15775
Total time spent this round in seconds: 490.71562218666077
8,0,0
8,0,0
8,0,0
8,0,0
8,0,0
8,0,0
8,0,0
8,0,0
8,0,0
8,0,0
8,0,0
8,0,0
8,0,0
8,0,0
8,0,0
8,0,0
8,0,0
8,0,0
8,0,0
8,0,0
8,0,0
8,0,0
8,0,0
8,0,0
8,0,0
8,0,0
8,1,1
8,0,1
8,0,0
8,0,0
8,0,0
8,0,0
8,0,0
8,0,0
8,0,0
8,0,0
8,0,0
8,0,0
8,1,1
8,0,1
8,0,0
8,0,0
8,0,0
8,0,0
8,0,0
8,0,0
8,0,0
8,0,0
8,0,0
8,0,0
8,0,0
8,0,0
8,0,0
8,0,0
8,0,0
8,0,0
8,0,0
8,0,0
8,0,0
8,0,0
8,0,0
8,0,0
8,1,1
8,0,0
8,0,0
8,0,0
8,0,0
8,0,0
8,0,0
8,0,0
8,0,0
8,0,0
8,0,0
8,1,0
8,0,0
8,0,0
8,0,0
8,0,0
8,0,0
8,0,0
8,0,0
8,0,0
8,0,0
8,0,0
8,0,0
8,0,0
8,1,1
8,1,1
8,0,0
8,1,1
8,0,0
8,0,0
8,0,0
8,0,1
8,1,1
8,0,0
8,0,0
8,0,0
8,0,0
8,0,0
Total DB Queries This Round: 12939
Total time spent this round in seconds: 386.3907594680786
8,0,0
8,0,0
8,0,0
8,1,1
8,1,1
8,0,0
8,0,1
8,0,0
8,0,0
8,0,0
8,0,0
8,0,0
8,0,0
8,0,0
8,0,0
8,0,0
8,0,0
8,0,0
8,0,0
8,0,0
8,0,0
8,0,0
8,0,0
8,0,0
8,0,0
8,0,0
8,0,0
8,0,0
8,0,0
8,0,0
8,0,1
8,0,1
8,0,0
8,0,0
8,0,0
8,0,0
8,0,0
8,0,0
8,1,1
8,0,1
8,0,0
8,0,0
8,0,0
8,0,0
8,0,0
8,0,0
8,0,0
8,0,0
8,0,0
8,0,0
8,0,0
8,0,0
8,1,1
8,0,0
8,0,0
8,1,1
8,1,1
8,0,0
8,0,1
8,0,0
8,0,0
8,0,0
8,0,0
8,0,0
8,0,0
8,0,0
8,0,0
8,0,0
8,0,0
8,0,0
8,0,0
8,0,0
8,0,0
8,0,0
8,0,0
8,0,0
8,0,0
8,0,0
8,0,0
8,0,0
8,0,0
8,0,0
8,0,0
8,0,0
8,0,0
8,0,0
8,1,1
8,0,0
8,0,0
8,1,1
8,0,0
8,0,0
8,0,0
8,0,0
8,0,0
8,0,0
8,0,0
8,0,0
8,0,0
8,0,0
Total DB Queries This Round: 16277
Total time spent this round in seconds: 505.6260566711426
8,0,0
8,0,0
8,0,0
8,0,0
8,0,0
8,0,0
8,0,0
8,0,0
8,0,0
8,0,0
8,0,0
8,0,0
8,0,0
8,0,0
8,0,0
8,0,0
8,0,0
8,0,0
8,0,0
8,0,0
8,0,0
8,0,0
8,0,1
8,0,0
8,0,0
8,0,0
8,1,1
8,0,0
8,0,0
8,0,0
8,1,1
8,0,1
8,1,1
8,0,0
8,0,0
8,0,0
8,0,0
8,0,0
8,0,0
8,0,0
8,0,0
8,0,0
8,0,0
8,1,1
8,0,0
8,0,0
8,1,1
8,0,0
8,0,0
8,0,0
8,0,0
8,0,0
8,0,0
8,0,0
8,1,1
8,0,0
8,0,0
8,0,0
8,0,0
8,0,1
8,0,0
8,0,0
8,0,0
8,0,0
8,0,0
8,0,0
8,0,0
8,0,0
8,0,0
8,0,0
8,0,0
8,0,0
8,0,0
8,0,0
8,0,0
8,0,0
8,0,0
8,0,1
8,0,0
8,0,0
8,1,1
8,0,0
8,0,0
8,0,0
8,0,0
8,0,0
8,0,0
8,1,1
8,0,0
8,0,0
8,0,0
8,0,0
8,0,0
8,0,0
8,0,0
8,0,0
8,0,0
8,0,0
8,0,0
8,0,0
Total DB Queries This Round: 17238
Total time spent this round in seconds: 530.0815470218658
8,0,0
8,0,0
8,0,0
8,0,0
8,0,0
8,0,0
8,0,0
8,0,0
8,0,0
8,0,0
8,1,1
8,0,0
8,0,0
8,0,0
8,0,0
8,0,0
8,0,1
8,0,0
8,1,1
8,0,0
8,0,0
8,0,0
8,0,0
8,1,1
8,0,0
8,0,0
8,0,1
8,0,0
8,0,0
8,0,0
8,0,0
8,0,0
8,1,1
8,0,0
8,0,0
8,0,0
8,0,0
8,0,0
8,0,0
8,0,0
8,1,1
8,0,0
8,0,0
8,0,0
8,0,1
8,0,1
8,0,1
8,1,1
8,0,0
8,0,0
8,0,0
8,0,0
8,0,0
8,0,0
8,0,0
8,0,0
8,0,0
8,0,0
8,0,0
8,0,0
8,0,0
8,0,0
8,0,0
8,0,0
8,0,0
8,0,0
8,0,0
8,0,1
8,0,0
8,0,0
8,0,0
8,0,0
8,0,1
8,1,1
8,0,1
8,1,1
8,0,0
8,0,0
8,0,1
8,0,1
8,0,0
8,0,0
8,0,0
8,0,0
8,0,0
8,0,0
8,0,0
8,0,0
8,0,0
8,0,0
8,0,0
8,0,0
8,0,0
8,0,0
8,0,0
8,0,0
8,0,0
8,0,0
8,0,0
8,0,0
Total DB Queries This Round: 17026
Total time spent this round in seconds: 523.251266002655
8,0,0
8,0,0
8,0,0
8,0,0
8,0,0
8,1,1
8,0,0
8,0,0
8,0,0
8,0,0
8,0,0
8,1,1
8,0,0
8,0,0
8,0,0
8,0,0
8,0,1
8,0,1
8,0,0
8,0,0
8,1,1
8,0,0
8,0,0
8,1,1
8,0,1
8,0,1
8,0,0
8,0,0
8,0,0
8,0,0
8,0,0
8,0,1
8,0,0
8,0,0
8,0,0
8,0,0
8,1,1
8,0,0
8,0,0
8,0,0
8,0,1
8,0,1
8,0,1
8,1,1
8,0,0
8,0,0
8,0,0
8,0,0
8,0,0
8,0,0
8,0,0
8,0,0
8,0,1
8,0,0
8,0,0
8,0,0
8,0,0
8,0,0
8,0,0
8,0,0
8,0,0
8,1,1
8,0,0
8,0,0
8,0,0
8,0,0
8,0,0
8,0,0
8,0,0
8,0,0
8,0,0
8,0,0
8,0,0
8,0,0
8,0,0
8,0,0
8,0,0
8,0,0
8,0,0
8,0,0
8,0,0
8,0,0
8,0,0
8,0,0
8,0,0
8,0,0
8,0,0
8,0,1
8,0,0
8,0,0
8,0,0
8,0,0
8,0,0
8,0,0
8,1,1
8,0,1
8,0,0
8,0,0
8,0,0
8,0,0
Total DB Queries This Round: 17144
Total time spent this round in seconds: 538.8229393959045
8,0,0
8,0,1
8,0,0
8,0,0
8,0,0
8,0,0
8,0,0
8,0,0
8,0,0
8,0,0
8,0,0
8,0,0
8,1,1
8,0,0
8,0,0
8,0,0
8,1,1
8,0,0
8,0,0
8,0,0
8,0,0
8,0,0
8,0,0
8,0,0
8,0,0
8,0,0
8,0,0
8,0,0
8,0,0
8,0,0
8,0,0
8,0,0
8,0,0
8,0,0
8,0,0
8,0,0
8,0,0
8,0,0
8,0,0
8,0,0
8,0,0
8,0,0
8,0,0
8,1,1
8,0,0
8,0,0
8,0,0
8,0,0
8,0,0
8,0,0
8,0,0
8,0,0
8,0,0
8,0,0
8,0,0
8,0,0
8,1,1
8,0,0
8,0,1
8,0,1
8,0,0
8,1,1
8,0,0
8,0,0
8,0,0
8,0,0
8,0,0
8,0,0
8,0,0
8,0,0
8,0,0
8,0,0
8,0,0
8,0,0
8,0,0
8,0,1
8,0,0
8,0,0
8,0,0
8,0,0
8,0,0
8,0,0
8,0,0
8,0,0
8,0,0
8,0,0
8,0,0
8,1,1
8,0,0
8,1,1
8,0,0
8,0,0
8,0,0
8,0,0
8,0,0
8,0,0
8,0,1
8,1,1
8,0,0
8,0,0
Total DB Queries This Round: 15941
Total time spent this round in seconds: 515.914865732193
8,0,0
8,0,0
8,0,0
8,0,0
8,1,1
8,0,1
8,0,0
8,0,0
8,0,0
8,0,0
8,0,0
8,0,0
8,0,1
8,0,0
8,0,0
8,0,0
8,0,0
8,0,0
8,0,0
8,0,0
8,0,0
8,1,1
8,0,1
8,0,0
8,1,1
8,0,0
8,0,0
8,0,0
8,0,0
8,0,0
8,0,0
8,0,0
8,0,0
8,0,0
8,0,0
8,0,0
8,0,0
8,0,0
8,0,0
8,0,0
8,0,0
8,0,0
8,0,0
8,0,0
8,0,0
8,0,0
8,0,0
8,0,0
8,0,0
8,0,0
8,0,0
8,0,0
8,0,0
8,0,0
8,0,0
8,0,0
8,0,0
8,0,0
8,0,0
8,0,0
8,0,0
8,0,1
8,0,0
8,0,0
8,0,0
8,0,0
8,0,0
8,0,0
8,0,0
8,0,0
8,0,0
8,1,1
8,0,0
8,0,0
8,0,0
8,0,0
8,0,0
8,0,1
8,0,0
8,0,0
8,1,1
8,0,0
8,0,0
8,1,1
8,0,0
8,0,0
8,0,0
8,0,0
8,0,0
8,0,0
8,0,0
8,0,0
8,1,1
8,0,0
8,0,0
8,1,1
8,0,0
8,0,0
8,0,0
8,0,0
Total DB Queries This Round: 17164
Total time spent this round in seconds: 426.3652718067169
8,0,0
8,0,0
8,0,0
8,0,0
8,0,0
8,1,1
8,0,0
8,0,0
8,0,0
8,0,0
8,0,0
8,0,0
8,1,1
8,0,0
8,0,0
8,0,0
8,0,0
8,0,0
8,0,0
8,1,1
8,0,0
8,0,1
8,0,0
8,0,0
8,0,0
8,0,0
8,0,0
8,0,0
8,0,0
8,0,0
8,0,0
8,0,0
8,0,0
8,0,0
8,0,0
8,0,0
8,0,0
8,0,0
8,0,0
8,0,0
8,0,0
8,0,0
8,1,1
8,0,0
8,0,0
8,0,0
8,0,0
8,0,0
8,0,0
8,0,0
8,0,1
8,0,0
8,0,0
8,0,0
8,0,0
8,0,0
8,0,0
8,0,0
8,0,0
8,1,1
8,0,0
8,0,0
8,0,0
8,0,0
8,0,0
8,0,0
8,0,0
8,0,0
8,0,0
8,0,0
8,0,0
8,0,0
8,0,0
8,0,0
8,0,0
8,0,0
8,0,0
8,0,0
8,0,0
8,0,0
8,0,0
8,1,1
8,0,0
8,0,0
8,0,0
8,0,0
8,0,0
8,0,0
8,1,1
8,0,0
8,0,0
8,0,0
8,0,0
8,0,0
8,0,0
8,1,1
8,0,0
8,0,0
8,0,0
8,0,0
Total DB Queries This Round: 16753
Total time spent this round in seconds: 412.49244022369385
8,0,0
8,0,0
8,0,0
8,0,0
8,0,0
8,0,0
8,0,0
8,0,0
8,0,0
8,0,0
8,0,0
8,0,0
8,0,0
8,0,0
8,0,0
8,0,0
8,0,0
8,0,0
8,0,0
8,0,0
8,0,0
8,0,0
8,0,0
8,0,0
8,0,0
8,0,0
8,0,0
8,0,0
8,0,0
8,0,1
8,0,0
8,0,0
8,0,0
8,0,0
8,1,1
8,0,0
8,0,0
8,0,0
8,0,0
8,0,0
8,0,0
8,0,1
8,0,0
8,0,0
8,0,0
8,0,0
8,0,0
8,0,0
8,0,0
8,0,0
8,1,1
8,0,0
8,0,0
8,0,0
8,0,0
8,1,0
8,0,0
8,0,0
8,0,0
8,0,0
8,0,0
8,0,0
8,0,0
8,0,0
8,0,0
8,0,0
8,0,0
8,0,0
8,0,0
8,0,0
8,1,1
8,0,0
8,0,1
8,0,0
8,1,1
8,0,0
8,0,0
8,0,0
8,0,0
8,1,1
8,0,0
8,0,0
8,1,1
8,0,0
8,0,0
8,0,0
8,0,0
8,0,0
8,0,0
8,0,0
8,0,0
8,0,0
8,0,0
8,0,0
8,0,0
8,0,0
8,0,0
8,0,0
8,1,1
8,0,0
Total DB Queries This Round: 16231
Total time spent this round in seconds: 405.8037848472595
PERCENT IN TABLE OF 100: 9%
9,0,0
9,0,0
9,0,0
9,0,0
9,0,0
9,0,0
9,0,0
9,1,1
9,0,0
9,0,0
9,0,0
9,0,0
9,0,0
9,0,0
9,0,0
9,0,0
9,0,0
9,0,0
9,0,0
9,0,0
9,0,0
9,0,0
9,1,1
9,0,1
9,0,0
9,0,0
9,0,0
9,0,0
9,0,0
9,0,1
9,0,0
9,0,0
9,0,0
9,0,0
9,0,0
9,1,1
9,0,0
9,0,0
9,0,0
9,0,0
9,0,0
9,0,0
9,0,0
9,0,0
9,0,1
9,1,1
9,0,0
9,1,1
9,1,1
9,0,0
9,0,0
9,1,1
9,0,0
9,0,0
9,0,0
9,0,0
9,0,0
9,0,0
9,1,1
9,0,0
9,0,1
9,0,0
9,0,1
9,0,1
9,0,0
9,0,0
9,0,0
9,0,0
9,0,0
9,0,0
9,0,0
9,0,0
9,0,0
9,0,0
9,0,0
9,0,0
9,0,1
9,0,0
9,0,0
9,0,0
9,0,0
9,0,0
9,0,0
9,1,1
9,0,0
9,0,0
9,0,0
9,0,0
9,0,0
9,0,0
9,0,0
9,0,0
9,0,0
9,0,0
9,0,0
9,0,0
9,0,0
9,0,0
9,0,0
9,0,0
Total DB Queries This Round: 5341
Total time spent this round in seconds: 144.86568236351013
9,1,0
9,0,0
9,0,0
9,0,0
9,0,0
9,0,0
9,0,0
9,0,0
9,0,0
9,0,0
9,0,0
9,0,0
9,0,0
9,0,0
9,0,0
9,0,0
9,0,0
9,1,1
9,0,0
9,0,0
9,0,0
9,0,0
9,0,0
9,1,1
9,0,0
9,0,0
9,0,0
9,0,0
9,0,0
9,0,0
9,0,0
9,0,0
9,0,0
9,0,0
9,0,0
9,0,0
9,0,0
9,0,0
9,1,1
9,0,0
9,0,0
9,0,0
9,0,0
9,0,0
9,0,0
9,0,0
9,0,0
9,0,0
9,0,0
9,0,0
9,0,0
9,0,0
9,0,0
9,0,0
9,0,0
9,0,0
9,0,0
9,0,0
9,0,0
9,0,0
9,0,0
9,0,0
9,0,0
9,0,0
9,1,1
9,0,0
9,0,0
9,0,0
9,0,0
9,0,0
9,0,0
9,0,0
9,0,0
9,0,0
9,0,0
9,0,0
9,0,0
9,0,0
9,0,1
9,1,1
9,0,0
9,0,0
9,1,1
9,0,0
9,0,0
9,0,0
9,0,0
9,0,0
9,1,1
9,0,0
9,0,0
9,0,0
9,0,0
9,0,0
9,0,0
9,0,0
9,0,0
9,0,1
9,0,0
9,1,0
Total DB Queries This Round: 5824
Total time spent this round in seconds: 135.29412937164307
9,0,0
9,0,0
9,0,0
9,0,0
9,0,0
9,0,0
9,0,0
9,1,1
9,0,0
9,0,0
9,0,1
9,1,1
9,0,0
9,0,0
9,0,0
9,0,0
9,0,0
9,0,0
9,0,1
9,0,1
9,0,0
9,0,0
9,0,0
9,0,0
9,0,0
9,0,0
9,0,0
9,0,0
9,0,0
9,0,0
9,0,0
9,0,0
9,0,0
9,0,0
9,0,0
9,0,0
9,0,0
9,0,0
9,0,0
9,0,0
9,0,0
9,0,0
9,0,0
9,1,0
9,0,0
9,0,0
9,0,0
9,1,0
9,0,0
9,0,0
9,0,0
9,0,0
9,0,1
9,0,0
9,0,0
9,0,0
9,1,1
9,0,0
9,0,0
9,1,1
9,0,0
9,0,0
9,0,0
9,1,1
9,0,0
9,0,0
9,1,1
9,0,1
9,0,0
9,0,1
9,0,0
9,0,0
9,0,0
9,0,0
9,1,0
9,0,0
9,0,0
9,0,0
9,0,0
9,0,0
9,0,0
9,0,0
9,0,0
9,0,0
9,0,0
9,0,0
9,0,0
9,0,0
9,0,0
9,0,0
9,0,0
9,0,0
9,0,0
9,0,0
9,0,0
9,0,0
9,0,0
9,0,0
9,0,0
9,0,0
Total DB Queries This Round: 5499
Total time spent this round in seconds: 150.21642875671387
9,0,0
9,0,0
9,0,0
9,0,0
9,0,0
9,0,0
9,0,0
9,0,0
9,0,0
9,0,0
9,0,0
9,0,0
9,0,0
9,1,1
9,0,0
9,0,0
9,0,0
9,0,0
9,0,0
9,1,1
9,0,0
9,0,0
9,0,0
9,0,0
9,0,0
9,0,0
9,0,1
9,0,0
9,0,0
9,0,0
9,0,1
9,0,1
9,0,0
9,0,1
9,0,0
9,0,0
9,1,1
9,0,0
9,0,0
9,0,0
9,1,1
9,0,1
9,0,0
9,0,0
9,0,0
9,0,0
9,0,0
9,0,0
9,0,0
9,1,1
9,0,0
9,0,0
9,0,0
9,0,0
9,0,0
9,0,0
9,0,0
9,0,0
9,0,0
9,0,0
9,0,0
9,0,0
9,0,0
9,1,1
9,0,0
9,0,0
9,0,0
9,0,0
9,0,0
9,0,0
9,0,0
9,0,0
9,0,0
9,0,0
9,0,0
9,0,0
9,0,0
9,1,1
9,0,0
9,0,0
9,0,1
9,0,0
9,1,1
9,0,0
9,0,0
9,0,0
9,0,0
9,0,0
9,0,0
9,0,0
9,0,0
9,0,0
9,0,1
9,0,0
9,0,0
9,0,0
9,0,1
9,1,1
9,0,0
9,0,0
Total DB Queries This Round: 23532
Total time spent this round in seconds: 754.7181763648987
9,0,0
9,0,0
9,0,0
9,0,0
9,0,0
9,0,0
9,0,0
9,0,0
9,1,1
9,0,0
9,0,0
9,0,0
9,0,0
9,1,1
9,1,1
9,0,0
9,0,0
9,0,0
9,0,0
9,0,0
9,0,0
9,1,1
9,0,0
9,0,0
9,0,0
9,0,0
9,1,1
9,0,0
9,0,0
9,0,0
9,0,0
9,0,0
9,0,0
9,0,0
9,0,0
9,0,1
9,0,0
9,0,0
9,0,0
9,0,0
9,0,0
9,0,0
9,0,0
9,0,0
9,0,0
9,1,1
9,0,0
9,0,0
9,0,0
9,0,0
9,0,1
9,0,1
9,0,0
9,0,0
9,0,0
9,0,0
9,0,0
9,0,0
9,1,1
9,0,0
9,0,0
9,0,1
9,0,0
9,0,0
9,0,0
9,0,0
9,0,0
9,1,1
9,0,0
9,1,1
9,0,0
9,0,0
9,0,0
9,0,0
9,0,0
9,0,0
9,0,1
9,0,1
9,0,0
9,0,0
9,0,0
9,0,0
9,0,0
9,0,0
9,0,0
9,0,0
9,0,0
9,0,1
9,0,0
9,0,0
9,0,1
9,0,0
9,0,0
9,0,1
9,0,0
9,0,0
9,0,0
9,0,0
9,0,0
9,0,0
Total DB Queries This Round: 4951
Total time spent this round in seconds: 156.94066786766052
9,0,0
9,0,0
9,0,0
9,1,1
9,0,0
9,0,0
9,0,0
9,0,0
9,0,0
9,0,0
9,0,0
9,0,0
9,1,1
9,0,0
9,1,1
9,0,0
9,0,0
9,0,0
9,0,0
9,0,1
9,1,1
9,0,0
9,0,0
9,0,0
9,0,0
9,0,0
9,1,1
9,0,0
9,0,0
9,0,0
9,0,0
9,0,0
9,0,0
9,0,0
9,0,0
9,0,0
9,0,0
9,0,0
9,0,0
9,0,0
9,0,0
9,0,0
9,0,0
9,0,0
9,0,1
9,0,0
9,0,0
9,0,0
9,0,0
9,0,0
9,0,0
9,0,0
9,0,0
9,0,0
9,0,0
9,0,0
9,0,0
9,0,0
9,0,0
9,1,1
9,1,1
9,0,0
9,0,0
9,0,0
9,0,0
9,0,0
9,0,0
9,0,0
9,0,0
9,0,0
9,0,0
9,0,1
9,0,0
9,0,0
9,0,0
9,0,0
9,0,0
9,0,0
9,0,0
9,0,0
9,0,0
9,0,0
9,0,0
9,1,0
9,0,0
9,0,0
9,0,0
9,0,0
9,0,0
9,0,0
9,0,0
9,0,0
9,1,1
9,0,0
9,0,0
9,0,0
9,0,0
9,0,0
9,0,0
9,0,0
Total DB Queries This Round: 6277
Total time spent this round in seconds: 193.35660552978516
9,0,0
9,0,0
9,0,0
9,0,0
9,0,0
9,0,0
9,0,0
9,0,0
9,0,0
9,0,0
9,0,0
9,0,0
9,1,1
9,0,0
9,0,0
9,0,0
9,0,0
9,0,0
9,0,1
9,1,1
9,0,0
9,0,0
9,1,1
9,0,1
9,0,0
9,0,0
9,0,0
9,0,0
9,0,0
9,0,0
9,0,0
9,0,0
9,0,0
9,0,0
9,0,0
9,0,0
9,0,0
9,0,0
9,0,0
9,0,1
9,0,0
9,0,0
9,0,0
9,0,0
9,0,0
9,0,0
9,0,0
9,0,0
9,0,0
9,0,1
9,0,0
9,0,1
9,1,1
9,0,0
9,0,0
9,0,0
9,0,0
9,0,0
9,0,0
9,0,0
9,0,0
9,0,0
9,0,0
9,0,0
9,0,0
9,0,0
9,0,0
9,0,0
9,0,0
9,0,0
9,0,0
9,0,0
9,0,0
9,0,0
9,0,0
9,0,0
9,0,0
9,0,1
9,0,0
9,1,1
9,1,1
9,0,0
9,0,0
9,0,0
9,0,0
9,0,0
9,0,0
9,0,0
9,0,0
9,1,1
9,0,0
9,0,0
9,0,0
9,0,0
9,0,0
9,0,0
9,0,1
9,1,1
9,0,0
9,1,1
Total DB Queries This Round: 4623
Total time spent this round in seconds: 143.32321071624756
9,0,0
9,0,0
9,0,0
9,0,0
9,0,0
9,0,0
9,0,0
9,0,0
9,0,0
9,0,0
9,0,0
9,0,0
9,0,0
9,0,0
9,0,1
9,0,0
9,0,0
9,0,0
9,0,0
9,0,0
9,0,0
9,1,1
9,0,0
9,1,1
9,0,0
9,0,0
9,0,0
9,0,0
9,0,0
9,0,0
9,0,0
9,0,0
9,0,0
9,0,0
9,0,0
9,0,0
9,0,1
9,0,0
9,1,1
9,0,0
9,0,0
9,0,0
9,0,0
9,0,0
9,0,0
9,0,0
9,0,0
9,1,1
9,0,0
9,0,0
9,1,1
9,1,1
9,0,0
9,0,0
9,0,0
9,0,0
9,0,0
9,0,0
9,0,0
9,0,0
9,0,0
9,0,0
9,0,0
9,0,0
9,0,0
9,0,0
9,0,0
9,0,0
9,0,0
9,1,1
9,0,0
9,0,0
9,0,0
9,0,0
9,0,0
9,0,0
9,0,0
9,0,0
9,0,0
9,0,0
9,0,0
9,0,0
9,0,0
9,0,0
9,0,0
9,0,0
9,0,0
9,0,0
9,0,1
9,1,1
9,0,0
9,0,0
9,0,0
9,0,1
9,1,1
9,0,0
9,0,0
9,0,1
9,0,0
9,0,0
Total DB Queries This Round: 5180
Total time spent this round in seconds: 159.2417757511139
9,1,1
9,0,0
9,0,0
9,0,0
9,0,0
9,0,0
9,0,0
9,0,0
9,0,0
9,0,0
9,1,1
9,0,0
9,0,0
9,0,0
9,0,0
9,0,0
9,0,0
9,0,0
9,0,0
9,0,0
9,0,0
9,0,1
9,0,0
9,0,0
9,1,1
9,0,0
9,0,0
9,0,0
9,0,0
9,0,0
9,0,0
9,1,1
9,0,0
9,0,0
9,1,1
9,0,0
9,0,0
9,1,1
9,0,0
9,0,0
9,0,0
9,0,0
9,0,1
9,0,0
9,0,0
9,0,0
9,0,0
9,0,0
9,0,0
9,0,0
9,0,0
9,0,0
9,0,0
9,0,0
9,0,0
9,0,0
9,0,0
9,0,1
9,0,0
9,1,0
9,0,0
9,0,0
9,0,0
9,0,0
9,0,0
9,0,0
9,0,0
9,0,0
9,0,0
9,0,0
9,0,0
9,0,0
9,0,0
9,0,0
9,0,0
9,0,1
9,0,0
9,0,0
9,0,0
9,1,0
9,0,0
9,0,0
9,0,0
9,0,0
9,0,0
9,0,0
9,0,0
9,0,0
9,0,0
9,0,0
9,0,0
9,1,1
9,0,0
9,0,0
9,0,0
9,0,0
9,0,1
9,0,0
9,0,0
9,0,0
Total DB Queries This Round: 4401
Total time spent this round in seconds: 135.13363575935364
9,0,1
9,1,1
9,1,1
9,1,1
9,0,0
9,0,1
9,0,0
9,0,0
9,1,1
9,1,1
9,0,0
9,0,0
9,0,0
9,0,1
9,0,0
9,0,0
9,0,0
9,0,0
9,0,0
9,0,0
9,0,0
9,0,0
9,0,0
9,0,0
9,0,0
9,0,0
9,0,0
9,0,0
9,0,0
9,0,0
9,0,0
9,0,1
9,0,0
9,1,1
9,0,0
9,0,0
9,0,0
9,0,1
9,0,0
9,0,0
9,0,0
9,0,0
9,0,0
9,0,0
9,0,0
9,0,1
9,0,0
9,0,0
9,0,0
9,0,0
9,0,0
9,0,0
9,0,0
9,0,0
9,0,0
9,0,1
9,0,0
9,0,0
9,0,0
9,0,0
9,1,1
9,0,0
9,0,0
9,0,0
9,0,0
9,0,0
9,0,0
9,0,0
9,0,0
9,0,0
9,0,0
9,1,1
9,0,0
9,0,0
9,0,1
9,1,1
9,0,0
9,0,0
9,0,0
9,0,0
9,0,0
9,0,0
9,0,1
9,0,0
9,0,0
9,0,1
9,0,0
9,0,0
9,0,0
9,0,0
9,0,0
9,0,0
9,0,0
9,0,0
9,0,0
9,0,0
9,0,0
9,0,0
9,0,0
9,0,0
Total DB Queries This Round: 4880
Total time spent this round in seconds: 153.00274920463562
PERCENT IN TABLE OF 100: 10%
10,0,0
10,1,1
10,0,1
10,0,0
10,0,0
10,0,0
10,0,0
10,0,0
10,0,0
10,0,0
10,0,0
10,0,0
10,0,0
10,0,0
10,0,0
10,0,0
10,0,0
10,0,0
10,0,0
10,0,0
10,0,0
10,0,0
10,0,0
10,0,0
10,0,0
10,0,0
10,0,0
10,0,0
10,0,0
10,0,0
10,1,0
10,0,0
10,0,0
10,0,0
10,0,0
10,1,1
10,0,0
10,0,0
10,0,0
10,1,1
10,0,0
10,1,1
10,0,0
10,0,0
10,0,0
10,0,0
10,0,0
10,0,0
10,0,1
10,0,1
10,0,0
10,0,0
10,0,0
10,0,0
10,0,0
10,0,0
10,0,0
10,0,0
10,0,0
10,0,0
10,0,0
10,0,0
10,0,1
10,1,1
10,0,1
10,1,1
10,0,0
10,0,0
10,0,0
10,0,0
10,0,0
10,0,0
10,0,0
10,0,0
10,0,0
10,0,0
10,0,0
10,0,0
10,0,0
10,0,0
10,0,0
10,0,1
10,0,0
10,1,1
10,0,0
10,0,0
10,0,0
10,0,0
10,1,1
10,0,0
10,0,0
10,0,0
10,0,0
10,0,0
10,0,0
10,0,0
10,0,0
10,0,0
10,1,1
10,0,0
Total DB Queries This Round: 8278
Total time spent this round in seconds: 259.6834235191345
10,0,0
10,0,1
10,0,0
10,1,1
10,0,1
10,0,1
10,0,0
10,0,0
10,0,0
10,0,0
10,0,0
10,0,0
10,0,0
10,0,1
10,0,0
10,0,0
10,1,1
10,0,0
10,0,0
10,0,0
10,0,0
10,0,0
10,0,0
10,0,0
10,0,0
10,0,0
10,0,1
10,0,1
10,1,1
10,0,0
10,0,0
10,0,0
10,0,0
10,1,1
10,0,0
10,0,0
10,0,0
10,0,0
10,0,0
10,0,0
10,0,0
10,1,1
10,0,0
10,0,0
10,0,0
10,0,0
10,0,0
10,0,0
10,0,0
10,0,0
10,0,0
10,0,0
10,0,0
10,0,0
10,0,0
10,0,0
10,0,0
10,0,0
10,0,0
10,0,0
10,0,0
10,0,0
10,0,0
10,0,0
10,0,0
10,0,0
10,0,1
10,1,1
10,0,0
10,0,0
10,1,1
10,0,0
10,0,0
10,0,0
10,0,0
10,0,0
10,0,0
10,0,0
10,0,0
10,1,1
10,0,0
10,1,1
10,0,0
10,0,0
10,0,0
10,0,0
10,0,0
10,1,1
10,0,0
10,0,0
10,0,0
10,0,0
10,0,1
10,0,0
10,0,0
10,0,0
10,0,0
10,0,0
10,0,0
10,0,0
Total DB Queries This Round: 10128
Total time spent this round in seconds: 320.8265104293823
10,0,1
10,0,1
10,0,0
10,0,1
10,0,0
10,0,0
10,1,1
10,0,0
10,1,1
10,0,0
10,0,0
10,0,0
10,0,0
10,0,0
10,0,1
10,1,1
10,0,0
10,0,0
10,0,0
10,0,0
10,0,0
10,0,0
10,0,0
10,0,0
10,0,0
10,0,0
10,0,0
10,0,0
10,0,0
10,0,0
10,0,0
10,0,0
10,0,0
10,0,0
10,0,0
10,0,0
10,0,0
10,0,0
10,0,0
10,1,1
10,1,1
10,0,0
10,0,0
10,0,0
10,0,0
10,0,0
10,0,0
10,0,0
10,0,0
10,0,0
10,0,0
10,0,0
10,0,0
10,0,0
10,0,0
10,0,1
10,0,0
10,0,0
10,0,0
10,0,1
10,0,0
10,0,0
10,0,0
10,0,0
10,0,0
10,0,0
10,0,0
10,0,0
10,0,0
10,0,0
10,1,1
10,0,0
10,0,0
10,0,0
10,0,0
10,0,0
10,0,0
10,0,0
10,0,0
10,0,0
10,0,0
10,1,1
10,0,0
10,1,1
10,0,0
10,0,0
10,0,0
10,0,0
10,0,0
10,0,0
10,0,0
10,0,0
10,0,0
10,0,0
10,1,1
10,0,0
10,1,1
10,0,0
10,0,0
10,0,0
Total DB Queries This Round: 8408
Total time spent this round in seconds: 264.49440121650696
10,0,0
10,0,0
10,0,1
10,1,1
10,0,0
10,1,1
10,0,0
10,0,0
10,0,1
10,0,0
10,0,0
10,0,0
10,0,0
10,0,0
10,0,0
10,0,0
10,1,1
10,0,0
10,1,1
10,0,0
10,0,0
10,0,0
10,0,0
10,0,0
10,0,0
10,0,1
10,0,0
10,0,0
10,0,0
10,0,0
10,0,0
10,1,1
10,0,0
10,0,0
10,0,0
10,0,1
10,0,0
10,0,0
10,0,0
10,0,0
10,0,0
10,0,0
10,1,1
10,0,1
10,0,0
10,1,1
10,0,0
10,0,0
10,0,0
10,0,0
10,1,1
10,0,0
10,0,0
10,0,0
10,0,0
10,0,0
10,0,0
10,0,1
10,0,0
10,0,0
10,0,0
10,0,0
10,0,0
10,0,0
10,0,0
10,0,0
10,0,0
10,0,0
10,0,0
10,0,0
10,0,0
10,0,0
10,0,1
10,0,0
10,0,0
10,0,0
10,0,0
10,0,0
10,0,0
10,0,0
10,0,0
10,0,0
10,0,0
10,0,0
10,0,0
10,0,0
10,0,0
10,0,0
10,1,1
10,0,0
10,0,0
10,0,0
10,0,0
10,0,0
10,0,0
10,0,0
10,0,0
10,0,0
10,0,0
10,1,1
Total DB Queries This Round: 5281
Total time spent this round in seconds: 161.5449287891388
10,0,0
10,0,0
10,0,0
10,0,0
10,0,0
10,1,1
10,0,0
10,0,0
10,1,1
10,0,0
10,0,0
10,1,1
10,0,0
10,0,0
10,0,0
10,0,0
10,0,0
10,0,1
10,0,0
10,0,0
10,0,0
10,0,0
10,0,0
10,0,0
10,0,0
10,0,0
10,0,0
10,0,0
10,1,1
10,0,0
10,0,1
10,1,1
10,0,0
10,0,0
10,0,0
10,0,1
10,0,0
10,0,0
10,0,0
10,0,0
10,0,0
10,0,0
10,0,0
10,0,0
10,1,1
10,1,1
10,0,0
10,1,1
10,0,0
10,0,0
10,0,0
10,0,0
10,0,0
10,0,0
10,0,1
10,0,1
10,0,0
10,0,0
10,0,1
10,0,0
10,0,0
10,0,0
10,0,0
10,0,0
10,0,0
10,0,0
10,0,0
10,0,0
10,0,0
10,0,1
10,0,0
10,0,0
10,1,1
10,0,0
10,0,0
10,0,0
10,1,1
10,0,0
10,0,0
10,0,0
10,0,0
10,0,0
10,0,0
10,0,0
10,0,0
10,0,0
10,0,0
10,0,0
10,0,0
10,0,0
10,0,1
10,0,0
10,0,0
10,0,0
10,0,0
10,0,0
10,0,0
10,0,0
10,0,0
10,0,0
Total DB Queries This Round: 9932
Total time spent this round in seconds: 308.14855313301086
10,0,1
10,0,0
10,0,0
10,1,1
10,0,0
10,0,0
10,0,0
10,0,0
10,0,0
10,0,0
10,0,1
10,0,0
10,0,1
10,0,0
10,0,0
10,0,1
10,0,0
10,0,0
10,0,0
10,0,0
10,1,1
10,0,0
10,0,0
10,0,0
10,0,0
10,0,0
10,0,0
10,0,0
10,0,0
10,0,0
10,0,0
10,0,0
10,1,1
10,0,0
10,0,0
10,0,0
10,0,0
10,0,0
10,0,0
10,0,0
10,1,1
10,0,0
10,0,0
10,0,0
10,0,0
10,0,0
10,1,1
10,0,0
10,0,0
10,0,0
10,0,0
10,0,0
10,0,0
10,0,0
10,0,0
10,0,0
10,1,1
10,0,0
10,0,0
10,1,1
10,0,0
10,0,0
10,0,0
10,0,0
10,0,0
10,1,1
10,1,1
10,0,0
10,0,0
10,0,0
10,0,0
10,0,0
10,0,0
10,0,0
10,0,0
10,0,0
10,0,1
10,1,1
10,0,0
10,0,0
10,0,1
10,0,0
10,0,0
10,0,0
10,0,0
10,0,0
10,0,0
10,0,0
10,0,0
10,0,0
10,0,0
10,0,0
10,0,0
10,0,0
10,0,0
10,0,0
10,0,0
10,0,0
10,0,0
10,0,0
Total DB Queries This Round: 10549
Total time spent this round in seconds: 325.9267098903656
10,1,1
10,0,0
10,0,0
10,0,0
10,1,1
10,0,0
10,1,1
10,0,1
10,0,0
10,0,0
10,0,0
10,0,0
10,0,0
10,1,1
10,0,0
10,0,1
10,0,0
10,0,0
10,0,0
10,0,0
10,1,1
10,0,0
10,0,0
10,0,0
10,0,0
10,0,0
10,0,0
10,0,0
10,0,0
10,0,0
10,0,0
10,0,0
10,0,0
10,0,0
10,0,0
10,0,0
10,0,0
10,0,0
10,0,0
10,0,0
10,0,0
10,0,0
10,0,0
10,0,0
10,0,0
10,0,0
10,0,0
10,0,0
10,0,0
10,0,1
10,0,0
10,0,0
10,0,0
10,0,0
10,0,0
10,0,0
10,0,0
10,1,1
10,0,0
10,1,1
10,0,0
10,0,0
10,0,0
10,0,0
10,0,0
10,0,0
10,1,0
10,0,0
10,0,0
10,0,0
10,0,0
10,0,0
10,0,0
10,0,0
10,0,0
10,0,0
10,1,1
10,1,1
10,0,0
10,0,0
10,0,1
10,0,1
10,0,0
10,0,0
10,0,0
10,0,0
10,0,1
10,0,0
10,0,0
10,0,0
10,0,0
10,0,0
10,0,1
10,0,0
10,0,0
10,0,0
10,0,0
10,0,0
10,0,0
10,0,0
Total DB Queries This Round: 7963
Total time spent this round in seconds: 242.54205060005188
10,0,0
10,0,0
10,0,0
10,0,0
10,0,0
10,1,1
10,0,0
10,0,0
10,0,0
10,0,0
10,0,0
10,0,0
10,0,0
10,0,0
10,0,0
10,0,0
10,0,0
10,0,0
10,0,0
10,0,0
10,0,0
10,0,0
10,0,0
10,0,0
10,0,0
10,0,0
10,0,0
10,0,0
10,0,0
10,0,0
10,0,0
10,0,0
10,0,0
10,0,0
10,0,0
10,1,1
10,0,0
10,0,0
10,0,0
10,0,1
10,0,0
10,0,1
10,0,1
10,0,0
10,1,1
10,1,1
10,0,0
10,0,1
10,0,0
10,0,0
10,0,0
10,0,0
10,0,0
10,1,1
10,0,0
10,0,0
10,0,0
10,0,0
10,0,0
10,0,0
10,0,0
10,0,0
10,0,0
10,0,0
10,0,0
10,0,0
10,0,0
10,1,1
10,0,0
10,0,0
10,0,0
10,0,0
10,0,0
10,0,0
10,0,1
10,0,0
10,0,0
10,0,0
10,1,1
10,0,0
10,0,0
10,1,1
10,1,1
10,0,0
10,0,1
10,1,1
10,0,0
10,0,0
10,0,0
10,0,0
10,0,0
10,0,0
10,0,0
10,0,0
10,0,0
10,0,0
10,0,0
10,0,0
10,0,0
10,0,0
Total DB Queries This Round: 8675
Total time spent this round in seconds: 264.71780705451965
10,0,1
10,0,0
10,0,0
10,0,0
10,0,0
10,0,0
10,1,1
10,0,0
10,0,0
10,0,0
10,0,0
10,0,0
10,0,0
10,0,0
10,0,1
10,0,0
10,1,1
10,0,0
10,0,0
10,0,0
10,0,0
10,0,0
10,0,0
10,0,0
10,0,0
10,0,0
10,0,0
10,0,0
10,0,0
10,0,0
10,0,0
10,0,0
10,0,0
10,0,0
10,0,1
10,1,1
10,0,0
10,0,0
10,0,0
10,0,0
10,0,0
10,0,0
10,1,1
10,0,1
10,0,0
10,0,0
10,1,1
10,0,0
10,0,0
10,0,0
10,0,0
10,0,1
10,0,0
10,0,0
10,0,0
10,0,0
10,0,0
10,0,0
10,0,0
10,0,0
10,1,1
10,1,1
10,0,0
10,0,0
10,0,0
10,0,0
10,0,0
10,0,0
10,0,1
10,0,0
10,0,0
10,0,0
10,0,0
10,0,0
10,0,0
10,0,0
10,0,1
10,0,0
10,0,0
10,0,0
10,0,0
10,0,0
10,0,1
10,0,0
10,1,1
10,0,0
10,0,0
10,0,0
10,0,0
10,0,0
10,0,0
10,0,0
10,0,0
10,0,1
10,0,0
10,0,0
10,1,1
10,0,0
10,1,1
10,0,0
Total DB Queries This Round: 5824
Total time spent this round in seconds: 176.3257439136505
10,0,0
10,0,0
10,0,0
10,0,0
10,0,0
10,0,0
10,0,0
10,1,1
10,0,0
10,0,0
10,0,0
10,1,1
10,0,0
10,0,0
10,0,0
10,0,0
10,0,0
10,0,0
10,0,1
10,0,0
10,0,0
10,0,0
10,0,0
10,0,0
10,0,0
10,1,1
10,0,1
10,1,1
10,0,0
10,0,1
10,0,0
10,1,1
10,0,0
10,0,0
10,0,0
10,0,0
10,0,1
10,0,0
10,0,0
10,0,0
10,0,0
10,0,0
10,1,1
10,0,0
10,0,0
10,0,0
10,0,0
10,0,0
10,0,0
10,0,0
10,0,0
10,1,1
10,0,0
10,0,0
10,0,0
10,0,0
10,0,0
10,0,0
10,0,0
10,0,0
10,0,0
10,0,0
10,0,0
10,0,0
10,0,0
10,0,1
10,1,1
10,0,0
10,0,0
10,1,1
10,0,0
10,0,0
10,0,0
10,0,0
10,0,0
10,0,0
10,0,1
10,0,0
10,0,0
10,0,0
10,0,0
10,0,0
10,0,0
10,0,0
10,0,1
10,1,1
10,0,0
10,0,0
10,0,0
10,0,0
10,0,0
10,0,0
10,0,1
10,0,0
10,0,1
10,0,0
10,0,0
10,0,0
10,0,0
10,0,0
Total DB Queries This Round: 7977
Total time spent this round in seconds: 244.21808910369873
