1,20,3139,3173,3183,189.21294403076172,4.851728355884552,3192
1,20,3139,3167,3187,189.21294403076172,4.851728355884552,3192
1,20,3139,3169,3183,189.21294403076172,4.851728355884552,3192
1,20,3139,3169,3179,189.21294403076172,4.851728355884552,3192
1,20,3139,3170,3183,189.21294403076172,4.851728355884552,3192
1,20,3139,3169,3192,189.21294403076172,4.851728355884552,3192
1,20,3139,3169,3187,189.21294403076172,4.851728355884552,3192
1,20,3139,3170,3180,189.21294403076172,4.851728355884552,3192
1,20,3139,3171,3187,189.21294403076172,4.851728355884552,3192
1,20,3139,3169,3188,189.21294403076172,4.851728355884552,3192
1,20,3139,3169,3191,189.21294403076172,4.851728355884552,3192
1,20,3139,3171,3188,189.21294403076172,4.851728355884552,3192
1,20,3139,3171,3192,189.21294403076172,4.851728355884552,3192
1,20,3139,3171,3183,189.21294403076172,4.851728355884552,3192
1,20,3139,3171,3191,189.21294403076172,4.851728355884552,3192
1,20,3139,3172,3180,189.21294403076172,4.851728355884552,3192
1,20,3139,3169,3185,189.21294403076172,4.851728355884552,3192
1,20,3139,3170,3183,189.21294403076172,4.851728355884552,3192
1,20,3139,3171,3185,189.21294403076172,4.851728355884552,3192
1,20,3139,3170,3183,189.21294403076172,4.851728355884552,3192
0,20,3139,3155,3179,189.21294403076172,4.851728355884552,3192
0,20,3139,3149,3179,189.21294403076172,4.851728355884552,3192
0,20,3139,3152,3183,189.21294403076172,4.851728355884552,3192
0,20,3139,3156,3187,189.21294403076172,4.851728355884552,3192
0,20,3139,3158,3187,189.21294403076172,4.851728355884552,3192
0,20,3139,3160,3188,189.21294403076172,4.851728355884552,3192
0,20,3139,3157,3186,189.21294403076172,4.851728355884552,3192
0,20,3139,3157,3187,189.21294403076172,4.851728355884552,3192
0,20,3139,3149,3179,189.21294403076172,4.851728355884552,3192
0,20,3139,3156,3186,189.21294403076172,4.851728355884552,3192
0,20,3139,3157,3187,189.21294403076172,4.851728355884552,3192
0,20,3139,3148,3179,189.21294403076172,4.851728355884552,3192
0,20,3139,3150,3179,189.21294403076172,4.851728355884552,3192
0,20,3139,3154,3183,189.21294403076172,4.851728355884552,3192
0,20,3139,3156,3187,189.21294403076172,4.851728355884552,3192
0,20,3139,3156,3185,189.21294403076172,4.851728355884552,3192
0,20,3139,3160,3183,189.21294403076172,4.851728355884552,3192
0,20,3139,3157,3188,189.21294403076172,4.851728355884552,3192
0,20,3139,3156,3183,189.21294403076172,4.851728355884552,3192
0,20,3139,3162,3191,189.21294403076172,4.851728355884552,3192
Number of DB Queries This Round: 5012
Time per round: 286.2475140094757
1,20,3149,3179,3197,183.77984380722046,4.555903947353363,3201
1,20,3149,3177,3191,183.77984380722046,4.555903947353363,3201
1,20,3149,3177,3189,183.77984380722046,4.555903947353363,3201
1,20,3149,3177,3190,183.77984380722046,4.555903947353363,3201
1,20,3149,3177,3201,183.77984380722046,4.555903947353363,3201
1,20,3149,3176,3197,183.77984380722046,4.555903947353363,3201
1,20,3149,3178,3188,183.77984380722046,4.555903947353363,3201
1,20,3149,3179,3195,183.77984380722046,4.555903947353363,3201
1,20,3149,3177,3197,183.77984380722046,4.555903947353363,3201
1,20,3149,3177,3200,183.77984380722046,4.555903947353363,3201
1,20,3149,3179,3197,183.77984380722046,4.555903947353363,3201
1,20,3149,3179,3201,183.77984380722046,4.555903947353363,3201
1,20,3149,3179,3191,183.77984380722046,4.555903947353363,3201
1,20,3149,3179,3200,183.77984380722046,4.555903947353363,3201
1,20,3149,3180,3188,183.77984380722046,4.555903947353363,3201
1,20,3149,3177,3193,183.77984380722046,4.555903947353363,3201
1,20,3149,3177,3190,183.77984380722046,4.555903947353363,3201
1,20,3149,3179,3193,183.77984380722046,4.555903947353363,3201
1,20,3149,3179,3190,183.77984380722046,4.555903947353363,3201
1,20,3149,3179,3189,183.77984380722046,4.555903947353363,3201
0,20,3149,3157,3187,183.77984380722046,4.555903947353363,3201
0,20,3149,3159,3190,183.77984380722046,4.555903947353363,3201
0,20,3149,3165,3197,183.77984380722046,4.555903947353363,3201
0,20,3149,3166,3195,183.77984380722046,4.555903947353363,3201
0,20,3149,3168,3197,183.77984380722046,4.555903947353363,3201
0,20,3149,3165,3194,183.77984380722046,4.555903947353363,3201
0,20,3149,3165,3195,183.77984380722046,4.555903947353363,3201
0,20,3149,3157,3187,183.77984380722046,4.555903947353363,3201
0,20,3149,3164,3194,183.77984380722046,4.555903947353363,3201
0,20,3149,3165,3195,183.77984380722046,4.555903947353363,3201
0,20,3149,3156,3187,183.77984380722046,4.555903947353363,3201
0,20,3149,3158,3187,183.77984380722046,4.555903947353363,3201
0,20,3149,3161,3190,183.77984380722046,4.555903947353363,3201
0,20,3149,3165,3197,183.77984380722046,4.555903947353363,3201
0,20,3149,3164,3193,183.77984380722046,4.555903947353363,3201
0,20,3149,3168,3191,183.77984380722046,4.555903947353363,3201
0,20,3149,3165,3197,183.77984380722046,4.555903947353363,3201
0,20,3149,3164,3191,183.77984380722046,4.555903947353363,3201
0,20,3149,3170,3200,183.77984380722046,4.555903947353363,3201
0,20,3149,3160,3190,183.77984380722046,4.555903947353363,3201
Number of DB Queries This Round: 4920
Time per round: 274.89792704582214
1,20,3134,3166,3179,191.08637046813965,4.88945472240448,3189
1,20,3134,3164,3178,191.08637046813965,4.88945472240448,3189
1,20,3134,3164,3179,191.08637046813965,4.88945472240448,3189
1,20,3134,3164,3189,191.08637046813965,4.88945472240448,3189
1,20,3134,3164,3184,191.08637046813965,4.88945472240448,3189
1,20,3134,3165,3175,191.08637046813965,4.88945472240448,3189
1,20,3134,3164,3182,191.08637046813965,4.88945472240448,3189
1,20,3134,3162,3183,191.08637046813965,4.88945472240448,3189
1,20,3134,3162,3186,191.08637046813965,4.88945472240448,3189
1,20,3134,3164,3183,191.08637046813965,4.88945472240448,3189
1,20,3134,3164,3187,191.08637046813965,4.88945472240448,3189
1,20,3134,3163,3179,191.08637046813965,4.88945472240448,3189
1,20,3134,3164,3186,191.08637046813965,4.88945472240448,3189
1,20,3134,3167,3175,191.08637046813965,4.88945472240448,3189
1,20,3134,3164,3182,191.08637046813965,4.88945472240448,3189
1,20,3134,3164,3179,191.08637046813965,4.88945472240448,3189
1,20,3134,3166,3182,191.08637046813965,4.88945472240448,3189
1,20,3134,3166,3179,191.08637046813965,4.88945472240448,3189
1,20,3134,3166,3178,191.08637046813965,4.88945472240448,3189
1,20,3134,3166,3181,191.08637046813965,4.88945472240448,3189
0,20,3134,3146,3179,191.08637046813965,4.88945472240448,3189
0,20,3134,3151,3184,191.08637046813965,4.88945472240448,3189
0,20,3134,3151,3182,191.08637046813965,4.88945472240448,3189
0,20,3134,3153,3183,191.08637046813965,4.88945472240448,3189
0,20,3134,3152,3183,191.08637046813965,4.88945472240448,3189
0,20,3134,3150,3182,191.08637046813965,4.88945472240448,3189
0,20,3134,3148,3181,191.08637046813965,4.88945472240448,3189
0,20,3134,3151,3183,191.08637046813965,4.88945472240448,3189
0,20,3134,3150,3182,191.08637046813965,4.88945472240448,3189
0,20,3134,3149,3181,191.08637046813965,4.88945472240448,3189
0,20,3134,3149,3181,191.08637046813965,4.88945472240448,3189
0,20,3134,3148,3179,191.08637046813965,4.88945472240448,3189
0,20,3134,3151,3184,191.08637046813965,4.88945472240448,3189
0,20,3134,3151,3182,191.08637046813965,4.88945472240448,3189
0,20,3134,3155,3179,191.08637046813965,4.88945472240448,3189
0,20,3134,3150,3183,191.08637046813965,4.88945472240448,3189
0,20,3134,3149,3179,191.08637046813965,4.88945472240448,3189
0,20,3134,3155,3186,191.08637046813965,4.88945472240448,3189
0,20,3134,3147,3179,191.08637046813965,4.88945472240448,3189
0,20,3134,3153,3184,191.08637046813965,4.88945472240448,3189
Number of DB Queries This Round: 5020
Time per round: 288.8754699230194
1,20,3133,3167,3183,195.6356496810913,4.927816271781921,3195
1,20,3133,3158,3183,195.6356496810913,4.927816271781921,3195
1,20,3133,3165,3195,195.6356496810913,4.927816271781921,3195
1,20,3133,3165,3190,195.6356496810913,4.927816271781921,3195
1,20,3133,3164,3181,195.6356496810913,4.927816271781921,3195
1,20,3133,3165,3188,195.6356496810913,4.927816271781921,3195
1,20,3133,3163,3189,195.6356496810913,4.927816271781921,3195
1,20,3133,3163,3191,195.6356496810913,4.927816271781921,3195
1,20,3133,3165,3189,195.6356496810913,4.927816271781921,3195
1,20,3133,3165,3193,195.6356496810913,4.927816271781921,3195
1,20,3133,3165,3183,195.6356496810913,4.927816271781921,3195
1,20,3133,3165,3191,195.6356496810913,4.927816271781921,3195
1,20,3133,3166,3181,195.6356496810913,4.927816271781921,3195
1,20,3133,3163,3186,195.6356496810913,4.927816271781921,3195
1,20,3133,3163,3183,195.6356496810913,4.927816271781921,3195
1,20,3133,3165,3186,195.6356496810913,4.927816271781921,3195
1,20,3133,3163,3183,195.6356496810913,4.927816271781921,3195
1,20,3133,3164,3183,195.6356496810913,4.927816271781921,3195
1,20,3133,3165,3185,195.6356496810913,4.927816271781921,3195
1,20,3133,3165,3183,195.6356496810913,4.927816271781921,3195
0,20,3133,3152,3190,195.6356496810913,4.927816271781921,3195
0,20,3133,3152,3188,195.6356496810913,4.927816271781921,3195
0,20,3133,3154,3189,195.6356496810913,4.927816271781921,3195
0,20,3133,3151,3187,195.6356496810913,4.927816271781921,3195
0,20,3133,3151,3188,195.6356496810913,4.927816271781921,3195
0,20,3133,3147,3185,195.6356496810913,4.927816271781921,3195
0,20,3133,3150,3187,195.6356496810913,4.927816271781921,3195
0,20,3133,3151,3188,195.6356496810913,4.927816271781921,3195
0,20,3133,3148,3185,195.6356496810913,4.927816271781921,3195
0,20,3133,3148,3185,195.6356496810913,4.927816271781921,3195
0,20,3133,3147,3183,195.6356496810913,4.927816271781921,3195
0,20,3133,3152,3190,195.6356496810913,4.927816271781921,3195
0,20,3133,3150,3186,195.6356496810913,4.927816271781921,3195
0,20,3133,3154,3183,195.6356496810913,4.927816271781921,3195
0,20,3133,3151,3189,195.6356496810913,4.927816271781921,3195
0,20,3133,3150,3183,195.6356496810913,4.927816271781921,3195
0,20,3133,3156,3191,195.6356496810913,4.927816271781921,3195
0,20,3133,3146,3183,195.6356496810913,4.927816271781921,3195
0,20,3133,3154,3190,195.6356496810913,4.927816271781921,3195
0,20,3133,3150,3183,195.6356496810913,4.927816271781921,3195
Number of DB Queries This Round: 5138
Time per round: 294.1919798851013
1,20,3140,3174,3191,193.67747259140015,4.867466711997986,3202
1,20,3140,3171,3202,193.67747259140015,4.867466711997986,3202
1,20,3140,3170,3198,193.67747259140015,4.867466711997986,3202
1,20,3140,3171,3188,193.67747259140015,4.867466711997986,3202
1,20,3140,3172,3195,193.67747259140015,4.867466711997986,3202
1,20,3140,3170,3197,193.67747259140015,4.867466711997986,3202
1,20,3140,3170,3200,193.67747259140015,4.867466711997986,3202
1,20,3140,3172,3197,193.67747259140015,4.867466711997986,3202
1,20,3140,3172,3201,193.67747259140015,4.867466711997986,3202
1,20,3140,3172,3191,193.67747259140015,4.867466711997986,3202
1,20,3140,3172,3200,193.67747259140015,4.867466711997986,3202
1,20,3140,3173,3188,193.67747259140015,4.867466711997986,3202
1,20,3140,3170,3193,193.67747259140015,4.867466711997986,3202
1,20,3140,3171,3191,193.67747259140015,4.867466711997986,3202
1,20,3140,3172,3193,193.67747259140015,4.867466711997986,3202
1,20,3140,3171,3191,193.67747259140015,4.867466711997986,3202
1,20,3140,3172,3189,193.67747259140015,4.867466711997986,3202
1,20,3140,3172,3192,193.67747259140015,4.867466711997986,3202
1,20,3140,3171,3191,193.67747259140015,4.867466711997986,3202
1,20,3140,3172,3198,193.67747259140015,4.867466711997986,3202
0,20,3140,3159,3195,193.67747259140015,4.867466711997986,3202
0,20,3140,3161,3197,193.67747259140015,4.867466711997986,3202
0,20,3140,3158,3194,193.67747259140015,4.867466711997986,3202
0,20,3140,3158,3195,193.67747259140015,4.867466711997986,3202
0,20,3140,3154,3192,193.67747259140015,4.867466711997986,3202
0,20,3140,3157,3194,193.67747259140015,4.867466711997986,3202
0,20,3140,3158,3195,193.67747259140015,4.867466711997986,3202
0,20,3140,3155,3192,193.67747259140015,4.867466711997986,3202
0,20,3140,3155,3192,193.67747259140015,4.867466711997986,3202
0,20,3140,3155,3191,193.67747259140015,4.867466711997986,3202
0,20,3140,3159,3198,193.67747259140015,4.867466711997986,3202
0,20,3140,3157,3193,193.67747259140015,4.867466711997986,3202
0,20,3140,3161,3191,193.67747259140015,4.867466711997986,3202
0,20,3140,3158,3197,193.67747259140015,4.867466711997986,3202
0,20,3140,3157,3191,193.67747259140015,4.867466711997986,3202
0,20,3140,3163,3200,193.67747259140015,4.867466711997986,3202
0,20,3140,3154,3191,193.67747259140015,4.867466711997986,3202
0,20,3140,3161,3198,193.67747259140015,4.867466711997986,3202
0,20,3140,3157,3191,193.67747259140015,4.867466711997986,3202
0,20,3140,3153,3189,193.67747259140015,4.867466711997986,3202
Number of DB Queries This Round: 5153
Time per round: 291.02681159973145
1,20,3154,3184,3216,191.43344902992249,4.575450754165649,3216
1,20,3154,3182,3212,191.43344902992249,4.575450754165649,3216
1,20,3154,3183,3201,191.43344902992249,4.575450754165649,3216
1,20,3154,3182,3210,191.43344902992249,4.575450754165649,3216
1,20,3154,3182,3211,191.43344902992249,4.575450754165649,3216
1,20,3154,3182,3214,191.43344902992249,4.575450754165649,3216
1,20,3154,3184,3211,191.43344902992249,4.575450754165649,3216
1,20,3154,3184,3215,191.43344902992249,4.575450754165649,3216
1,20,3154,3184,3204,191.43344902992249,4.575450754165649,3216
1,20,3154,3184,3214,191.43344902992249,4.575450754165649,3216
1,20,3154,3185,3201,191.43344902992249,4.575450754165649,3216
1,20,3154,3182,3206,191.43344902992249,4.575450754165649,3216
1,20,3154,3180,3203,191.43344902992249,4.575450754165649,3216
1,20,3154,3184,3206,191.43344902992249,4.575450754165649,3216
1,20,3154,3182,3203,191.43344902992249,4.575450754165649,3216
1,20,3154,3184,3202,191.43344902992249,4.575450754165649,3216
1,20,3154,3184,3205,191.43344902992249,4.575450754165649,3216
1,20,3154,3184,3203,191.43344902992249,4.575450754165649,3216
1,20,3154,3184,3212,191.43344902992249,4.575450754165649,3216
1,20,3154,3184,3210,191.43344902992249,4.575450754165649,3216
0,20,3154,3172,3211,191.43344902992249,4.575450754165649,3216
0,20,3154,3170,3209,191.43344902992249,4.575450754165649,3216
0,20,3154,3170,3210,191.43344902992249,4.575450754165649,3216
0,20,3154,3166,3205,191.43344902992249,4.575450754165649,3216
0,20,3154,3169,3209,191.43344902992249,4.575450754165649,3216
0,20,3154,3170,3210,191.43344902992249,4.575450754165649,3216
0,20,3154,3167,3205,191.43344902992249,4.575450754165649,3216
0,20,3154,3167,3205,191.43344902992249,4.575450754165649,3216
0,20,3154,3166,3203,191.43344902992249,4.575450754165649,3216
0,20,3154,3171,3212,191.43344902992249,4.575450754165649,3216
0,20,3154,3169,3206,191.43344902992249,4.575450754165649,3216
0,20,3154,3173,3204,191.43344902992249,4.575450754165649,3216
0,20,3154,3170,3211,191.43344902992249,4.575450754165649,3216
0,20,3154,3169,3204,191.43344902992249,4.575450754165649,3216
0,20,3154,3175,3214,191.43344902992249,4.575450754165649,3216
0,20,3154,3165,3203,191.43344902992249,4.575450754165649,3216
0,20,3154,3173,3212,191.43344902992249,4.575450754165649,3216
0,20,3154,3169,3204,191.43344902992249,4.575450754165649,3216
0,20,3154,3165,3202,191.43344902992249,4.575450754165649,3216
0,20,3154,3166,3203,191.43344902992249,4.575450754165649,3216
Number of DB Queries This Round: 5068
Time per round: 282.94246912002563
1,20,3148,3180,3198,184.95515990257263,4.5152578234672545,3200
1,20,3148,3177,3187,184.95515990257263,4.5152578234672545,3200
1,20,3148,3176,3194,184.95515990257263,4.5152578234672545,3200
1,20,3148,3176,3195,184.95515990257263,4.5152578234672545,3200
1,20,3148,3176,3199,184.95515990257263,4.5152578234672545,3200
1,20,3148,3176,3195,184.95515990257263,4.5152578234672545,3200
1,20,3148,3178,3200,184.95515990257263,4.5152578234672545,3200
1,20,3148,3178,3190,184.95515990257263,4.5152578234672545,3200
1,20,3148,3178,3199,184.95515990257263,4.5152578234672545,3200
1,20,3148,3179,3187,184.95515990257263,4.5152578234672545,3200
1,20,3148,3176,3191,184.95515990257263,4.5152578234672545,3200
1,20,3148,3174,3189,184.95515990257263,4.5152578234672545,3200
1,20,3148,3178,3191,184.95515990257263,4.5152578234672545,3200
1,20,3148,3176,3189,184.95515990257263,4.5152578234672545,3200
1,20,3148,3178,3188,184.95515990257263,4.5152578234672545,3200
1,20,3148,3178,3191,184.95515990257263,4.5152578234672545,3200
1,20,3148,3178,3189,184.95515990257263,4.5152578234672545,3200
1,20,3148,3177,3198,184.95515990257263,4.5152578234672545,3200
1,20,3148,3178,3194,184.95515990257263,4.5152578234672545,3200
1,20,3148,3178,3195,184.95515990257263,4.5152578234672545,3200
0,20,3148,3164,3193,184.95515990257263,4.5152578234672545,3200
0,20,3148,3164,3194,184.95515990257263,4.5152578234672545,3200
0,20,3148,3160,3191,184.95515990257263,4.5152578234672545,3200
0,20,3148,3163,3193,184.95515990257263,4.5152578234672545,3200
0,20,3148,3164,3194,184.95515990257263,4.5152578234672545,3200
0,20,3148,3161,3191,184.95515990257263,4.5152578234672545,3200
0,20,3148,3161,3191,184.95515990257263,4.5152578234672545,3200
0,20,3148,3160,3189,184.95515990257263,4.5152578234672545,3200
0,20,3148,3166,3198,184.95515990257263,4.5152578234672545,3200
0,20,3148,3163,3191,184.95515990257263,4.5152578234672545,3200
0,20,3148,3167,3190,184.95515990257263,4.5152578234672545,3200
0,20,3148,3164,3195,184.95515990257263,4.5152578234672545,3200
0,20,3148,3163,3190,184.95515990257263,4.5152578234672545,3200
0,20,3148,3169,3199,184.95515990257263,4.5152578234672545,3200
0,20,3148,3158,3189,184.95515990257263,4.5152578234672545,3200
0,20,3148,3168,3198,184.95515990257263,4.5152578234672545,3200
0,20,3148,3163,3190,184.95515990257263,4.5152578234672545,3200
0,20,3148,3159,3188,184.95515990257263,4.5152578234672545,3200
0,20,3148,3161,3189,184.95515990257263,4.5152578234672545,3200
0,20,3148,3166,3198,184.95515990257263,4.5152578234672545,3200
Number of DB Queries This Round: 4948
Time per round: 275.2603192329407
1,20,3156,3188,3188,177.82698678970337,4.522680246829987,3200
1,20,3156,3183,3194,177.82698678970337,4.522680246829987,3200
1,20,3156,3183,3195,177.82698678970337,4.522680246829987,3200
1,20,3156,3183,3199,177.82698678970337,4.522680246829987,3200
1,20,3156,3183,3195,177.82698678970337,4.522680246829987,3200
1,20,3156,3185,3200,177.82698678970337,4.522680246829987,3200
1,20,3156,3185,3190,177.82698678970337,4.522680246829987,3200
1,20,3156,3185,3199,177.82698678970337,4.522680246829987,3200
1,20,3156,3185,3188,177.82698678970337,4.522680246829987,3200
1,20,3156,3183,3192,177.82698678970337,4.522680246829987,3200
1,20,3156,3181,3189,177.82698678970337,4.522680246829987,3200
1,20,3156,3185,3192,177.82698678970337,4.522680246829987,3200
1,20,3156,3183,3189,177.82698678970337,4.522680246829987,3200
1,20,3156,3185,3188,177.82698678970337,4.522680246829987,3200
1,20,3156,3185,3191,177.82698678970337,4.522680246829987,3200
1,20,3156,3185,3189,177.82698678970337,4.522680246829987,3200
1,20,3156,3185,3197,177.82698678970337,4.522680246829987,3200
1,20,3156,3185,3194,177.82698678970337,4.522680246829987,3200
1,20,3156,3185,3195,177.82698678970337,4.522680246829987,3200
1,20,3156,3185,3198,177.82698678970337,4.522680246829987,3200
0,20,3156,3171,3194,177.82698678970337,4.522680246829987,3200
0,20,3156,3167,3191,177.82698678970337,4.522680246829987,3200
0,20,3156,3173,3198,177.82698678970337,4.522680246829987,3200
0,20,3156,3171,3194,177.82698678970337,4.522680246829987,3200
0,20,3156,3168,3191,177.82698678970337,4.522680246829987,3200
0,20,3156,3168,3191,177.82698678970337,4.522680246829987,3200
0,20,3156,3167,3189,177.82698678970337,4.522680246829987,3200
0,20,3156,3172,3197,177.82698678970337,4.522680246829987,3200
0,20,3156,3170,3192,177.82698678970337,4.522680246829987,3200
0,20,3156,3174,3190,177.82698678970337,4.522680246829987,3200
0,20,3156,3171,3195,177.82698678970337,4.522680246829987,3200
0,20,3156,3170,3190,177.82698678970337,4.522680246829987,3200
0,20,3156,3176,3199,177.82698678970337,4.522680246829987,3200
0,20,3156,3165,3189,177.82698678970337,4.522680246829987,3200
0,20,3156,3174,3197,177.82698678970337,4.522680246829987,3200
0,20,3156,3170,3190,177.82698678970337,4.522680246829987,3200
0,20,3156,3166,3188,177.82698678970337,4.522680246829987,3200
0,20,3156,3168,3189,177.82698678970337,4.522680246829987,3200
0,20,3156,3173,3198,177.82698678970337,4.522680246829987,3200
0,20,3156,3172,3197,177.82698678970337,4.522680246829987,3200
Number of DB Queries This Round: 4822
Time per round: 268.2805953025818
1,20,3166,3199,3209,185.16334509849548,4.793854939937591,3230
1,20,3166,3194,3209,185.16334509849548,4.793854939937591,3230
1,20,3166,3194,3212,185.16334509849548,4.793854939937591,3230
1,20,3166,3194,3209,185.16334509849548,4.793854939937591,3230
1,20,3166,3197,3213,185.16334509849548,4.793854939937591,3230
1,20,3166,3197,3202,185.16334509849548,4.793854939937591,3230
1,20,3166,3197,3212,185.16334509849548,4.793854939937591,3230
1,20,3166,3198,3199,185.16334509849548,4.793854939937591,3230
1,20,3166,3194,3204,185.16334509849548,4.793854939937591,3230
1,20,3166,3192,3201,185.16334509849548,4.793854939937591,3230
1,20,3166,3197,3204,185.16334509849548,4.793854939937591,3230
1,20,3166,3194,3201,185.16334509849548,4.793854939937591,3230
1,20,3166,3197,3200,185.16334509849548,4.793854939937591,3230
1,20,3166,3197,3230,185.16334509849548,4.793854939937591,3230
1,20,3166,3197,3201,185.16334509849548,4.793854939937591,3230
1,20,3166,3197,3210,185.16334509849548,4.793854939937591,3230
1,20,3166,3195,3209,185.16334509849548,4.793854939937591,3230
1,20,3166,3197,3209,185.16334509849548,4.793854939937591,3230
1,20,3166,3197,3211,185.16334509849548,4.793854939937591,3230
1,20,3166,3195,3209,185.16334509849548,4.793854939937591,3230
0,20,3166,3178,3230,185.16334509849548,4.793854939937591,3230
0,20,3166,3184,3211,185.16334509849548,4.793854939937591,3230
0,20,3166,3183,3209,185.16334509849548,4.793854939937591,3230
0,20,3166,3179,3230,185.16334509849548,4.793854939937591,3230
0,20,3166,3179,3230,185.16334509849548,4.793854939937591,3230
0,20,3166,3178,3201,185.16334509849548,4.793854939937591,3230
0,20,3166,3184,3210,185.16334509849548,4.793854939937591,3230
0,20,3166,3181,3204,185.16334509849548,4.793854939937591,3230
0,20,3166,3185,3202,185.16334509849548,4.793854939937591,3230
0,20,3166,3182,3209,185.16334509849548,4.793854939937591,3230
0,20,3166,3181,3202,185.16334509849548,4.793854939937591,3230
0,20,3166,3187,3212,185.16334509849548,4.793854939937591,3230
0,20,3166,3176,3201,185.16334509849548,4.793854939937591,3230
0,20,3166,3185,3210,185.16334509849548,4.793854939937591,3230
0,20,3166,3181,3202,185.16334509849548,4.793854939937591,3230
0,20,3166,3177,3200,185.16334509849548,4.793854939937591,3230
0,20,3166,3179,3201,185.16334509849548,4.793854939937591,3230
0,20,3166,3184,3211,185.16334509849548,4.793854939937591,3230
0,20,3166,3183,3210,185.16334509849548,4.793854939937591,3230
0,20,3166,3183,3199,185.16334509849548,4.793854939937591,3230
Number of DB Queries This Round: 4949
Time per round: 281.0404460430145
1,20,3156,3179,3220,182.69345545768738,3.9445242285728455,3220
1,20,3156,3175,3199,182.69345545768738,3.9445242285728455,3220
1,20,3156,3176,3220,182.69345545768738,3.9445242285728455,3220
1,20,3156,3177,3200,182.69345545768738,3.9445242285728455,3220
1,20,3156,3177,3190,182.69345545768738,3.9445242285728455,3220
1,20,3156,3177,3199,182.69345545768738,3.9445242285728455,3220
1,20,3156,3178,3187,182.69345545768738,3.9445242285728455,3220
1,20,3156,3175,3192,182.69345545768738,3.9445242285728455,3220
1,20,3156,3173,3189,182.69345545768738,3.9445242285728455,3220
1,20,3156,3177,3192,182.69345545768738,3.9445242285728455,3220
1,20,3156,3175,3189,182.69345545768738,3.9445242285728455,3220
1,20,3156,3177,3188,182.69345545768738,3.9445242285728455,3220
1,20,3156,3175,3191,182.69345545768738,3.9445242285728455,3220
1,20,3156,3177,3189,182.69345545768738,3.9445242285728455,3220
1,20,3156,3177,3197,182.69345545768738,3.9445242285728455,3220
1,20,3156,3175,3194,182.69345545768738,3.9445242285728455,3220
1,20,3156,3176,3220,182.69345545768738,3.9445242285728455,3220
1,20,3156,3177,3198,182.69345545768738,3.9445242285728455,3220
1,20,3156,3177,3194,182.69345545768738,3.9445242285728455,3220
1,20,3156,3177,3191,182.69345545768738,3.9445242285728455,3220
0,20,3156,3165,3198,182.69345545768738,3.9445242285728455,3220
0,20,3156,3164,3194,182.69345545768738,3.9445242285728455,3220
0,20,3156,3160,3191,182.69345545768738,3.9445242285728455,3220
0,20,3156,3160,3191,182.69345545768738,3.9445242285728455,3220
0,20,3156,3159,3189,182.69345545768738,3.9445242285728455,3220
0,20,3156,3165,3197,182.69345545768738,3.9445242285728455,3220
0,20,3156,3162,3192,182.69345545768738,3.9445242285728455,3220
0,20,3156,3166,3190,182.69345545768738,3.9445242285728455,3220
0,20,3156,3164,3220,182.69345545768738,3.9445242285728455,3220
0,20,3156,3162,3190,182.69345545768738,3.9445242285728455,3220
0,20,3156,3168,3199,182.69345545768738,3.9445242285728455,3220
0,20,3156,3157,3189,182.69345545768738,3.9445242285728455,3220
0,20,3156,3166,3197,182.69345545768738,3.9445242285728455,3220
0,20,3156,3162,3190,182.69345545768738,3.9445242285728455,3220
0,20,3156,3158,3188,182.69345545768738,3.9445242285728455,3220
0,20,3156,3160,3189,182.69345545768738,3.9445242285728455,3220
0,20,3156,3165,3198,182.69345545768738,3.9445242285728455,3220
0,20,3156,3164,3197,182.69345545768738,3.9445242285728455,3220
0,20,3156,3164,3187,182.69345545768738,3.9445242285728455,3220
0,20,3156,3163,3194,182.69345545768738,3.9445242285728455,3220
Number of DB Queries This Round: 4534
Time per round: 261.5839445590973
