1,20,3145,3178,3193,39.886770725250244,2.728338372707367,3206
1,20,3145,3174,3201,39.886770725250244,2.728338372707367,3206
1,20,3145,3174,3194,39.886770725250244,2.728338372707367,3206
1,20,3145,3175,3192,39.886770725250244,2.728338372707367,3206
1,20,3145,3175,3193,39.886770725250244,2.728338372707367,3206
1,20,3145,3176,3206,39.886770725250244,2.728338372707367,3206
1,20,3145,3176,3201,39.886770725250244,2.728338372707367,3206
1,20,3145,3175,3191,39.886770725250244,2.728338372707367,3206
1,20,3145,3176,3199,39.886770725250244,2.728338372707367,3206
1,20,3145,3174,3200,39.886770725250244,2.728338372707367,3206
1,20,3145,3174,3203,39.886770725250244,2.728338372707367,3206
1,20,3145,3175,3200,39.886770725250244,2.728338372707367,3206
1,20,3145,3175,3205,39.886770725250244,2.728338372707367,3206
1,20,3145,3175,3194,39.886770725250244,2.728338372707367,3206
1,20,3145,3175,3203,39.886770725250244,2.728338372707367,3206
1,20,3145,3176,3191,39.886770725250244,2.728338372707367,3206
1,20,3145,3174,3197,39.886770725250244,2.728338372707367,3206
1,20,3145,3175,3193,39.886770725250244,2.728338372707367,3206
1,20,3145,3176,3197,39.886770725250244,2.728338372707367,3206
1,20,3145,3175,3193,39.886770725250244,2.728338372707367,3206
0,20,3145,3162,3192,39.886770725250244,2.728338372707367,3206
0,20,3145,3154,3190,39.886770725250244,2.728338372707367,3206
0,20,3145,3156,3193,39.886770725250244,2.728338372707367,3206
0,20,3145,3162,3201,39.886770725250244,2.728338372707367,3206
0,20,3145,3162,3199,39.886770725250244,2.728338372707367,3206
0,20,3145,3164,3200,39.886770725250244,2.728338372707367,3206
0,20,3145,3162,3198,39.886770725250244,2.728338372707367,3206
0,20,3145,3162,3199,39.886770725250244,2.728338372707367,3206
0,20,3145,3154,3190,39.886770725250244,2.728338372707367,3206
0,20,3145,3160,3198,39.886770725250244,2.728338372707367,3206
0,20,3145,3161,3199,39.886770725250244,2.728338372707367,3206
0,20,3145,3153,3190,39.886770725250244,2.728338372707367,3206
0,20,3145,3154,3190,39.886770725250244,2.728338372707367,3206
0,20,3145,3158,3193,39.886770725250244,2.728338372707367,3206
0,20,3145,3162,3201,39.886770725250244,2.728338372707367,3206
0,20,3145,3161,3197,39.886770725250244,2.728338372707367,3206
0,20,3145,3164,3194,39.886770725250244,2.728338372707367,3206
0,20,3145,3162,3200,39.886770725250244,2.728338372707367,3206
0,20,3145,3161,3194,39.886770725250244,2.728338372707367,3206
0,20,3145,3166,3203,39.886770725250244,2.728338372707367,3206
Number of DB Queries This Round: 2136
Time per round: 94.4535403251648
1,20,3148,3172,3184,53.50096011161804,4.104069447517395,3214
1,20,3148,3166,3188,53.50096011161804,4.104069447517395,3214
1,20,3148,3166,3182,53.50096011161804,4.104069447517395,3214
1,20,3148,3168,3180,53.50096011161804,4.104069447517395,3214
1,20,3148,3169,3184,53.50096011161804,4.104069447517395,3214
1,20,3148,3168,3193,53.50096011161804,4.104069447517395,3214
1,20,3148,3168,3188,53.50096011161804,4.104069447517395,3214
1,20,3148,3169,3179,53.50096011161804,4.104069447517395,3214
1,20,3148,3168,3186,53.50096011161804,4.104069447517395,3214
1,20,3148,3166,3187,53.50096011161804,4.104069447517395,3214
1,20,3148,3166,3214,53.50096011161804,4.104069447517395,3214
1,20,3148,3168,3187,53.50096011161804,4.104069447517395,3214
1,20,3148,3168,3191,53.50096011161804,4.104069447517395,3214
1,20,3148,3168,3182,53.50096011161804,4.104069447517395,3214
1,20,3148,3168,3214,53.50096011161804,4.104069447517395,3214
1,20,3148,3171,3179,53.50096011161804,4.104069447517395,3214
1,20,3148,3168,3186,53.50096011161804,4.104069447517395,3214
1,20,3148,3169,3184,53.50096011161804,4.104069447517395,3214
1,20,3148,3170,3186,53.50096011161804,4.104069447517395,3214
1,20,3148,3169,3184,53.50096011161804,4.104069447517395,3214
0,20,3148,3154,3180,53.50096011161804,4.104069447517395,3214
0,20,3148,3147,3179,53.50096011161804,4.104069447517395,3214
0,20,3148,3151,3184,53.50096011161804,4.104069447517395,3214
0,20,3148,3155,3188,53.50096011161804,4.104069447517395,3214
0,20,3148,3155,3186,53.50096011161804,4.104069447517395,3214
0,20,3148,3157,3187,53.50096011161804,4.104069447517395,3214
0,20,3148,3155,3186,53.50096011161804,4.104069447517395,3214
0,20,3148,3154,3186,53.50096011161804,4.104069447517395,3214
0,20,3148,3147,3179,53.50096011161804,4.104069447517395,3214
0,20,3148,3154,3186,53.50096011161804,4.104069447517395,3214
0,20,3148,3154,3186,53.50096011161804,4.104069447517395,3214
0,20,3148,3146,3179,53.50096011161804,4.104069447517395,3214
0,20,3148,3148,3179,53.50096011161804,4.104069447517395,3214
0,20,3148,3153,3184,53.50096011161804,4.104069447517395,3214
0,20,3148,3155,3188,53.50096011161804,4.104069447517395,3214
0,20,3148,3155,3186,53.50096011161804,4.104069447517395,3214
0,20,3148,3157,3182,53.50096011161804,4.104069447517395,3214
0,20,3148,3154,3187,53.50096011161804,4.104069447517395,3214
0,20,3148,3153,3182,53.50096011161804,4.104069447517395,3214
0,20,3148,3159,3214,53.50096011161804,4.104069447517395,3214
Number of DB Queries This Round: 2075
Time per round: 135.58235120773315
1,20,3145,3175,3194,105.52281403541565,8.290658879280091,3199
1,20,3145,3171,3187,105.52281403541565,8.290658879280091,3199
1,20,3145,3173,3187,105.52281403541565,8.290658879280091,3199
1,20,3145,3173,3188,105.52281403541565,8.290658879280091,3199
1,20,3145,3173,3199,105.52281403541565,8.290658879280091,3199
1,20,3145,3172,3194,105.52281403541565,8.290658879280091,3199
1,20,3145,3174,3184,105.52281403541565,8.290658879280091,3199
1,20,3145,3173,3191,105.52281403541565,8.290658879280091,3199
1,20,3145,3171,3192,105.52281403541565,8.290658879280091,3199
1,20,3145,3171,3195,105.52281403541565,8.290658879280091,3199
1,20,3145,3173,3192,105.52281403541565,8.290658879280091,3199
1,20,3145,3173,3197,105.52281403541565,8.290658879280091,3199
1,20,3145,3173,3187,105.52281403541565,8.290658879280091,3199
1,20,3145,3173,3195,105.52281403541565,8.290658879280091,3199
1,20,3145,3176,3184,105.52281403541565,8.290658879280091,3199
1,20,3145,3171,3189,105.52281403541565,8.290658879280091,3199
1,20,3145,3173,3188,105.52281403541565,8.290658879280091,3199
1,20,3145,3173,3189,105.52281403541565,8.290658879280091,3199
1,20,3145,3175,3188,105.52281403541565,8.290658879280091,3199
1,20,3145,3175,3187,105.52281403541565,8.290658879280091,3199
0,20,3145,3152,3184,105.52281403541565,8.290658879280091,3199
0,20,3145,3155,3188,105.52281403541565,8.290658879280091,3199
0,20,3145,3161,3194,105.52281403541565,8.290658879280091,3199
0,20,3145,3160,3191,105.52281403541565,8.290658879280091,3199
0,20,3145,3162,3192,105.52281403541565,8.290658879280091,3199
0,20,3145,3160,3191,105.52281403541565,8.290658879280091,3199
0,20,3145,3159,3191,105.52281403541565,8.290658879280091,3199
0,20,3145,3152,3184,105.52281403541565,8.290658879280091,3199
0,20,3145,3159,3191,105.52281403541565,8.290658879280091,3199
0,20,3145,3159,3191,105.52281403541565,8.290658879280091,3199
0,20,3145,3151,3184,105.52281403541565,8.290658879280091,3199
0,20,3145,3153,3184,105.52281403541565,8.290658879280091,3199
0,20,3145,3157,3188,105.52281403541565,8.290658879280091,3199
0,20,3145,3161,3194,105.52281403541565,8.290658879280091,3199
0,20,3145,3158,3189,105.52281403541565,8.290658879280091,3199
0,20,3145,3162,3187,105.52281403541565,8.290658879280091,3199
0,20,3145,3159,3192,105.52281403541565,8.290658879280091,3199
0,20,3145,3158,3187,105.52281403541565,8.290658879280091,3199
0,20,3145,3164,3195,105.52281403541565,8.290658879280091,3199
0,20,3145,3156,3188,105.52281403541565,8.290658879280091,3199
Number of DB Queries This Round: 2418
Time per round: 271.33599519729614
1,20,3130,3165,3176,63.06361961364746,7.795808267593384,3186
1,20,3130,3161,3176,63.06361961364746,7.795808267593384,3186
1,20,3130,3161,3186,63.06361961364746,7.795808267593384,3186
1,20,3130,3161,3181,63.06361961364746,7.795808267593384,3186
1,20,3130,3162,3172,63.06361961364746,7.795808267593384,3186
1,20,3130,3161,3179,63.06361961364746,7.795808267593384,3186
1,20,3130,3159,3180,63.06361961364746,7.795808267593384,3186
1,20,3130,3159,3183,63.06361961364746,7.795808267593384,3186
1,20,3130,3161,3180,63.06361961364746,7.795808267593384,3186
1,20,3130,3161,3184,63.06361961364746,7.795808267593384,3186
1,20,3130,3161,3175,63.06361961364746,7.795808267593384,3186
1,20,3130,3161,3183,63.06361961364746,7.795808267593384,3186
1,20,3130,3164,3172,63.06361961364746,7.795808267593384,3186
1,20,3130,3159,3177,63.06361961364746,7.795808267593384,3186
1,20,3130,3161,3176,63.06361961364746,7.795808267593384,3186
1,20,3130,3161,3177,63.06361961364746,7.795808267593384,3186
1,20,3130,3161,3176,63.06361961364746,7.795808267593384,3186
1,20,3130,3162,3176,63.06361961364746,7.795808267593384,3186
1,20,3130,3163,3178,63.06361961364746,7.795808267593384,3186
1,20,3130,3163,3176,63.06361961364746,7.795808267593384,3186
0,20,3130,3148,3181,63.06361961364746,7.795808267593384,3186
0,20,3130,3148,3179,63.06361961364746,7.795808267593384,3186
0,20,3130,3150,3180,63.06361961364746,7.795808267593384,3186
0,20,3130,3149,3180,63.06361961364746,7.795808267593384,3186
0,20,3130,3147,3179,63.06361961364746,7.795808267593384,3186
0,20,3130,3145,3178,63.06361961364746,7.795808267593384,3186
0,20,3130,3148,3180,63.06361961364746,7.795808267593384,3186
0,20,3130,3147,3179,63.06361961364746,7.795808267593384,3186
0,20,3130,3146,3178,63.06361961364746,7.795808267593384,3186
0,20,3130,3146,3178,63.06361961364746,7.795808267593384,3186
0,20,3130,3145,3176,63.06361961364746,7.795808267593384,3186
0,20,3130,3148,3181,63.06361961364746,7.795808267593384,3186
0,20,3130,3146,3177,63.06361961364746,7.795808267593384,3186
0,20,3130,3150,3175,63.06361961364746,7.795808267593384,3186
0,20,3130,3147,3180,63.06361961364746,7.795808267593384,3186
0,20,3130,3146,3175,63.06361961364746,7.795808267593384,3186
0,20,3130,3152,3183,63.06361961364746,7.795808267593384,3186
0,20,3130,3142,3176,63.06361961364746,7.795808267593384,3186
0,20,3130,3150,3181,63.06361961364746,7.795808267593384,3186
0,20,3130,3146,3175,63.06361961364746,7.795808267593384,3186
Number of DB Queries This Round: 2674
Time per round: 218.9797899723053
1,20,3140,3174,3190,63.339394330978394,4.981723880767822,3202
1,20,3140,3171,3202,63.339394330978394,4.981723880767822,3202
1,20,3140,3170,3198,63.339394330978394,4.981723880767822,3202
1,20,3140,3171,3188,63.339394330978394,4.981723880767822,3202
1,20,3140,3172,3195,63.339394330978394,4.981723880767822,3202
1,20,3140,3170,3197,63.339394330978394,4.981723880767822,3202
1,20,3140,3170,3200,63.339394330978394,4.981723880767822,3202
1,20,3140,3172,3197,63.339394330978394,4.981723880767822,3202
1,20,3140,3172,3201,63.339394330978394,4.981723880767822,3202
1,20,3140,3172,3191,63.339394330978394,4.981723880767822,3202
1,20,3140,3172,3200,63.339394330978394,4.981723880767822,3202
1,20,3140,3173,3188,63.339394330978394,4.981723880767822,3202
1,20,3140,3170,3193,63.339394330978394,4.981723880767822,3202
1,20,3140,3171,3190,63.339394330978394,4.981723880767822,3202
1,20,3140,3172,3193,63.339394330978394,4.981723880767822,3202
1,20,3140,3171,3190,63.339394330978394,4.981723880767822,3202
1,20,3140,3172,3189,63.339394330978394,4.981723880767822,3202
1,20,3140,3172,3192,63.339394330978394,4.981723880767822,3202
1,20,3140,3171,3190,63.339394330978394,4.981723880767822,3202
1,20,3140,3172,3198,63.339394330978394,4.981723880767822,3202
0,20,3140,3159,3195,63.339394330978394,4.981723880767822,3202
0,20,3140,3161,3197,63.339394330978394,4.981723880767822,3202
0,20,3140,3158,3194,63.339394330978394,4.981723880767822,3202
0,20,3140,3158,3195,63.339394330978394,4.981723880767822,3202
0,20,3140,3154,3192,63.339394330978394,4.981723880767822,3202
0,20,3140,3157,3194,63.339394330978394,4.981723880767822,3202
0,20,3140,3158,3195,63.339394330978394,4.981723880767822,3202
0,20,3140,3155,3192,63.339394330978394,4.981723880767822,3202
0,20,3140,3155,3192,63.339394330978394,4.981723880767822,3202
0,20,3140,3155,3190,63.339394330978394,4.981723880767822,3202
0,20,3140,3159,3198,63.339394330978394,4.981723880767822,3202
0,20,3140,3157,3193,63.339394330978394,4.981723880767822,3202
0,20,3140,3161,3191,63.339394330978394,4.981723880767822,3202
0,20,3140,3158,3197,63.339394330978394,4.981723880767822,3202
0,20,3140,3157,3191,63.339394330978394,4.981723880767822,3202
0,20,3140,3163,3200,63.339394330978394,4.981723880767822,3202
0,20,3140,3154,3190,63.339394330978394,4.981723880767822,3202
0,20,3140,3161,3198,63.339394330978394,4.981723880767822,3202
0,20,3140,3157,3191,63.339394330978394,4.981723880767822,3202
0,20,3140,3153,3189,63.339394330978394,4.981723880767822,3202
Number of DB Queries This Round: 2813
Time per round: 162.97387504577637
1,20,3148,3178,3201,102.85590434074402,8.890464329719544,3201
1,20,3148,3176,3197,102.85590434074402,8.890464329719544,3201
1,20,3148,3177,3185,102.85590434074402,8.890464329719544,3201
1,20,3148,3176,3194,102.85590434074402,8.890464329719544,3201
1,20,3148,3174,3193,102.85590434074402,8.890464329719544,3201
1,20,3148,3174,3197,102.85590434074402,8.890464329719544,3201
1,20,3148,3176,3193,102.85590434074402,8.890464329719544,3201
1,20,3148,3176,3198,102.85590434074402,8.890464329719544,3201
1,20,3148,3176,3188,102.85590434074402,8.890464329719544,3201
1,20,3148,3176,3197,102.85590434074402,8.890464329719544,3201
1,20,3148,3179,3185,102.85590434074402,8.890464329719544,3201
1,20,3148,3176,3192,102.85590434074402,8.890464329719544,3201
1,20,3148,3174,3189,102.85590434074402,8.890464329719544,3201
1,20,3148,3178,3192,102.85590434074402,8.890464329719544,3201
1,20,3148,3176,3189,102.85590434074402,8.890464329719544,3201
1,20,3148,3178,3188,102.85590434074402,8.890464329719544,3201
1,20,3148,3178,3191,102.85590434074402,8.890464329719544,3201
1,20,3148,3178,3189,102.85590434074402,8.890464329719544,3201
1,20,3148,3178,3197,102.85590434074402,8.890464329719544,3201
1,20,3148,3178,3194,102.85590434074402,8.890464329719544,3201
0,20,3148,3164,3193,102.85590434074402,8.890464329719544,3201
0,20,3148,3164,3193,102.85590434074402,8.890464329719544,3201
0,20,3148,3164,3194,102.85590434074402,8.890464329719544,3201
0,20,3148,3160,3191,102.85590434074402,8.890464329719544,3201
0,20,3148,3163,3193,102.85590434074402,8.890464329719544,3201
0,20,3148,3164,3194,102.85590434074402,8.890464329719544,3201
0,20,3148,3161,3191,102.85590434074402,8.890464329719544,3201
0,20,3148,3161,3191,102.85590434074402,8.890464329719544,3201
0,20,3148,3160,3189,102.85590434074402,8.890464329719544,3201
0,20,3148,3165,3197,102.85590434074402,8.890464329719544,3201
0,20,3148,3163,3192,102.85590434074402,8.890464329719544,3201
0,20,3148,3165,3188,102.85590434074402,8.890464329719544,3201
0,20,3148,3162,3193,102.85590434074402,8.890464329719544,3201
0,20,3148,3161,3188,102.85590434074402,8.890464329719544,3201
0,20,3148,3167,3197,102.85590434074402,8.890464329719544,3201
0,20,3148,3159,3189,102.85590434074402,8.890464329719544,3201
0,20,3148,3167,3197,102.85590434074402,8.890464329719544,3201
0,20,3148,3161,3188,102.85590434074402,8.890464329719544,3201
0,20,3148,3159,3188,102.85590434074402,8.890464329719544,3201
0,20,3148,3160,3189,102.85590434074402,8.890464329719544,3201
Number of DB Queries This Round: 2443
Time per round: 280.66519379615784
1,20,3145,3177,3197,111.11335158348083,8.980223679542542,3197
1,20,3145,3174,3184,111.11335158348083,8.980223679542542,3197
1,20,3145,3173,3193,111.11335158348083,8.980223679542542,3197
1,20,3145,3173,3194,111.11335158348083,8.980223679542542,3197
1,20,3145,3171,3195,111.11335158348083,8.980223679542542,3197
1,20,3145,3173,3194,111.11335158348083,8.980223679542542,3197
1,20,3145,3173,3197,111.11335158348083,8.980223679542542,3197
1,20,3145,3173,3187,111.11335158348083,8.980223679542542,3197
1,20,3145,3173,3195,111.11335158348083,8.980223679542542,3197
1,20,3145,3176,3184,111.11335158348083,8.980223679542542,3197
1,20,3145,3171,3189,111.11335158348083,8.980223679542542,3197
1,20,3145,3171,3188,111.11335158348083,8.980223679542542,3197
1,20,3145,3173,3189,111.11335158348083,8.980223679542542,3197
1,20,3145,3173,3188,111.11335158348083,8.980223679542542,3197
1,20,3145,3175,3187,111.11335158348083,8.980223679542542,3197
1,20,3145,3175,3190,111.11335158348083,8.980223679542542,3197
1,20,3145,3175,3188,111.11335158348083,8.980223679542542,3197
1,20,3145,3174,3197,111.11335158348083,8.980223679542542,3197
1,20,3145,3175,3193,111.11335158348083,8.980223679542542,3197
1,20,3145,3175,3194,111.11335158348083,8.980223679542542,3197
0,20,3145,3161,3192,111.11335158348083,8.980223679542542,3197
0,20,3145,3161,3193,111.11335158348083,8.980223679542542,3197
0,20,3145,3157,3190,111.11335158348083,8.980223679542542,3197
0,20,3145,3160,3192,111.11335158348083,8.980223679542542,3197
0,20,3145,3161,3193,111.11335158348083,8.980223679542542,3197
0,20,3145,3158,3190,111.11335158348083,8.980223679542542,3197
0,20,3145,3158,3190,111.11335158348083,8.980223679542542,3197
0,20,3145,3157,3188,111.11335158348083,8.980223679542542,3197
0,20,3145,3163,3197,111.11335158348083,8.980223679542542,3197
0,20,3145,3158,3189,111.11335158348083,8.980223679542542,3197
0,20,3145,3162,3187,111.11335158348083,8.980223679542542,3197
0,20,3145,3161,3194,111.11335158348083,8.980223679542542,3197
0,20,3145,3158,3187,111.11335158348083,8.980223679542542,3197
0,20,3145,3164,3195,111.11335158348083,8.980223679542542,3197
0,20,3145,3155,3188,111.11335158348083,8.980223679542542,3197
0,20,3145,3165,3197,111.11335158348083,8.980223679542542,3197
0,20,3145,3158,3187,111.11335158348083,8.980223679542542,3197
0,20,3145,3156,3187,111.11335158348083,8.980223679542542,3197
0,20,3145,3158,3188,111.11335158348083,8.980223679542542,3197
0,20,3145,3163,3197,111.11335158348083,8.980223679542542,3197
Number of DB Queries This Round: 2490
Time per round: 290.7178292274475
1,20,3152,3184,3184,45.42198729515076,5.0665389657020565,3196
1,20,3152,3179,3192,45.42198729515076,5.0665389657020565,3196
1,20,3152,3179,3193,45.42198729515076,5.0665389657020565,3196
1,20,3152,3178,3194,45.42198729515076,5.0665389657020565,3196
1,20,3152,3179,3193,45.42198729515076,5.0665389657020565,3196
1,20,3152,3179,3196,45.42198729515076,5.0665389657020565,3196
1,20,3152,3179,3186,45.42198729515076,5.0665389657020565,3196
1,20,3152,3179,3194,45.42198729515076,5.0665389657020565,3196
1,20,3152,3181,3184,45.42198729515076,5.0665389657020565,3196
1,20,3152,3178,3188,45.42198729515076,5.0665389657020565,3196
1,20,3152,3178,3187,45.42198729515076,5.0665389657020565,3196
1,20,3152,3179,3188,45.42198729515076,5.0665389657020565,3196
1,20,3152,3179,3187,45.42198729515076,5.0665389657020565,3196
1,20,3152,3179,3184,45.42198729515076,5.0665389657020565,3196
1,20,3152,3181,3189,45.42198729515076,5.0665389657020565,3196
1,20,3152,3181,3187,45.42198729515076,5.0665389657020565,3196
1,20,3152,3181,3194,45.42198729515076,5.0665389657020565,3196
1,20,3152,3181,3192,45.42198729515076,5.0665389657020565,3196
1,20,3152,3181,3193,45.42198729515076,5.0665389657020565,3196
1,20,3152,3181,3195,45.42198729515076,5.0665389657020565,3196
0,20,3152,3168,3192,45.42198729515076,5.0665389657020565,3196
0,20,3152,3164,3189,45.42198729515076,5.0665389657020565,3196
0,20,3152,3169,3195,45.42198729515076,5.0665389657020565,3196
0,20,3152,3168,3192,45.42198729515076,5.0665389657020565,3196
0,20,3152,3165,3189,45.42198729515076,5.0665389657020565,3196
0,20,3152,3165,3189,45.42198729515076,5.0665389657020565,3196
0,20,3152,3164,3187,45.42198729515076,5.0665389657020565,3196
0,20,3152,3168,3194,45.42198729515076,5.0665389657020565,3196
0,20,3152,3165,3188,45.42198729515076,5.0665389657020565,3196
0,20,3152,3168,3186,45.42198729515076,5.0665389657020565,3196
0,20,3152,3168,3193,45.42198729515076,5.0665389657020565,3196
0,20,3152,3165,3186,45.42198729515076,5.0665389657020565,3196
0,20,3152,3170,3194,45.42198729515076,5.0665389657020565,3196
0,20,3152,3162,3187,45.42198729515076,5.0665389657020565,3196
0,20,3152,3170,3194,45.42198729515076,5.0665389657020565,3196
0,20,3152,3165,3186,45.42198729515076,5.0665389657020565,3196
0,20,3152,3161,3184,45.42198729515076,5.0665389657020565,3196
0,20,3152,3164,3187,45.42198729515076,5.0665389657020565,3196
0,20,3152,3169,3195,45.42198729515076,5.0665389657020565,3196
0,20,3152,3169,3194,45.42198729515076,5.0665389657020565,3196
Number of DB Queries This Round: 1907
Time per round: 146.75276851654053
1,20,3159,3191,3202,49.14401149749756,5.026054394245148,3204
1,20,3159,3185,3200,49.14401149749756,5.026054394245148,3204
1,20,3159,3185,3203,49.14401149749756,5.026054394245148,3204
1,20,3159,3185,3200,49.14401149749756,5.026054394245148,3204
1,20,3159,3187,3204,49.14401149749756,5.026054394245148,3204
1,20,3159,3187,3194,49.14401149749756,5.026054394245148,3204
1,20,3159,3187,3203,49.14401149749756,5.026054394245148,3204
1,20,3159,3190,3191,49.14401149749756,5.026054394245148,3204
1,20,3159,3185,3197,49.14401149749756,5.026054394245148,3204
1,20,3159,3183,3193,49.14401149749756,5.026054394245148,3204
1,20,3159,3187,3197,49.14401149749756,5.026054394245148,3204
1,20,3159,3185,3193,49.14401149749756,5.026054394245148,3204
1,20,3159,3187,3192,49.14401149749756,5.026054394245148,3204
1,20,3159,3187,3195,49.14401149749756,5.026054394245148,3204
1,20,3159,3187,3193,49.14401149749756,5.026054394245148,3204
1,20,3159,3187,3201,49.14401149749756,5.026054394245148,3204
1,20,3159,3188,3202,49.14401149749756,5.026054394245148,3204
1,20,3159,3187,3200,49.14401149749756,5.026054394245148,3204
1,20,3159,3187,3202,49.14401149749756,5.026054394245148,3204
1,20,3159,3188,3202,49.14401149749756,5.026054394245148,3204
0,20,3159,3169,3195,49.14401149749756,5.026054394245148,3204
0,20,3159,3175,3202,49.14401149749756,5.026054394245148,3204
0,20,3159,3176,3202,49.14401149749756,5.026054394245148,3204
0,20,3159,3170,3195,49.14401149749756,5.026054394245148,3204
0,20,3159,3170,3195,49.14401149749756,5.026054394245148,3204
0,20,3159,3169,3193,49.14401149749756,5.026054394245148,3204
0,20,3159,3175,3201,49.14401149749756,5.026054394245148,3204
0,20,3159,3172,3197,49.14401149749756,5.026054394245148,3204
0,20,3159,3176,3194,49.14401149749756,5.026054394245148,3204
0,20,3159,3173,3200,49.14401149749756,5.026054394245148,3204
0,20,3159,3172,3194,49.14401149749756,5.026054394245148,3204
0,20,3159,3178,3203,49.14401149749756,5.026054394245148,3204
0,20,3159,3167,3193,49.14401149749756,5.026054394245148,3204
0,20,3159,3176,3201,49.14401149749756,5.026054394245148,3204
0,20,3159,3172,3194,49.14401149749756,5.026054394245148,3204
0,20,3159,3168,3192,49.14401149749756,5.026054394245148,3204
0,20,3159,3170,3193,49.14401149749756,5.026054394245148,3204
0,20,3159,3176,3203,49.14401149749756,5.026054394245148,3204
0,20,3159,3174,3201,49.14401149749756,5.026054394245148,3204
0,20,3159,3176,3191,49.14401149749756,5.026054394245148,3204
Number of DB Queries This Round: 2262
Time per round: 149.66510152816772
1,20,3135,3167,3185,109.74913763999939,9.107739067077636,3188
1,20,3135,3163,3187,109.74913763999939,9.107739067077636,3188
1,20,3135,3164,3185,109.74913763999939,9.107739067077636,3188
1,20,3135,3165,3188,109.74913763999939,9.107739067077636,3188
1,20,3135,3165,3179,109.74913763999939,9.107739067077636,3188
1,20,3135,3165,3187,109.74913763999939,9.107739067077636,3188
1,20,3135,3168,3176,109.74913763999939,9.107739067077636,3188
1,20,3135,3163,3181,109.74913763999939,9.107739067077636,3188
1,20,3135,3161,3178,109.74913763999939,9.107739067077636,3188
1,20,3135,3165,3181,109.74913763999939,9.107739067077636,3188
1,20,3135,3163,3178,109.74913763999939,9.107739067077636,3188
1,20,3135,3165,3177,109.74913763999939,9.107739067077636,3188
1,20,3135,3165,3182,109.74913763999939,9.107739067077636,3188
1,20,3135,3165,3178,109.74913763999939,9.107739067077636,3188
1,20,3135,3165,3185,109.74913763999939,9.107739067077636,3188
1,20,3135,3165,3185,109.74913763999939,9.107739067077636,3188
1,20,3135,3164,3185,109.74913763999939,9.107739067077636,3188
1,20,3135,3165,3186,109.74913763999939,9.107739067077636,3188
1,20,3135,3167,3185,109.74913763999939,9.107739067077636,3188
1,20,3135,3167,3182,109.74913763999939,9.107739067077636,3188
0,20,3135,3153,3186,109.74913763999939,9.107739067077636,3188
0,20,3135,3154,3185,109.74913763999939,9.107739067077636,3188
0,20,3135,3150,3182,109.74913763999939,9.107739067077636,3188
0,20,3135,3150,3182,109.74913763999939,9.107739067077636,3188
0,20,3135,3147,3178,109.74913763999939,9.107739067077636,3188
0,20,3135,3153,3185,109.74913763999939,9.107739067077636,3188
0,20,3135,3150,3181,109.74913763999939,9.107739067077636,3188
0,20,3135,3154,3179,109.74913763999939,9.107739067077636,3188
0,20,3135,3152,3185,109.74913763999939,9.107739067077636,3188
0,20,3135,3150,3179,109.74913763999939,9.107739067077636,3188
0,20,3135,3156,3187,109.74913763999939,9.107739067077636,3188
0,20,3135,3145,3178,109.74913763999939,9.107739067077636,3188
0,20,3135,3154,3185,109.74913763999939,9.107739067077636,3188
0,20,3135,3150,3179,109.74913763999939,9.107739067077636,3188
0,20,3135,3146,3177,109.74913763999939,9.107739067077636,3188
0,20,3135,3148,3178,109.74913763999939,9.107739067077636,3188
0,20,3135,3154,3187,109.74913763999939,9.107739067077636,3188
0,20,3135,3152,3185,109.74913763999939,9.107739067077636,3188
0,20,3135,3154,3176,109.74913763999939,9.107739067077636,3188
0,20,3135,3153,3185,109.74913763999939,9.107739067077636,3188
Number of DB Queries This Round: 2577
Time per round: 291.90392088890076
