1,20,4120,4137,4138,208.39857864379883,2.561280298233032,4148
1,20,4120,4137,4138,208.39857864379883,2.561280298233032,4148
1,20,4120,4138,4143,208.39857864379883,2.561280298233032,4148
1,20,4120,4138,4138,208.39857864379883,2.561280298233032,4148
1,20,4120,4139,4148,208.39857864379883,2.561280298233032,4148
1,20,4120,4138,4143,208.39857864379883,2.561280298233032,4148
1,20,4120,4138,4142,208.39857864379883,2.561280298233032,4148
1,20,4120,4139,4148,208.39857864379883,2.561280298233032,4148
1,20,4120,4138,4143,208.39857864379883,2.561280298233032,4148
1,20,4120,4138,4138,208.39857864379883,2.561280298233032,4148
1,20,4120,4138,4148,208.39857864379883,2.561280298233032,4148
1,20,4120,4138,4143,208.39857864379883,2.561280298233032,4148
1,20,4120,4140,4138,208.39857864379883,2.561280298233032,4148
1,20,4120,4138,4142,208.39857864379883,2.561280298233032,4148
1,20,4120,4140,4138,208.39857864379883,2.561280298233032,4148
1,20,4120,4140,4138,208.39857864379883,2.561280298233032,4148
1,20,4120,4139,4148,208.39857864379883,2.561280298233032,4148
1,20,4120,4139,4145,208.39857864379883,2.561280298233032,4148
1,20,4120,4139,4143,208.39857864379883,2.561280298233032,4148
1,20,4120,4140,4148,208.39857864379883,2.561280298233032,4148
0,20,4120,4118,4142,208.39857864379883,2.561280298233032,4148
0,20,4120,4123,4148,208.39857864379883,2.561280298233032,4148
0,20,4120,4119,4138,208.39857864379883,2.561280298233032,4148
0,20,4120,4119,4142,208.39857864379883,2.561280298233032,4148
0,20,4120,4117,4139,208.39857864379883,2.561280298233032,4148
0,20,4120,4120,4145,208.39857864379883,2.561280298233032,4148
0,20,4120,4119,4138,208.39857864379883,2.561280298233032,4148
0,20,4120,4117,4134,208.39857864379883,2.561280298233032,4148
0,20,4120,4120,4145,208.39857864379883,2.561280298233032,4148
0,20,4120,4117,4138,208.39857864379883,2.561280298233032,4148
0,20,4120,4124,4148,208.39857864379883,2.561280298233032,4148
0,20,4120,4120,4145,208.39857864379883,2.561280298233032,4148
0,20,4120,4124,4148,208.39857864379883,2.561280298233032,4148
0,20,4120,4123,4148,208.39857864379883,2.561280298233032,4148
0,20,4120,4117,4139,208.39857864379883,2.561280298233032,4148
0,20,4120,4117,4138,208.39857864379883,2.561280298233032,4148
0,20,4120,4125,4148,208.39857864379883,2.561280298233032,4148
0,20,4120,4125,4148,208.39857864379883,2.561280298233032,4148
0,20,4120,4118,4143,208.39857864379883,2.561280298233032,4148
0,20,4120,4117,4134,208.39857864379883,2.561280298233032,4148
Number of DB Queries This Round: 5020
Time per round: 259.6241886615753
1,20,4098,4111,4116,226.10212802886963,2.5177681684494018,4130
1,20,4098,4113,4124,226.10212802886963,2.5177681684494018,4130
1,20,4098,4111,4116,226.10212802886963,2.5177681684494018,4130
1,20,4098,4117,4129,226.10212802886963,2.5177681684494018,4130
1,20,4098,4114,4124,226.10212802886963,2.5177681684494018,4130
1,20,4098,4114,4124,226.10212802886963,2.5177681684494018,4130
1,20,4098,4117,4129,226.10212802886963,2.5177681684494018,4130
1,20,4098,4114,4124,226.10212802886963,2.5177681684494018,4130
1,20,4098,4112,4116,226.10212802886963,2.5177681684494018,4130
1,20,4098,4113,4128,226.10212802886963,2.5177681684494018,4130
1,20,4098,4113,4124,226.10212802886963,2.5177681684494018,4130
1,20,4098,4117,4118,226.10212802886963,2.5177681684494018,4130
1,20,4098,4114,4124,226.10212802886963,2.5177681684494018,4130
1,20,4098,4118,4118,226.10212802886963,2.5177681684494018,4130
1,20,4098,4118,4118,226.10212802886963,2.5177681684494018,4130
1,20,4098,4117,4129,226.10212802886963,2.5177681684494018,4130
1,20,4098,4112,4123,226.10212802886963,2.5177681684494018,4130
1,20,4098,4114,4124,226.10212802886963,2.5177681684494018,4130
1,20,4098,4117,4129,226.10212802886963,2.5177681684494018,4130
1,20,4098,4119,4130,226.10212802886963,2.5177681684494018,4130
0,20,4098,4097,4129,226.10212802886963,2.5177681684494018,4130
0,20,4098,4095,4118,226.10212802886963,2.5177681684494018,4130
0,20,4098,4098,4130,226.10212802886963,2.5177681684494018,4130
0,20,4098,4095,4123,226.10212802886963,2.5177681684494018,4130
0,20,4098,4095,4123,226.10212802886963,2.5177681684494018,4130
0,20,4098,4095,4118,226.10212802886963,2.5177681684494018,4130
0,20,4098,4095,4118,226.10212802886963,2.5177681684494018,4130
0,20,4098,4095,4123,226.10212802886963,2.5177681684494018,4130
0,20,4098,4095,4116,226.10212802886963,2.5177681684494018,4130
0,20,4098,4100,4128,226.10212802886963,2.5177681684494018,4130
0,20,4098,4095,4123,226.10212802886963,2.5177681684494018,4130
0,20,4098,4096,4128,226.10212802886963,2.5177681684494018,4130
0,20,4098,4097,4128,226.10212802886963,2.5177681684494018,4130
0,20,4098,4095,4123,226.10212802886963,2.5177681684494018,4130
0,20,4098,4095,4116,226.10212802886963,2.5177681684494018,4130
0,20,4098,4101,4129,226.10212802886963,2.5177681684494018,4130
0,20,4098,4097,4129,226.10212802886963,2.5177681684494018,4130
0,20,4098,4095,4124,226.10212802886963,2.5177681684494018,4130
0,20,4098,4095,4118,226.10212802886963,2.5177681684494018,4130
0,20,4098,4095,4116,226.10212802886963,2.5177681684494018,4130
Number of DB Queries This Round: 4960
Time per round: 276.45749402046204
1,20,4092,4110,4118,229.16820454597473,3.1369743227958677,4133
1,20,4092,4109,4113,229.16820454597473,3.1369743227958677,4133
1,20,4092,4111,4127,229.16820454597473,3.1369743227958677,4133
1,20,4092,4110,4118,229.16820454597473,3.1369743227958677,4133
1,20,4092,4110,4118,229.16820454597473,3.1369743227958677,4133
1,20,4092,4111,4127,229.16820454597473,3.1369743227958677,4133
1,20,4092,4110,4118,229.16820454597473,3.1369743227958677,4133
1,20,4092,4110,4113,229.16820454597473,3.1369743227958677,4133
1,20,4092,4110,4133,229.16820454597473,3.1369743227958677,4133
1,20,4092,4110,4118,229.16820454597473,3.1369743227958677,4133
1,20,4092,4111,4112,229.16820454597473,3.1369743227958677,4133
1,20,4092,4110,4118,229.16820454597473,3.1369743227958677,4133
1,20,4092,4112,4112,229.16820454597473,3.1369743227958677,4133
1,20,4092,4112,4112,229.16820454597473,3.1369743227958677,4133
1,20,4092,4111,4127,229.16820454597473,3.1369743227958677,4133
1,20,4092,4110,4119,229.16820454597473,3.1369743227958677,4133
1,20,4092,4110,4118,229.16820454597473,3.1369743227958677,4133
1,20,4092,4112,4127,229.16820454597473,3.1369743227958677,4133
1,20,4092,4112,4123,229.16820454597473,3.1369743227958677,4133
1,20,4092,4112,4127,229.16820454597473,3.1369743227958677,4133
0,20,4092,4089,4112,229.16820454597473,3.1369743227958677,4133
0,20,4092,4096,4123,229.16820454597473,3.1369743227958677,4133
0,20,4092,4089,4116,229.16820454597473,3.1369743227958677,4133
0,20,4092,4092,4119,229.16820454597473,3.1369743227958677,4133
0,20,4092,4089,4112,229.16820454597473,3.1369743227958677,4133
0,20,4092,4089,4112,229.16820454597473,3.1369743227958677,4133
0,20,4092,4091,4119,229.16820454597473,3.1369743227958677,4133
0,20,4092,4089,4113,229.16820454597473,3.1369743227958677,4133
0,20,4092,4098,4133,229.16820454597473,3.1369743227958677,4133
0,20,4092,4091,4119,229.16820454597473,3.1369743227958677,4133
0,20,4092,4099,4133,229.16820454597473,3.1369743227958677,4133
0,20,4092,4100,4133,229.16820454597473,3.1369743227958677,4133
0,20,4092,4089,4116,229.16820454597473,3.1369743227958677,4133
0,20,4092,4089,4113,229.16820454597473,3.1369743227958677,4133
0,20,4092,4098,4127,229.16820454597473,3.1369743227958677,4133
0,20,4092,4098,4127,229.16820454597473,3.1369743227958677,4133
0,20,4092,4091,4118,229.16820454597473,3.1369743227958677,4133
0,20,4092,4089,4112,229.16820454597473,3.1369743227958677,4133
0,20,4092,4089,4113,229.16820454597473,3.1369743227958677,4133
0,20,4092,4089,4113,229.16820454597473,3.1369743227958677,4133
Number of DB Queries This Round: 5053
Time per round: 291.9076952934265
1,20,4090,4105,4108,215.12997102737427,2.333864653110504,4119
1,20,4090,4107,4119,215.12997102737427,2.333864653110504,4119
1,20,4090,4105,4112,215.12997102737427,2.333864653110504,4119
1,20,4090,4105,4113,215.12997102737427,2.333864653110504,4119
1,20,4090,4107,4119,215.12997102737427,2.333864653110504,4119
1,20,4090,4105,4112,215.12997102737427,2.333864653110504,4119
1,20,4090,4105,4108,215.12997102737427,2.333864653110504,4119
1,20,4090,4105,4118,215.12997102737427,2.333864653110504,4119
1,20,4090,4105,4112,215.12997102737427,2.333864653110504,4119
1,20,4090,4107,4109,215.12997102737427,2.333864653110504,4119
1,20,4090,4105,4113,215.12997102737427,2.333864653110504,4119
1,20,4090,4107,4109,215.12997102737427,2.333864653110504,4119
1,20,4090,4108,4109,215.12997102737427,2.333864653110504,4119
1,20,4090,4107,4119,215.12997102737427,2.333864653110504,4119
1,20,4090,4106,4115,215.12997102737427,2.333864653110504,4119
1,20,4090,4106,4112,215.12997102737427,2.333864653110504,4119
1,20,4090,4107,4119,215.12997102737427,2.333864653110504,4119
1,20,4090,4108,4116,215.12997102737427,2.333864653110504,4119
1,20,4090,4108,4119,215.12997102737427,2.333864653110504,4119
1,20,4090,4108,4109,215.12997102737427,2.333864653110504,4119
0,20,4090,4090,4116,215.12997102737427,2.333864653110504,4119
0,20,4090,4087,4111,215.12997102737427,2.333864653110504,4119
0,20,4090,4088,4115,215.12997102737427,2.333864653110504,4119
0,20,4090,4088,4109,215.12997102737427,2.333864653110504,4119
0,20,4090,4087,4106,215.12997102737427,2.333864653110504,4119
0,20,4090,4088,4115,215.12997102737427,2.333864653110504,4119
0,20,4090,4087,4108,215.12997102737427,2.333864653110504,4119
0,20,4090,4090,4118,215.12997102737427,2.333864653110504,4119
0,20,4090,4088,4115,215.12997102737427,2.333864653110504,4119
0,20,4090,4090,4118,215.12997102737427,2.333864653110504,4119
0,20,4090,4090,4118,215.12997102737427,2.333864653110504,4119
0,20,4090,4087,4111,215.12997102737427,2.333864653110504,4119
0,20,4090,4087,4108,215.12997102737427,2.333864653110504,4119
0,20,4090,4091,4119,215.12997102737427,2.333864653110504,4119
0,20,4090,4091,4119,215.12997102737427,2.333864653110504,4119
0,20,4090,4087,4112,215.12997102737427,2.333864653110504,4119
0,20,4090,4087,4106,215.12997102737427,2.333864653110504,4119
0,20,4090,4087,4108,215.12997102737427,2.333864653110504,4119
0,20,4090,4087,4108,215.12997102737427,2.333864653110504,4119
0,20,4090,4087,4112,215.12997102737427,2.333864653110504,4119
Number of DB Queries This Round: 4920
Time per round: 261.8072657585144
1,20,4108,4123,4135,218.67921471595764,2.195670986175537,4137
1,20,4108,4121,4129,218.67921471595764,2.195670986175537,4137
1,20,4108,4121,4129,218.67921471595764,2.195670986175537,4137
1,20,4108,4122,4135,218.67921471595764,2.195670986175537,4137
1,20,4108,4121,4129,218.67921471595764,2.195670986175537,4137
1,20,4108,4121,4124,218.67921471595764,2.195670986175537,4137
1,20,4108,4122,4135,218.67921471595764,2.195670986175537,4137
1,20,4108,4121,4129,218.67921471595764,2.195670986175537,4137
1,20,4108,4128,4128,218.67921471595764,2.195670986175537,4137
1,20,4108,4122,4129,218.67921471595764,2.195670986175537,4137
1,20,4108,4128,4128,218.67921471595764,2.195670986175537,4137
1,20,4108,4128,4128,218.67921471595764,2.195670986175537,4137
1,20,4108,4123,4135,218.67921471595764,2.195670986175537,4137
1,20,4108,4122,4129,218.67921471595764,2.195670986175537,4137
1,20,4108,4122,4129,218.67921471595764,2.195670986175537,4137
1,20,4108,4122,4135,218.67921471595764,2.195670986175537,4137
1,20,4108,4128,4137,218.67921471595764,2.195670986175537,4137
1,20,4108,4123,4135,218.67921471595764,2.195670986175537,4137
1,20,4108,4128,4128,218.67921471595764,2.195670986175537,4137
1,20,4108,4129,4137,218.67921471595764,2.195670986175537,4137
0,20,4108,4105,4129,218.67921471595764,2.195670986175537,4137
0,20,4108,4105,4129,218.67921471595764,2.195670986175537,4137
0,20,4108,4106,4128,218.67921471595764,2.195670986175537,4137
0,20,4108,4105,4125,218.67921471595764,2.195670986175537,4137
0,20,4108,4105,4129,218.67921471595764,2.195670986175537,4137
0,20,4108,4105,4124,218.67921471595764,2.195670986175537,4137
0,20,4108,4109,4135,218.67921471595764,2.195670986175537,4137
0,20,4108,4105,4129,218.67921471595764,2.195670986175537,4137
0,20,4108,4109,4135,218.67921471595764,2.195670986175537,4137
0,20,4108,4107,4135,218.67921471595764,2.195670986175537,4137
0,20,4108,4105,4129,218.67921471595764,2.195670986175537,4137
0,20,4108,4105,4124,218.67921471595764,2.195670986175537,4137
0,20,4108,4106,4135,218.67921471595764,2.195670986175537,4137
0,20,4108,4108,4135,218.67921471595764,2.195670986175537,4137
0,20,4108,4105,4129,218.67921471595764,2.195670986175537,4137
0,20,4108,4105,4125,218.67921471595764,2.195670986175537,4137
0,20,4108,4105,4124,218.67921471595764,2.195670986175537,4137
0,20,4108,4105,4124,218.67921471595764,2.195670986175537,4137
0,20,4108,4105,4129,218.67921471595764,2.195670986175537,4137
0,20,4108,4105,4124,218.67921471595764,2.195670986175537,4137
Number of DB Queries This Round: 4911
Time per round: 262.5926387310028
1,20,4099,4114,4123,204.11925315856934,2.1695319294929503,4128
1,20,4099,4114,4121,204.11925315856934,2.1695319294929503,4128
1,20,4099,4114,4126,204.11925315856934,2.1695319294929503,4128
1,20,4099,4114,4123,204.11925315856934,2.1695319294929503,4128
1,20,4099,4111,4114,204.11925315856934,2.1695319294929503,4128
1,20,4099,4114,4125,204.11925315856934,2.1695319294929503,4128
1,20,4099,4114,4123,204.11925315856934,2.1695319294929503,4128
1,20,4099,4116,4115,204.11925315856934,2.1695319294929503,4128
1,20,4099,4114,4121,204.11925315856934,2.1695319294929503,4128
1,20,4099,4117,4115,204.11925315856934,2.1695319294929503,4128
1,20,4099,4117,4115,204.11925315856934,2.1695319294929503,4128
1,20,4099,4114,4126,204.11925315856934,2.1695319294929503,4128
1,20,4099,4114,4125,204.11925315856934,2.1695319294929503,4128
1,20,4099,4114,4123,204.11925315856934,2.1695319294929503,4128
1,20,4099,4114,4126,204.11925315856934,2.1695319294929503,4128
1,20,4099,4114,4128,204.11925315856934,2.1695319294929503,4128
1,20,4099,4114,4126,204.11925315856934,2.1695319294929503,4128
1,20,4099,4118,4115,204.11925315856934,2.1695319294929503,4128
1,20,4099,4115,4128,204.11925315856934,2.1695319294929503,4128
1,20,4099,4117,4128,204.11925315856934,2.1695319294929503,4128
0,20,4099,4098,4125,204.11925315856934,2.1695319294929503,4128
0,20,4099,4097,4115,204.11925315856934,2.1695319294929503,4128
0,20,4099,4096,4114,204.11925315856934,2.1695319294929503,4128
0,20,4099,4096,4125,204.11925315856934,2.1695319294929503,4128
0,20,4099,4096,4114,204.11925315856934,2.1695319294929503,4128
0,20,4099,4100,4125,204.11925315856934,2.1695319294929503,4128
0,20,4099,4097,4125,204.11925315856934,2.1695319294929503,4128
0,20,4099,4100,4125,204.11925315856934,2.1695319294929503,4128
0,20,4099,4100,4125,204.11925315856934,2.1695319294929503,4128
0,20,4099,4099,4128,204.11925315856934,2.1695319294929503,4128
0,20,4099,4096,4114,204.11925315856934,2.1695319294929503,4128
0,20,4099,4100,4126,204.11925315856934,2.1695319294929503,4128
0,20,4099,4100,4126,204.11925315856934,2.1695319294929503,4128
0,20,4099,4096,4123,204.11925315856934,2.1695319294929503,4128
0,20,4099,4096,4114,204.11925315856934,2.1695319294929503,4128
0,20,4099,4096,4114,204.11925315856934,2.1695319294929503,4128
0,20,4099,4096,4114,204.11925315856934,2.1695319294929503,4128
0,20,4099,4096,4123,204.11925315856934,2.1695319294929503,4128
0,20,4099,4096,4114,204.11925315856934,2.1695319294929503,4128
0,20,4099,4101,4126,204.11925315856934,2.1695319294929503,4128
Number of DB Queries This Round: 4926
Time per round: 247.50989365577698
1,20,4115,4132,4144,204.0454626083374,2.4361542105674743,4158
1,20,4115,4133,4149,204.0454626083374,2.4361542105674743,4158
1,20,4115,4132,4145,204.0454626083374,2.4361542105674743,4158
1,20,4115,4132,4137,204.0454626083374,2.4361542105674743,4158
1,20,4115,4133,4147,204.0454626083374,2.4361542105674743,4158
1,20,4115,4132,4145,204.0454626083374,2.4361542105674743,4158
1,20,4115,4136,4136,204.0454626083374,2.4361542105674743,4158
1,20,4115,4132,4144,204.0454626083374,2.4361542105674743,4158
1,20,4115,4136,4136,204.0454626083374,2.4361542105674743,4158
1,20,4115,4136,4136,204.0454626083374,2.4361542105674743,4158
1,20,4115,4133,4149,204.0454626083374,2.4361542105674743,4158
1,20,4115,4135,4146,204.0454626083374,2.4361542105674743,4158
1,20,4115,4135,4145,204.0454626083374,2.4361542105674743,4158
1,20,4115,4133,4149,204.0454626083374,2.4361542105674743,4158
1,20,4115,4133,4158,204.0454626083374,2.4361542105674743,4158
1,20,4115,4133,4149,204.0454626083374,2.4361542105674743,4158
1,20,4115,4136,4136,204.0454626083374,2.4361542105674743,4158
1,20,4115,4134,4158,204.0454626083374,2.4361542105674743,4158
1,20,4115,4134,4147,204.0454626083374,2.4361542105674743,4158
1,20,4115,4136,4146,204.0454626083374,2.4361542105674743,4158
0,20,4115,4114,4136,204.0454626083374,2.4361542105674743,4158
0,20,4115,4112,4138,204.0454626083374,2.4361542105674743,4158
0,20,4115,4115,4146,204.0454626083374,2.4361542105674743,4158
0,20,4115,4112,4137,204.0454626083374,2.4361542105674743,4158
0,20,4115,4120,4147,204.0454626083374,2.4361542105674743,4158
0,20,4115,4116,4146,204.0454626083374,2.4361542105674743,4158
0,20,4115,4124,4147,204.0454626083374,2.4361542105674743,4158
0,20,4115,4120,4147,204.0454626083374,2.4361542105674743,4158
0,20,4115,4118,4147,204.0454626083374,2.4361542105674743,4158
0,20,4115,4112,4137,204.0454626083374,2.4361542105674743,4158
0,20,4115,4120,4149,204.0454626083374,2.4361542105674743,4158
0,20,4115,4117,4149,204.0454626083374,2.4361542105674743,4158
0,20,4115,4113,4145,204.0454626083374,2.4361542105674743,4158
0,20,4115,4112,4138,204.0454626083374,2.4361542105674743,4158
0,20,4115,4112,4137,204.0454626083374,2.4361542105674743,4158
0,20,4115,4112,4137,204.0454626083374,2.4361542105674743,4158
0,20,4115,4114,4145,204.0454626083374,2.4361542105674743,4158
0,20,4115,4112,4137,204.0454626083374,2.4361542105674743,4158
0,20,4115,4121,4149,204.0454626083374,2.4361542105674743,4158
0,20,4115,4114,4145,204.0454626083374,2.4361542105674743,4158
Number of DB Queries This Round: 5111
Time per round: 252.76854920387268
1,20,4122,4135,4150,203.93649339675903,1.9123470902442932,4150
1,20,4122,4134,4142,203.93649339675903,1.9123470902442932,4150
1,20,4122,4132,4131,203.93649339675903,1.9123470902442932,4150
1,20,4122,4133,4147,203.93649339675903,1.9123470902442932,4150
1,20,4122,4134,4142,203.93649339675903,1.9123470902442932,4150
1,20,4122,4137,4139,203.93649339675903,1.9123470902442932,4150
1,20,4122,4133,4141,203.93649339675903,1.9123470902442932,4150
1,20,4122,4137,4139,203.93649339675903,1.9123470902442932,4150
1,20,4122,4137,4139,203.93649339675903,1.9123470902442932,4150
1,20,4122,4135,4150,203.93649339675903,1.9123470902442932,4150
1,20,4122,4135,4146,203.93649339675903,1.9123470902442932,4150
1,20,4122,4134,4142,203.93649339675903,1.9123470902442932,4150
1,20,4122,4137,4150,203.93649339675903,1.9123470902442932,4150
1,20,4122,4137,4149,203.93649339675903,1.9123470902442932,4150
1,20,4122,4137,4150,203.93649339675903,1.9123470902442932,4150
1,20,4122,4138,4139,203.93649339675903,1.9123470902442932,4150
1,20,4122,4137,4149,203.93649339675903,1.9123470902442932,4150
1,20,4122,4136,4147,203.93649339675903,1.9123470902442932,4150
1,20,4122,4136,4146,203.93649339675903,1.9123470902442932,4150
1,20,4122,4140,4139,203.93649339675903,1.9123470902442932,4150
0,20,4122,4119,4134,203.93649339675903,1.9123470902442932,4150
0,20,4122,4119,4146,203.93649339675903,1.9123470902442932,4150
0,20,4122,4119,4131,203.93649339675903,1.9123470902442932,4150
0,20,4122,4119,4147,203.93649339675903,1.9123470902442932,4150
0,20,4122,4119,4146,203.93649339675903,1.9123470902442932,4150
0,20,4122,4120,4147,203.93649339675903,1.9123470902442932,4150
0,20,4122,4119,4147,203.93649339675903,1.9123470902442932,4150
0,20,4122,4120,4147,203.93649339675903,1.9123470902442932,4150
0,20,4122,4119,4131,203.93649339675903,1.9123470902442932,4150
0,20,4122,4120,4150,203.93649339675903,1.9123470902442932,4150
0,20,4122,4122,4150,203.93649339675903,1.9123470902442932,4150
0,20,4122,4119,4142,203.93649339675903,1.9123470902442932,4150
0,20,4122,4119,4134,203.93649339675903,1.9123470902442932,4150
0,20,4122,4119,4131,203.93649339675903,1.9123470902442932,4150
0,20,4122,4119,4131,203.93649339675903,1.9123470902442932,4150
0,20,4122,4119,4142,203.93649339675903,1.9123470902442932,4150
0,20,4122,4119,4131,203.93649339675903,1.9123470902442932,4150
0,20,4122,4122,4150,203.93649339675903,1.9123470902442932,4150
0,20,4122,4119,4142,203.93649339675903,1.9123470902442932,4150
0,20,4122,4119,4141,203.93649339675903,1.9123470902442932,4150
Number of DB Queries This Round: 4864
Time per round: 242.18343710899353
1,20,4103,4122,4132,216.43187260627747,2.8903546214103697,4135
1,20,4103,4119,4123,216.43187260627747,2.8903546214103697,4135
1,20,4103,4120,4135,216.43187260627747,2.8903546214103697,4135
1,20,4103,4122,4132,216.43187260627747,2.8903546214103697,4135
1,20,4103,4124,4124,216.43187260627747,2.8903546214103697,4135
1,20,4103,4120,4125,216.43187260627747,2.8903546214103697,4135
1,20,4103,4124,4124,216.43187260627747,2.8903546214103697,4135
1,20,4103,4124,4124,216.43187260627747,2.8903546214103697,4135
1,20,4103,4123,4135,216.43187260627747,2.8903546214103697,4135
1,20,4103,4122,4135,216.43187260627747,2.8903546214103697,4135
1,20,4103,4123,4132,216.43187260627747,2.8903546214103697,4135
1,20,4103,4123,4135,216.43187260627747,2.8903546214103697,4135
1,20,4103,4123,4135,216.43187260627747,2.8903546214103697,4135
1,20,4103,4123,4135,216.43187260627747,2.8903546214103697,4135
1,20,4103,4124,4124,216.43187260627747,2.8903546214103697,4135
1,20,4103,4123,4135,216.43187260627747,2.8903546214103697,4135
1,20,4103,4123,4134,216.43187260627747,2.8903546214103697,4135
1,20,4103,4124,4135,216.43187260627747,2.8903546214103697,4135
1,20,4103,4124,4124,216.43187260627747,2.8903546214103697,4135
1,20,4103,4124,4133,216.43187260627747,2.8903546214103697,4135
0,20,4103,4105,4135,216.43187260627747,2.8903546214103697,4135
0,20,4103,4100,4123,216.43187260627747,2.8903546214103697,4135
0,20,4103,4106,4135,216.43187260627747,2.8903546214103697,4135
0,20,4103,4105,4135,216.43187260627747,2.8903546214103697,4135
0,20,4103,4108,4135,216.43187260627747,2.8903546214103697,4135
0,20,4103,4106,4135,216.43187260627747,2.8903546214103697,4135
0,20,4103,4106,4134,216.43187260627747,2.8903546214103697,4135
0,20,4103,4100,4123,216.43187260627747,2.8903546214103697,4135
0,20,4103,4107,4135,216.43187260627747,2.8903546214103697,4135
0,20,4103,4108,4135,216.43187260627747,2.8903546214103697,4135
0,20,4103,4104,4132,216.43187260627747,2.8903546214103697,4135
0,20,4103,4105,4133,216.43187260627747,2.8903546214103697,4135
0,20,4103,4100,4123,216.43187260627747,2.8903546214103697,4135
0,20,4103,4100,4123,216.43187260627747,2.8903546214103697,4135
0,20,4103,4102,4132,216.43187260627747,2.8903546214103697,4135
0,20,4103,4100,4123,216.43187260627747,2.8903546214103697,4135
0,20,4103,4109,4135,216.43187260627747,2.8903546214103697,4135
0,20,4103,4103,4132,216.43187260627747,2.8903546214103697,4135
0,20,4103,4100,4125,216.43187260627747,2.8903546214103697,4135
0,20,4103,4107,4135,216.43187260627747,2.8903546214103697,4135
Number of DB Queries This Round: 5112
Time per round: 274.2389693260193
1,20,4108,4117,4123,230.31129121780396,2.3128257632255553,4136
1,20,4108,4118,4134,230.31129121780396,2.3128257632255553,4136
1,20,4108,4121,4132,230.31129121780396,2.3128257632255553,4136
1,20,4108,4125,4126,230.31129121780396,2.3128257632255553,4136
1,20,4108,4122,4132,230.31129121780396,2.3128257632255553,4136
1,20,4108,4125,4126,230.31129121780396,2.3128257632255553,4136
1,20,4108,4125,4126,230.31129121780396,2.3128257632255553,4136
1,20,4108,4122,4136,230.31129121780396,2.3128257632255553,4136
1,20,4108,4122,4135,230.31129121780396,2.3128257632255553,4136
1,20,4108,4121,4132,230.31129121780396,2.3128257632255553,4136
1,20,4108,4122,4136,230.31129121780396,2.3128257632255553,4136
1,20,4108,4122,4135,230.31129121780396,2.3128257632255553,4136
1,20,4108,4123,4136,230.31129121780396,2.3128257632255553,4136
1,20,4108,4126,4126,230.31129121780396,2.3128257632255553,4136
1,20,4108,4122,4135,230.31129121780396,2.3128257632255553,4136
1,20,4108,4122,4134,230.31129121780396,2.3128257632255553,4136
1,20,4108,4123,4135,230.31129121780396,2.3128257632255553,4136
1,20,4108,4126,4126,230.31129121780396,2.3128257632255553,4136
1,20,4108,4122,4131,230.31129121780396,2.3128257632255553,4136
1,20,4108,4125,4135,230.31129121780396,2.3128257632255553,4136
0,20,4108,4105,4123,230.31129121780396,2.3128257632255553,4136
0,20,4108,4105,4134,230.31129121780396,2.3128257632255553,4136
0,20,4108,4106,4135,230.31129121780396,2.3128257632255553,4136
0,20,4108,4107,4134,230.31129121780396,2.3128257632255553,4136
0,20,4108,4106,4134,230.31129121780396,2.3128257632255553,4136
0,20,4108,4106,4134,230.31129121780396,2.3128257632255553,4136
0,20,4108,4105,4123,230.31129121780396,2.3128257632255553,4136
0,20,4108,4107,4136,230.31129121780396,2.3128257632255553,4136
0,20,4108,4108,4136,230.31129121780396,2.3128257632255553,4136
0,20,4108,4105,4132,230.31129121780396,2.3128257632255553,4136
0,20,4108,4105,4131,230.31129121780396,2.3128257632255553,4136
0,20,4108,4105,4123,230.31129121780396,2.3128257632255553,4136
0,20,4108,4105,4123,230.31129121780396,2.3128257632255553,4136
0,20,4108,4105,4132,230.31129121780396,2.3128257632255553,4136
0,20,4108,4105,4123,230.31129121780396,2.3128257632255553,4136
0,20,4108,4110,4136,230.31129121780396,2.3128257632255553,4136
0,20,4108,4105,4132,230.31129121780396,2.3128257632255553,4136
0,20,4108,4105,4132,230.31129121780396,2.3128257632255553,4136
0,20,4108,4106,4136,230.31129121780396,2.3128257632255553,4136
0,20,4108,4105,4132,230.31129121780396,2.3128257632255553,4136
Number of DB Queries This Round: 4906
Time per round: 276.56781005859375
