1,20,3175,3195,3199,28.19696879386902,1.3914958238601685,3223
1,20,3175,3189,3199,28.19696879386902,1.3914958238601685,3223
1,20,3175,3193,3202,28.19696879386902,1.3914958238601685,3223
1,20,3175,3192,3199,28.19696879386902,1.3914958238601685,3223
1,20,3175,3193,3209,28.19696879386902,1.3914958238601685,3223
1,20,3175,3193,3202,28.19696879386902,1.3914958238601685,3223
1,20,3175,3190,3200,28.19696879386902,1.3914958238601685,3223
1,20,3175,3193,3209,28.19696879386902,1.3914958238601685,3223
1,20,3175,3193,3202,28.19696879386902,1.3914958238601685,3223
1,20,3175,3192,3199,28.19696879386902,1.3914958238601685,3223
1,20,3175,3195,3210,28.19696879386902,1.3914958238601685,3223
1,20,3175,3193,3202,28.19696879386902,1.3914958238601685,3223
1,20,3175,3194,3223,28.19696879386902,1.3914958238601685,3223
1,20,3175,3192,3200,28.19696879386902,1.3914958238601685,3223
1,20,3175,3197,3223,28.19696879386902,1.3914958238601685,3223
1,20,3175,3194,3223,28.19696879386902,1.3914958238601685,3223
1,20,3175,3193,3209,28.19696879386902,1.3914958238601685,3223
1,20,3175,3195,3204,28.19696879386902,1.3914958238601685,3223
1,20,3175,3195,3202,28.19696879386902,1.3914958238601685,3223
1,20,3175,3195,3209,28.19696879386902,1.3914958238601685,3223
0,20,3175,3177,3202,28.19696879386902,1.3914958238601685,3223
0,20,3175,3182,3209,28.19696879386902,1.3914958238601685,3223
0,20,3175,3176,3223,28.19696879386902,1.3914958238601685,3223
0,20,3175,3177,3202,28.19696879386902,1.3914958238601685,3223
0,20,3175,3178,3201,28.19696879386902,1.3914958238601685,3223
0,20,3175,3180,3204,28.19696879386902,1.3914958238601685,3223
0,20,3175,3176,3223,28.19696879386902,1.3914958238601685,3223
0,20,3175,3173,3197,28.19696879386902,1.3914958238601685,3223
0,20,3175,3179,3204,28.19696879386902,1.3914958238601685,3223
0,20,3175,3174,3199,28.19696879386902,1.3914958238601685,3223
0,20,3175,3183,3210,28.19696879386902,1.3914958238601685,3223
0,20,3175,3179,3204,28.19696879386902,1.3914958238601685,3223
0,20,3175,3184,3210,28.19696879386902,1.3914958238601685,3223
0,20,3175,3184,3210,28.19696879386902,1.3914958238601685,3223
0,20,3175,3178,3201,28.19696879386902,1.3914958238601685,3223
0,20,3175,3174,3199,28.19696879386902,1.3914958238601685,3223
0,20,3175,3182,3209,28.19696879386902,1.3914958238601685,3223
0,20,3175,3183,3209,28.19696879386902,1.3914958238601685,3223
0,20,3175,3177,3202,28.19696879386902,1.3914958238601685,3223
0,20,3175,3172,3197,28.19696879386902,1.3914958238601685,3223
Number of DB Queries This Round: 1317
Time per round: 56.02688717842102
1,20,3177,3198,3202,26.40910768508911,1.3459347009658813,3212
1,20,3177,3193,3203,26.40910768508911,1.3459347009658813,3212
1,20,3177,3194,3202,26.40910768508911,1.3459347009658813,3212
1,20,3177,3195,3212,26.40910768508911,1.3459347009658813,3212
1,20,3177,3193,3203,26.40910768508911,1.3459347009658813,3212
1,20,3177,3192,3203,26.40910768508911,1.3459347009658813,3212
1,20,3177,3195,3212,26.40910768508911,1.3459347009658813,3212
1,20,3177,3193,3203,26.40910768508911,1.3459347009658813,3212
1,20,3177,3194,3202,26.40910768508911,1.3459347009658813,3212
1,20,3177,3195,3211,26.40910768508911,1.3459347009658813,3212
1,20,3177,3193,3203,26.40910768508911,1.3459347009658813,3212
1,20,3177,3197,3200,26.40910768508911,1.3459347009658813,3212
1,20,3177,3194,3203,26.40910768508911,1.3459347009658813,3212
1,20,3177,3199,3200,26.40910768508911,1.3459347009658813,3212
1,20,3177,3197,3200,26.40910768508911,1.3459347009658813,3212
1,20,3177,3195,3212,26.40910768508911,1.3459347009658813,3212
1,20,3177,3195,3205,26.40910768508911,1.3459347009658813,3212
1,20,3177,3195,3203,26.40910768508911,1.3459347009658813,3212
1,20,3177,3198,3212,26.40910768508911,1.3459347009658813,3212
1,20,3177,3198,3211,26.40910768508911,1.3459347009658813,3212
0,20,3177,3184,3212,26.40910768508911,1.3459347009658813,3212
0,20,3177,3178,3200,26.40910768508911,1.3459347009658813,3212
0,20,3177,3184,3211,26.40910768508911,1.3459347009658813,3212
0,20,3177,3179,3204,26.40910768508911,1.3459347009658813,3212
0,20,3177,3180,3205,26.40910768508911,1.3459347009658813,3212
0,20,3177,3178,3200,26.40910768508911,1.3459347009658813,3212
0,20,3177,3174,3200,26.40910768508911,1.3459347009658813,3212
0,20,3177,3179,3205,26.40910768508911,1.3459347009658813,3212
0,20,3177,3176,3202,26.40910768508911,1.3459347009658813,3212
0,20,3177,3184,3211,26.40910768508911,1.3459347009658813,3212
0,20,3177,3179,3205,26.40910768508911,1.3459347009658813,3212
0,20,3177,3184,3211,26.40910768508911,1.3459347009658813,3212
0,20,3177,3184,3211,26.40910768508911,1.3459347009658813,3212
0,20,3177,3180,3204,26.40910768508911,1.3459347009658813,3212
0,20,3177,3176,3202,26.40910768508911,1.3459347009658813,3212
0,20,3177,3184,3212,26.40910768508911,1.3459347009658813,3212
0,20,3177,3185,3212,26.40910768508911,1.3459347009658813,3212
0,20,3177,3177,3203,26.40910768508911,1.3459347009658813,3212
0,20,3177,3174,3200,26.40910768508911,1.3459347009658813,3212
0,20,3177,3174,3200,26.40910768508911,1.3459347009658813,3212
Number of DB Queries This Round: 1285
Time per round: 53.32780385017395
1,20,3182,3205,3213,26.736336946487427,1.404306674003601,3217
1,20,3182,3199,3204,26.736336946487427,1.404306674003601,3217
1,20,3182,3201,3217,26.736336946487427,1.404306674003601,3217
1,20,3182,3202,3213,26.736336946487427,1.404306674003601,3217
1,20,3182,3198,3210,26.736336946487427,1.404306674003601,3217
1,20,3182,3201,3217,26.736336946487427,1.404306674003601,3217
1,20,3182,3202,3213,26.736336946487427,1.404306674003601,3217
1,20,3182,3197,3204,26.736336946487427,1.404306674003601,3217
1,20,3182,3201,3216,26.736336946487427,1.404306674003601,3217
1,20,3182,3198,3213,26.736336946487427,1.404306674003601,3217
1,20,3182,3202,3205,26.736336946487427,1.404306674003601,3217
1,20,3182,3200,3210,26.736336946487427,1.404306674003601,3217
1,20,3182,3204,3205,26.736336946487427,1.404306674003601,3217
1,20,3182,3202,3205,26.736336946487427,1.404306674003601,3217
1,20,3182,3201,3217,26.736336946487427,1.404306674003601,3217
1,20,3182,3201,3212,26.736336946487427,1.404306674003601,3217
1,20,3182,3202,3213,26.736336946487427,1.404306674003601,3217
1,20,3182,3201,3217,26.736336946487427,1.404306674003601,3217
1,20,3182,3203,3216,26.736336946487427,1.404306674003601,3217
1,20,3182,3203,3217,26.736336946487427,1.404306674003601,3217
0,20,3182,3183,3205,26.736336946487427,1.404306674003601,3217
0,20,3182,3189,3216,26.736336946487427,1.404306674003601,3217
0,20,3182,3184,3211,26.736336946487427,1.404306674003601,3217
0,20,3182,3185,3212,26.736336946487427,1.404306674003601,3217
0,20,3182,3183,3205,26.736336946487427,1.404306674003601,3217
0,20,3182,3179,3205,26.736336946487427,1.404306674003601,3217
0,20,3182,3184,3212,26.736336946487427,1.404306674003601,3217
0,20,3182,3178,3204,26.736336946487427,1.404306674003601,3217
0,20,3182,3189,3216,26.736336946487427,1.404306674003601,3217
0,20,3182,3184,3212,26.736336946487427,1.404306674003601,3217
0,20,3182,3189,3216,26.736336946487427,1.404306674003601,3217
0,20,3182,3189,3216,26.736336946487427,1.404306674003601,3217
0,20,3182,3185,3211,26.736336946487427,1.404306674003601,3217
0,20,3182,3179,3204,26.736336946487427,1.404306674003601,3217
0,20,3182,3189,3217,26.736336946487427,1.404306674003601,3217
0,20,3182,3190,3217,26.736336946487427,1.404306674003601,3217
0,20,3182,3185,3213,26.736336946487427,1.404306674003601,3217
0,20,3182,3179,3205,26.736336946487427,1.404306674003601,3217
0,20,3182,3180,3205,26.736336946487427,1.404306674003601,3217
0,20,3182,3179,3204,26.736336946487427,1.404306674003601,3217
Number of DB Queries This Round: 1313
Time per round: 54.82247257232666
1,20,3189,3214,3216,26.750060319900513,1.350610077381134,3223
1,20,3189,3210,3222,26.750060319900513,1.350610077381134,3223
1,20,3189,3210,3217,26.750060319900513,1.350610077381134,3223
1,20,3189,3209,3217,26.750060319900513,1.350610077381134,3223
1,20,3189,3210,3222,26.750060319900513,1.350610077381134,3223
1,20,3189,3210,3217,26.750060319900513,1.350610077381134,3223
1,20,3189,3211,3216,26.750060319900513,1.350610077381134,3223
1,20,3189,3212,3223,26.750060319900513,1.350610077381134,3223
1,20,3189,3210,3217,26.750060319900513,1.350610077381134,3223
1,20,3189,3211,3214,26.750060319900513,1.350610077381134,3223
1,20,3189,3211,3217,26.750060319900513,1.350610077381134,3223
1,20,3189,3211,3214,26.750060319900513,1.350610077381134,3223
1,20,3189,3211,3214,26.750060319900513,1.350610077381134,3223
1,20,3189,3210,3222,26.750060319900513,1.350610077381134,3223
1,20,3189,3212,3219,26.750060319900513,1.350610077381134,3223
1,20,3189,3212,3217,26.750060319900513,1.350610077381134,3223
1,20,3189,3210,3222,26.750060319900513,1.350610077381134,3223
1,20,3189,3212,3221,26.750060319900513,1.350610077381134,3223
1,20,3189,3212,3222,26.750060319900513,1.350610077381134,3223
1,20,3189,3213,3214,26.750060319900513,1.350610077381134,3223
0,20,3189,3197,3221,26.750060319900513,1.350610077381134,3223
0,20,3189,3191,3216,26.750060319900513,1.350610077381134,3223
0,20,3189,3194,3219,26.750060319900513,1.350610077381134,3223
0,20,3189,3192,3214,26.750060319900513,1.350610077381134,3223
0,20,3189,3186,3212,26.750060319900513,1.350610077381134,3223
0,20,3189,3193,3219,26.750060319900513,1.350610077381134,3223
0,20,3189,3190,3216,26.750060319900513,1.350610077381134,3223
0,20,3189,3199,3223,26.750060319900513,1.350610077381134,3223
0,20,3189,3193,3219,26.750060319900513,1.350610077381134,3223
0,20,3189,3199,3223,26.750060319900513,1.350610077381134,3223
0,20,3189,3199,3223,26.750060319900513,1.350610077381134,3223
0,20,3189,3192,3216,26.750060319900513,1.350610077381134,3223
0,20,3189,3190,3216,26.750060319900513,1.350610077381134,3223
0,20,3189,3197,3222,26.750060319900513,1.350610077381134,3223
0,20,3189,3198,3222,26.750060319900513,1.350610077381134,3223
0,20,3189,3191,3217,26.750060319900513,1.350610077381134,3223
0,20,3189,3186,3212,26.750060319900513,1.350610077381134,3223
0,20,3189,3187,3212,26.750060319900513,1.350610077381134,3223
0,20,3189,3191,3216,26.750060319900513,1.350610077381134,3223
0,20,3189,3197,3221,26.750060319900513,1.350610077381134,3223
Number of DB Queries This Round: 1295
Time per round: 53.762263774871826
1,20,3187,3212,3221,25.8864164352417,1.3719191312789918,3221
1,20,3187,3202,3213,25.8864164352417,1.3719191312789918,3221
1,20,3187,3203,3213,25.8864164352417,1.3719191312789918,3221
1,20,3187,3209,3221,25.8864164352417,1.3719191312789918,3221
1,20,3187,3204,3213,25.8864164352417,1.3719191312789918,3221
1,20,3187,3204,3209,25.8864164352417,1.3719191312789918,3221
1,20,3187,3208,3219,25.8864164352417,1.3719191312789918,3221
1,20,3187,3204,3213,25.8864164352417,1.3719191312789918,3221
1,20,3187,3209,3212,25.8864164352417,1.3719191312789918,3221
1,20,3187,3205,3213,25.8864164352417,1.3719191312789918,3221
1,20,3187,3209,3212,25.8864164352417,1.3719191312789918,3221
1,20,3187,3209,3212,25.8864164352417,1.3719191312789918,3221
1,20,3187,3209,3221,25.8864164352417,1.3719191312789918,3221
1,20,3187,3208,3215,25.8864164352417,1.3719191312789918,3221
1,20,3187,3208,3213,25.8864164352417,1.3719191312789918,3221
1,20,3187,3209,3221,25.8864164352417,1.3719191312789918,3221
1,20,3187,3208,3219,25.8864164352417,1.3719191312789918,3221
1,20,3187,3209,3221,25.8864164352417,1.3719191312789918,3221
1,20,3187,3211,3212,25.8864164352417,1.3719191312789918,3221
1,20,3187,3210,3219,25.8864164352417,1.3719191312789918,3221
0,20,3187,3189,3214,25.8864164352417,1.3719191312789918,3221
0,20,3187,3190,3215,25.8864164352417,1.3719191312789918,3221
0,20,3187,3190,3212,25.8864164352417,1.3719191312789918,3221
0,20,3187,3184,3210,25.8864164352417,1.3719191312789918,3221
0,20,3187,3189,3215,25.8864164352417,1.3719191312789918,3221
0,20,3187,3183,3209,25.8864164352417,1.3719191312789918,3221
0,20,3187,3194,3219,25.8864164352417,1.3719191312789918,3221
0,20,3187,3189,3215,25.8864164352417,1.3719191312789918,3221
0,20,3187,3194,3219,25.8864164352417,1.3719191312789918,3221
0,20,3187,3194,3219,25.8864164352417,1.3719191312789918,3221
0,20,3187,3190,3214,25.8864164352417,1.3719191312789918,3221
0,20,3187,3184,3209,25.8864164352417,1.3719191312789918,3221
0,20,3187,3195,3221,25.8864164352417,1.3719191312789918,3221
0,20,3187,3197,3221,25.8864164352417,1.3719191312789918,3221
0,20,3187,3187,3213,25.8864164352417,1.3719191312789918,3221
0,20,3187,3184,3210,25.8864164352417,1.3719191312789918,3221
0,20,3187,3184,3210,25.8864164352417,1.3719191312789918,3221
0,20,3187,3184,3209,25.8864164352417,1.3719191312789918,3221
0,20,3187,3194,3219,25.8864164352417,1.3719191312789918,3221
0,20,3187,3188,3213,25.8864164352417,1.3719191312789918,3221
Number of DB Queries This Round: 1281
Time per round: 53.3248016834259
1,20,3179,3202,3206,25.67900562286377,1.371014153957367,3212
1,20,3179,3194,3203,25.67900562286377,1.371014153957367,3212
1,20,3179,3198,3212,25.67900562286377,1.371014153957367,3212
1,20,3179,3199,3206,25.67900562286377,1.371014153957367,3212
1,20,3179,3195,3199,25.67900562286377,1.371014153957367,3212
1,20,3179,3198,3211,25.67900562286377,1.371014153957367,3212
1,20,3179,3199,3206,25.67900562286377,1.371014153957367,3212
1,20,3179,3199,3202,25.67900562286377,1.371014153957367,3212
1,20,3179,3197,3203,25.67900562286377,1.371014153957367,3212
1,20,3179,3199,3202,25.67900562286377,1.371014153957367,3212
1,20,3179,3199,3202,25.67900562286377,1.371014153957367,3212
1,20,3179,3198,3212,25.67900562286377,1.371014153957367,3212
1,20,3179,3198,3205,25.67900562286377,1.371014153957367,3212
1,20,3179,3199,3206,25.67900562286377,1.371014153957367,3212
1,20,3179,3198,3212,25.67900562286377,1.371014153957367,3212
1,20,3179,3198,3211,25.67900562286377,1.371014153957367,3212
1,20,3179,3200,3212,25.67900562286377,1.371014153957367,3212
1,20,3179,3201,3202,25.67900562286377,1.371014153957367,3212
1,20,3179,3200,3211,25.67900562286377,1.371014153957367,3212
1,20,3179,3200,3210,25.67900562286377,1.371014153957367,3212
0,20,3179,3182,3205,25.67900562286377,1.371014153957367,3212
0,20,3179,3182,3202,25.67900562286377,1.371014153957367,3212
0,20,3179,3177,3200,25.67900562286377,1.371014153957367,3212
0,20,3179,3181,3205,25.67900562286377,1.371014153957367,3212
0,20,3179,3175,3199,25.67900562286377,1.371014153957367,3212
0,20,3179,3186,3211,25.67900562286377,1.371014153957367,3212
0,20,3179,3181,3205,25.67900562286377,1.371014153957367,3212
0,20,3179,3186,3211,25.67900562286377,1.371014153957367,3212
0,20,3179,3186,3211,25.67900562286377,1.371014153957367,3212
0,20,3179,3185,3210,25.67900562286377,1.371014153957367,3212
0,20,3179,3176,3199,25.67900562286377,1.371014153957367,3212
0,20,3179,3186,3212,25.67900562286377,1.371014153957367,3212
0,20,3179,3187,3212,25.67900562286377,1.371014153957367,3212
0,20,3179,3182,3206,25.67900562286377,1.371014153957367,3212
0,20,3179,3176,3200,25.67900562286377,1.371014153957367,3212
0,20,3179,3176,3200,25.67900562286377,1.371014153957367,3212
0,20,3179,3176,3199,25.67900562286377,1.371014153957367,3212
0,20,3179,3186,3211,25.67900562286377,1.371014153957367,3212
0,20,3179,3180,3203,25.67900562286377,1.371014153957367,3212
0,20,3179,3177,3200,25.67900562286377,1.371014153957367,3212
Number of DB Queries This Round: 1271
Time per round: 53.09929180145264
1,20,3183,3203,3210,28.508180856704712,1.485747742652893,3216
1,20,3183,3202,3216,28.508180856704712,1.485747742652893,3216
1,20,3183,3202,3211,28.508180856704712,1.485747742652893,3216
1,20,3183,3200,3203,28.508180856704712,1.485747742652893,3216
1,20,3183,3202,3215,28.508180856704712,1.485747742652893,3216
1,20,3183,3202,3211,28.508180856704712,1.485747742652893,3216
1,20,3183,3203,3206,28.508180856704712,1.485747742652893,3216
1,20,3183,3200,3210,28.508180856704712,1.485747742652893,3216
1,20,3183,3203,3206,28.508180856704712,1.485747742652893,3216
1,20,3183,3203,3206,28.508180856704712,1.485747742652893,3216
1,20,3183,3202,3216,28.508180856704712,1.485747742652893,3216
1,20,3183,3202,3213,28.508180856704712,1.485747742652893,3216
1,20,3183,3204,3211,28.508180856704712,1.485747742652893,3216
1,20,3183,3202,3216,28.508180856704712,1.485747742652893,3216
1,20,3183,3202,3215,28.508180856704712,1.485747742652893,3216
1,20,3183,3204,3216,28.508180856704712,1.485747742652893,3216
1,20,3183,3205,3206,28.508180856704712,1.485747742652893,3216
1,20,3183,3204,3215,28.508180856704712,1.485747742652893,3216
1,20,3183,3204,3214,28.508180856704712,1.485747742652893,3216
1,20,3183,3204,3213,28.508180856704712,1.485747742652893,3216
0,20,3183,3186,3206,28.508180856704712,1.485747742652893,3216
0,20,3183,3181,3204,28.508180856704712,1.485747742652893,3216
0,20,3183,3187,3213,28.508180856704712,1.485747742652893,3216
0,20,3183,3179,3203,28.508180856704712,1.485747742652893,3216
0,20,3183,3190,3215,28.508180856704712,1.485747742652893,3216
0,20,3183,3187,3213,28.508180856704712,1.485747742652893,3216
0,20,3183,3190,3215,28.508180856704712,1.485747742652893,3216
0,20,3183,3190,3215,28.508180856704712,1.485747742652893,3216
0,20,3183,3189,3214,28.508180856704712,1.485747742652893,3216
0,20,3183,3180,3203,28.508180856704712,1.485747742652893,3216
0,20,3183,3190,3216,28.508180856704712,1.485747742652893,3216
0,20,3183,3191,3216,28.508180856704712,1.485747742652893,3216
0,20,3183,3185,3211,28.508180856704712,1.485747742652893,3216
0,20,3183,3180,3204,28.508180856704712,1.485747742652893,3216
0,20,3183,3180,3204,28.508180856704712,1.485747742652893,3216
0,20,3183,3180,3203,28.508180856704712,1.485747742652893,3216
0,20,3183,3189,3215,28.508180856704712,1.485747742652893,3216
0,20,3183,3185,3210,28.508180856704712,1.485747742652893,3216
0,20,3183,3181,3204,28.508180856704712,1.485747742652893,3216
0,20,3183,3185,3211,28.508180856704712,1.485747742652893,3216
Number of DB Queries This Round: 1287
Time per round: 58.22313618659973
1,20,3183,3206,3217,28.239548206329346,1.5406801581382752,3217
1,20,3183,3202,3211,28.239548206329346,1.5406801581382752,3217
1,20,3183,3200,3203,28.239548206329346,1.5406801581382752,3217
1,20,3183,3202,3215,28.239548206329346,1.5406801581382752,3217
1,20,3183,3202,3211,28.239548206329346,1.5406801581382752,3217
1,20,3183,3203,3206,28.239548206329346,1.5406801581382752,3217
1,20,3183,3203,3211,28.239548206329346,1.5406801581382752,3217
1,20,3183,3203,3206,28.239548206329346,1.5406801581382752,3217
1,20,3183,3203,3206,28.239548206329346,1.5406801581382752,3217
1,20,3183,3203,3217,28.239548206329346,1.5406801581382752,3217
1,20,3183,3202,3213,28.239548206329346,1.5406801581382752,3217
1,20,3183,3204,3211,28.239548206329346,1.5406801581382752,3217
1,20,3183,3203,3217,28.239548206329346,1.5406801581382752,3217
1,20,3183,3202,3215,28.239548206329346,1.5406801581382752,3217
1,20,3183,3203,3217,28.239548206329346,1.5406801581382752,3217
1,20,3183,3203,3206,28.239548206329346,1.5406801581382752,3217
1,20,3183,3204,3215,28.239548206329346,1.5406801581382752,3217
1,20,3183,3204,3214,28.239548206329346,1.5406801581382752,3217
1,20,3183,3204,3213,28.239548206329346,1.5406801581382752,3217
1,20,3183,3205,3206,28.239548206329346,1.5406801581382752,3217
0,20,3183,3181,3204,28.239548206329346,1.5406801581382752,3217
0,20,3183,3187,3213,28.239548206329346,1.5406801581382752,3217
0,20,3183,3179,3203,28.239548206329346,1.5406801581382752,3217
0,20,3183,3190,3215,28.239548206329346,1.5406801581382752,3217
0,20,3183,3187,3213,28.239548206329346,1.5406801581382752,3217
0,20,3183,3190,3215,28.239548206329346,1.5406801581382752,3217
0,20,3183,3190,3215,28.239548206329346,1.5406801581382752,3217
0,20,3183,3189,3214,28.239548206329346,1.5406801581382752,3217
0,20,3183,3180,3203,28.239548206329346,1.5406801581382752,3217
0,20,3183,3191,3217,28.239548206329346,1.5406801581382752,3217
0,20,3183,3192,3217,28.239548206329346,1.5406801581382752,3217
0,20,3183,3185,3211,28.239548206329346,1.5406801581382752,3217
0,20,3183,3180,3204,28.239548206329346,1.5406801581382752,3217
0,20,3183,3180,3204,28.239548206329346,1.5406801581382752,3217
0,20,3183,3180,3203,28.239548206329346,1.5406801581382752,3217
0,20,3183,3189,3215,28.239548206329346,1.5406801581382752,3217
0,20,3183,3186,3211,28.239548206329346,1.5406801581382752,3217
0,20,3183,3181,3204,28.239548206329346,1.5406801581382752,3217
0,20,3183,3185,3211,28.239548206329346,1.5406801581382752,3217
0,20,3183,3190,3215,28.239548206329346,1.5406801581382752,3217
Number of DB Queries This Round: 1306
Time per round: 59.05315351486206
1,20,3172,3194,3199,26.83847999572754,1.4995267271995545,3203
1,20,3172,3188,3191,26.83847999572754,1.4995267271995545,3203
1,20,3172,3190,3202,26.83847999572754,1.4995267271995545,3203
1,20,3172,3191,3199,26.83847999572754,1.4995267271995545,3203
1,20,3172,3191,3194,26.83847999572754,1.4995267271995545,3203
1,20,3172,3189,3195,26.83847999572754,1.4995267271995545,3203
1,20,3172,3191,3194,26.83847999572754,1.4995267271995545,3203
1,20,3172,3191,3194,26.83847999572754,1.4995267271995545,3203
1,20,3172,3190,3203,26.83847999572754,1.4995267271995545,3203
1,20,3172,3190,3200,26.83847999572754,1.4995267271995545,3203
1,20,3172,3191,3199,26.83847999572754,1.4995267271995545,3203
1,20,3172,3190,3203,26.83847999572754,1.4995267271995545,3203
1,20,3172,3190,3202,26.83847999572754,1.4995267271995545,3203
1,20,3172,3192,3203,26.83847999572754,1.4995267271995545,3203
1,20,3172,3191,3194,26.83847999572754,1.4995267271995545,3203
1,20,3172,3192,3202,26.83847999572754,1.4995267271995545,3203
1,20,3172,3192,3201,26.83847999572754,1.4995267271995545,3203
1,20,3172,3192,3200,26.83847999572754,1.4995267271995545,3203
1,20,3172,3193,3194,26.83847999572754,1.4995267271995545,3203
1,20,3172,3192,3197,26.83847999572754,1.4995267271995545,3203
0,20,3172,3176,3200,26.83847999572754,1.4995267271995545,3203
0,20,3172,3168,3191,26.83847999572754,1.4995267271995545,3203
0,20,3172,3179,3202,26.83847999572754,1.4995267271995545,3203
0,20,3172,3176,3200,26.83847999572754,1.4995267271995545,3203
0,20,3172,3179,3202,26.83847999572754,1.4995267271995545,3203
0,20,3172,3179,3202,26.83847999572754,1.4995267271995545,3203
0,20,3172,3178,3201,26.83847999572754,1.4995267271995545,3203
0,20,3172,3169,3191,26.83847999572754,1.4995267271995545,3203
0,20,3172,3179,3203,26.83847999572754,1.4995267271995545,3203
0,20,3172,3180,3203,26.83847999572754,1.4995267271995545,3203
0,20,3172,3175,3199,26.83847999572754,1.4995267271995545,3203
0,20,3172,3173,3197,26.83847999572754,1.4995267271995545,3203
0,20,3172,3173,3197,26.83847999572754,1.4995267271995545,3203
0,20,3172,3169,3191,26.83847999572754,1.4995267271995545,3203
0,20,3172,3178,3202,26.83847999572754,1.4995267271995545,3203
0,20,3172,3173,3195,26.83847999572754,1.4995267271995545,3203
0,20,3172,3173,3197,26.83847999572754,1.4995267271995545,3203
0,20,3172,3175,3199,26.83847999572754,1.4995267271995545,3203
0,20,3172,3179,3202,26.83847999572754,1.4995267271995545,3203
0,20,3172,3180,3203,26.83847999572754,1.4995267271995545,3203
Number of DB Queries This Round: 1263
Time per round: 56.829017877578735
1,20,3181,3202,3204,29.328120470046997,1.46596657037735,3215
1,20,3181,3202,3215,29.328120470046997,1.46596657037735,3215
1,20,3181,3200,3209,29.328120470046997,1.46596657037735,3215
1,20,3181,3201,3204,29.328120470046997,1.46596657037735,3215
1,20,3181,3201,3209,29.328120470046997,1.46596657037735,3215
1,20,3181,3201,3204,29.328120470046997,1.46596657037735,3215
1,20,3181,3201,3204,29.328120470046997,1.46596657037735,3215
1,20,3181,3200,3214,29.328120470046997,1.46596657037735,3215
1,20,3181,3200,3211,29.328120470046997,1.46596657037735,3215
1,20,3181,3202,3209,29.328120470046997,1.46596657037735,3215
1,20,3181,3200,3214,29.328120470046997,1.46596657037735,3215
1,20,3181,3200,3213,29.328120470046997,1.46596657037735,3215
1,20,3181,3202,3214,29.328120470046997,1.46596657037735,3215
1,20,3181,3201,3204,29.328120470046997,1.46596657037735,3215
1,20,3181,3202,3213,29.328120470046997,1.46596657037735,3215
1,20,3181,3202,3212,29.328120470046997,1.46596657037735,3215
1,20,3181,3200,3211,29.328120470046997,1.46596657037735,3215
1,20,3181,3203,3204,29.328120470046997,1.46596657037735,3215
1,20,3181,3202,3206,29.328120470046997,1.46596657037735,3215
1,20,3181,3202,3211,29.328120470046997,1.46596657037735,3215
0,20,3181,3180,3204,29.328120470046997,1.46596657037735,3215
0,20,3181,3190,3215,29.328120470046997,1.46596657037735,3215
0,20,3181,3185,3211,29.328120470046997,1.46596657037735,3215
0,20,3181,3190,3215,29.328120470046997,1.46596657037735,3215
0,20,3181,3190,3215,29.328120470046997,1.46596657037735,3215
0,20,3181,3187,3212,29.328120470046997,1.46596657037735,3215
0,20,3181,3180,3204,29.328120470046997,1.46596657037735,3215
0,20,3181,3188,3214,29.328120470046997,1.46596657037735,3215
0,20,3181,3189,3214,29.328120470046997,1.46596657037735,3215
0,20,3181,3183,3209,29.328120470046997,1.46596657037735,3215
0,20,3181,3182,3206,29.328120470046997,1.46596657037735,3215
0,20,3181,3182,3206,29.328120470046997,1.46596657037735,3215
0,20,3181,3181,3204,29.328120470046997,1.46596657037735,3215
0,20,3181,3187,3213,29.328120470046997,1.46596657037735,3215
0,20,3181,3184,3209,29.328120470046997,1.46596657037735,3215
0,20,3181,3182,3206,29.328120470046997,1.46596657037735,3215
0,20,3181,3183,3209,29.328120470046997,1.46596657037735,3215
0,20,3181,3190,3215,29.328120470046997,1.46596657037735,3215
0,20,3181,3189,3214,29.328120470046997,1.46596657037735,3215
0,20,3181,3182,3206,29.328120470046997,1.46596657037735,3215
Number of DB Queries This Round: 1299
Time per round: 58.64745330810547
