1,20,3178,3199,3201,161.4837784767151,2.8112242579460145,3212
1,20,3178,3192,3201,161.4837784767151,2.8112242579460145,3212
1,20,3178,3197,3204,161.4837784767151,2.8112242579460145,3212
1,20,3178,3195,3201,161.4837784767151,2.8112242579460145,3212
1,20,3178,3197,3211,161.4837784767151,2.8112242579460145,3212
1,20,3178,3197,3204,161.4837784767151,2.8112242579460145,3212
1,20,3178,3193,3202,161.4837784767151,2.8112242579460145,3212
1,20,3178,3197,3211,161.4837784767151,2.8112242579460145,3212
1,20,3178,3197,3204,161.4837784767151,2.8112242579460145,3212
1,20,3178,3195,3201,161.4837784767151,2.8112242579460145,3212
1,20,3178,3199,3212,161.4837784767151,2.8112242579460145,3212
1,20,3178,3197,3204,161.4837784767151,2.8112242579460145,3212
1,20,3178,3198,3201,161.4837784767151,2.8112242579460145,3212
1,20,3178,3195,3202,161.4837784767151,2.8112242579460145,3212
1,20,3178,3200,3201,161.4837784767151,2.8112242579460145,3212
1,20,3178,3198,3201,161.4837784767151,2.8112242579460145,3212
1,20,3178,3197,3211,161.4837784767151,2.8112242579460145,3212
1,20,3178,3199,3206,161.4837784767151,2.8112242579460145,3212
1,20,3178,3199,3204,161.4837784767151,2.8112242579460145,3212
1,20,3178,3199,3211,161.4837784767151,2.8112242579460145,3212
0,20,3178,3180,3204,161.4837784767151,2.8112242579460145,3212
0,20,3178,3185,3211,161.4837784767151,2.8112242579460145,3212
0,20,3178,3179,3201,161.4837784767151,2.8112242579460145,3212
0,20,3178,3180,3204,161.4837784767151,2.8112242579460145,3212
0,20,3178,3181,3203,161.4837784767151,2.8112242579460145,3212
0,20,3178,3183,3206,161.4837784767151,2.8112242579460145,3212
0,20,3178,3179,3201,161.4837784767151,2.8112242579460145,3212
0,20,3178,3177,3199,161.4837784767151,2.8112242579460145,3212
0,20,3178,3182,3206,161.4837784767151,2.8112242579460145,3212
0,20,3178,3177,3201,161.4837784767151,2.8112242579460145,3212
0,20,3178,3186,3212,161.4837784767151,2.8112242579460145,3212
0,20,3178,3182,3206,161.4837784767151,2.8112242579460145,3212
0,20,3178,3187,3212,161.4837784767151,2.8112242579460145,3212
0,20,3178,3187,3212,161.4837784767151,2.8112242579460145,3212
0,20,3178,3181,3203,161.4837784767151,2.8112242579460145,3212
0,20,3178,3177,3201,161.4837784767151,2.8112242579460145,3212
0,20,3178,3185,3211,161.4837784767151,2.8112242579460145,3212
0,20,3178,3186,3211,161.4837784767151,2.8112242579460145,3212
0,20,3178,3180,3204,161.4837784767151,2.8112242579460145,3212
0,20,3178,3176,3199,161.4837784767151,2.8112242579460145,3212
Number of DB Queries This Round: 4204
Time per round: 217.70826649665833
1,20,3182,3205,3209,161.84429049491882,2.9149782180786135,3216
1,20,3182,3201,3210,161.84429049491882,2.9149782180786135,3216
1,20,3182,3202,3209,161.84429049491882,2.9149782180786135,3216
1,20,3182,3201,3215,161.84429049491882,2.9149782180786135,3216
1,20,3182,3201,3210,161.84429049491882,2.9149782180786135,3216
1,20,3182,3200,3210,161.84429049491882,2.9149782180786135,3216
1,20,3182,3201,3215,161.84429049491882,2.9149782180786135,3216
1,20,3182,3201,3210,161.84429049491882,2.9149782180786135,3216
1,20,3182,3202,3209,161.84429049491882,2.9149782180786135,3216
1,20,3182,3203,3216,161.84429049491882,2.9149782180786135,3216
1,20,3182,3201,3210,161.84429049491882,2.9149782180786135,3216
1,20,3182,3202,3205,161.84429049491882,2.9149782180786135,3216
1,20,3182,3202,3210,161.84429049491882,2.9149782180786135,3216
1,20,3182,3204,3205,161.84429049491882,2.9149782180786135,3216
1,20,3182,3202,3205,161.84429049491882,2.9149782180786135,3216
1,20,3182,3201,3215,161.84429049491882,2.9149782180786135,3216
1,20,3182,3203,3212,161.84429049491882,2.9149782180786135,3216
1,20,3182,3203,3210,161.84429049491882,2.9149782180786135,3216
1,20,3182,3203,3215,161.84429049491882,2.9149782180786135,3216
1,20,3182,3203,3214,161.84429049491882,2.9149782180786135,3216
0,20,3182,3189,3215,161.84429049491882,2.9149782180786135,3216
0,20,3182,3183,3205,161.84429049491882,2.9149782180786135,3216
0,20,3182,3189,3214,161.84429049491882,2.9149782180786135,3216
0,20,3182,3184,3209,161.84429049491882,2.9149782180786135,3216
0,20,3182,3187,3212,161.84429049491882,2.9149782180786135,3216
0,20,3182,3183,3205,161.84429049491882,2.9149782180786135,3216
0,20,3182,3180,3203,161.84429049491882,2.9149782180786135,3216
0,20,3182,3186,3212,161.84429049491882,2.9149782180786135,3216
0,20,3182,3183,3209,161.84429049491882,2.9149782180786135,3216
0,20,3182,3191,3216,161.84429049491882,2.9149782180786135,3216
0,20,3182,3186,3212,161.84429049491882,2.9149782180786135,3216
0,20,3182,3191,3216,161.84429049491882,2.9149782180786135,3216
0,20,3182,3191,3216,161.84429049491882,2.9149782180786135,3216
0,20,3182,3185,3209,161.84429049491882,2.9149782180786135,3216
0,20,3182,3183,3209,161.84429049491882,2.9149782180786135,3216
0,20,3182,3189,3215,161.84429049491882,2.9149782180786135,3216
0,20,3182,3190,3215,161.84429049491882,2.9149782180786135,3216
0,20,3182,3184,3210,161.84429049491882,2.9149782180786135,3216
0,20,3182,3180,3203,161.84429049491882,2.9149782180786135,3216
0,20,3182,3184,3209,161.84429049491882,2.9149782180786135,3216
Number of DB Queries This Round: 4257
Time per round: 220.14385890960693
1,20,3194,3219,3223,164.27955555915833,3.0744195342063905,3241
1,20,3194,3215,3241,164.27955555915833,3.0744195342063905,3241
1,20,3194,3215,3227,164.27955555915833,3.0744195342063905,3241
1,20,3194,3216,3223,164.27955555915833,3.0744195342063905,3241
1,20,3194,3214,3222,164.27955555915833,3.0744195342063905,3241
1,20,3194,3215,3227,164.27955555915833,3.0744195342063905,3241
1,20,3194,3216,3223,164.27955555915833,3.0744195342063905,3241
1,20,3194,3213,3241,164.27955555915833,3.0744195342063905,3241
1,20,3194,3217,3228,164.27955555915833,3.0744195342063905,3241
1,20,3194,3216,3223,164.27955555915833,3.0744195342063905,3241
1,20,3194,3216,3219,164.27955555915833,3.0744195342063905,3241
1,20,3194,3216,3222,164.27955555915833,3.0744195342063905,3241
1,20,3194,3218,3219,164.27955555915833,3.0744195342063905,3241
1,20,3194,3216,3219,164.27955555915833,3.0744195342063905,3241
1,20,3194,3215,3227,164.27955555915833,3.0744195342063905,3241
1,20,3194,3217,3224,164.27955555915833,3.0744195342063905,3241
1,20,3194,3216,3223,164.27955555915833,3.0744195342063905,3241
1,20,3194,3215,3227,164.27955555915833,3.0744195342063905,3241
1,20,3194,3217,3226,164.27955555915833,3.0744195342063905,3241
1,20,3194,3217,3227,164.27955555915833,3.0744195342063905,3241
0,20,3194,3195,3219,164.27955555915833,3.0744195342063905,3241
0,20,3194,3202,3226,164.27955555915833,3.0744195342063905,3241
0,20,3194,3197,3221,164.27955555915833,3.0744195342063905,3241
0,20,3194,3200,3224,164.27955555915833,3.0744195342063905,3241
0,20,3194,3195,3219,164.27955555915833,3.0744195342063905,3241
0,20,3194,3192,3217,164.27955555915833,3.0744195342063905,3241
0,20,3194,3199,3224,164.27955555915833,3.0744195342063905,3241
0,20,3194,3193,3241,164.27955555915833,3.0744195342063905,3241
0,20,3194,3204,3228,164.27955555915833,3.0744195342063905,3241
0,20,3194,3199,3224,164.27955555915833,3.0744195342063905,3241
0,20,3194,3204,3228,164.27955555915833,3.0744195342063905,3241
0,20,3194,3204,3228,164.27955555915833,3.0744195342063905,3241
0,20,3194,3198,3221,164.27955555915833,3.0744195342063905,3241
0,20,3194,3193,3241,164.27955555915833,3.0744195342063905,3241
0,20,3194,3202,3227,164.27955555915833,3.0744195342063905,3241
0,20,3194,3203,3227,164.27955555915833,3.0744195342063905,3241
0,20,3194,3198,3223,164.27955555915833,3.0744195342063905,3241
0,20,3194,3192,3217,164.27955555915833,3.0744195342063905,3241
0,20,3194,3193,3241,164.27955555915833,3.0744195342063905,3241
0,20,3194,3193,3241,164.27955555915833,3.0744195342063905,3241
Number of DB Queries This Round: 4330
Time per round: 225.76795077323914
1,20,3179,3200,3202,162.6792871952057,2.9467130422592165,3212
1,20,3179,3198,3212,162.6792871952057,2.9467130422592165,3212
1,20,3179,3198,3205,162.6792871952057,2.9467130422592165,3212
1,20,3179,3194,3203,162.6792871952057,2.9467130422592165,3212
1,20,3179,3198,3212,162.6792871952057,2.9467130422592165,3212
1,20,3179,3198,3205,162.6792871952057,2.9467130422592165,3212
1,20,3179,3197,3202,162.6792871952057,2.9467130422592165,3212
1,20,3179,3198,3211,162.6792871952057,2.9467130422592165,3212
1,20,3179,3198,3205,162.6792871952057,2.9467130422592165,3212
1,20,3179,3199,3202,162.6792871952057,2.9467130422592165,3212
1,20,3179,3197,3203,162.6792871952057,2.9467130422592165,3212
1,20,3179,3199,3202,162.6792871952057,2.9467130422592165,3212
1,20,3179,3199,3202,162.6792871952057,2.9467130422592165,3212
1,20,3179,3198,3212,162.6792871952057,2.9467130422592165,3212
1,20,3179,3200,3209,162.6792871952057,2.9467130422592165,3212
1,20,3179,3200,3205,162.6792871952057,2.9467130422592165,3212
1,20,3179,3198,3212,162.6792871952057,2.9467130422592165,3212
1,20,3179,3200,3210,162.6792871952057,2.9467130422592165,3212
1,20,3179,3200,3212,162.6792871952057,2.9467130422592165,3212
1,20,3179,3201,3202,162.6792871952057,2.9467130422592165,3212
0,20,3179,3186,3210,162.6792871952057,2.9467130422592165,3212
0,20,3179,3181,3204,162.6792871952057,2.9467130422592165,3212
0,20,3179,3184,3209,162.6792871952057,2.9467130422592165,3212
0,20,3179,3182,3202,162.6792871952057,2.9467130422592165,3212
0,20,3179,3177,3200,162.6792871952057,2.9467130422592165,3212
0,20,3179,3183,3209,162.6792871952057,2.9467130422592165,3212
0,20,3179,3178,3202,162.6792871952057,2.9467130422592165,3212
0,20,3179,3186,3211,162.6792871952057,2.9467130422592165,3212
0,20,3179,3183,3209,162.6792871952057,2.9467130422592165,3212
0,20,3179,3186,3211,162.6792871952057,2.9467130422592165,3212
0,20,3179,3186,3211,162.6792871952057,2.9467130422592165,3212
0,20,3179,3182,3204,162.6792871952057,2.9467130422592165,3212
0,20,3179,3178,3202,162.6792871952057,2.9467130422592165,3212
0,20,3179,3186,3212,162.6792871952057,2.9467130422592165,3212
0,20,3179,3187,3212,162.6792871952057,2.9467130422592165,3212
0,20,3179,3181,3205,162.6792871952057,2.9467130422592165,3212
0,20,3179,3177,3200,162.6792871952057,2.9467130422592165,3212
0,20,3179,3179,3202,162.6792871952057,2.9467130422592165,3212
0,20,3179,3178,3202,162.6792871952057,2.9467130422592165,3212
0,20,3179,3182,3205,162.6792871952057,2.9467130422592165,3212
Number of DB Queries This Round: 4212
Time per round: 221.61355185508728
over
1,20,3183,3206,3217,159.5623824596405,2.819273662567139,3217
1,20,3183,3199,3211,159.5623824596405,2.819273662567139,3217
1,20,3183,3199,3209,159.5623824596405,2.819273662567139,3217
1,20,3183,3203,3217,159.5623824596405,2.819273662567139,3217
1,20,3183,3202,3211,159.5623824596405,2.819273662567139,3217
1,20,3183,3202,3205,159.5623824596405,2.819273662567139,3217
1,20,3183,3204,3217,159.5623824596405,2.819273662567139,3217
1,20,3183,3202,3211,159.5623824596405,2.819273662567139,3217
1,20,3183,3203,3206,159.5623824596405,2.819273662567139,3217
1,20,3183,3201,3209,159.5623824596405,2.819273662567139,3217
1,20,3183,3203,3206,159.5623824596405,2.819273662567139,3217
1,20,3183,3203,3206,159.5623824596405,2.819273662567139,3217
1,20,3183,3203,3217,159.5623824596405,2.819273662567139,3217
1,20,3183,3204,3213,159.5623824596405,2.819273662567139,3217
1,20,3183,3204,3211,159.5623824596405,2.819273662567139,3217
1,20,3183,3203,3217,159.5623824596405,2.819273662567139,3217
1,20,3183,3202,3215,159.5623824596405,2.819273662567139,3217
1,20,3183,3203,3217,159.5623824596405,2.819273662567139,3217
1,20,3183,3205,3206,159.5623824596405,2.819273662567139,3217
1,20,3183,3204,3215,159.5623824596405,2.819273662567139,3217
0,20,3183,3185,3210,159.5623824596405,2.819273662567139,3217
0,20,3183,3188,3213,159.5623824596405,2.819273662567139,3217
0,20,3183,3186,3206,159.5623824596405,2.819273662567139,3217
0,20,3183,3181,3204,159.5623824596405,2.819273662567139,3217
0,20,3183,3187,3213,159.5623824596405,2.819273662567139,3217
0,20,3183,3182,3205,159.5623824596405,2.819273662567139,3217
0,20,3183,3192,3217,159.5623824596405,2.819273662567139,3217
0,20,3183,3187,3213,159.5623824596405,2.819273662567139,3217
0,20,3183,3192,3217,159.5623824596405,2.819273662567139,3217
0,20,3183,3192,3217,159.5623824596405,2.819273662567139,3217
0,20,3183,3186,3210,159.5623824596405,2.819273662567139,3217
0,20,3183,3182,3205,159.5623824596405,2.819273662567139,3217
0,20,3183,3191,3217,159.5623824596405,2.819273662567139,3217
0,20,3183,3192,3217,159.5623824596405,2.819273662567139,3217
0,20,3183,3185,3211,159.5623824596405,2.819273662567139,3217
0,20,3183,3181,3204,159.5623824596405,2.819273662567139,3217
0,20,3183,3182,3205,159.5623824596405,2.819273662567139,3217
0,20,3183,3182,3205,159.5623824596405,2.819273662567139,3217
0,20,3183,3186,3211,159.5623824596405,2.819273662567139,3217
0,20,3183,3183,3205,159.5623824596405,2.819273662567139,3217
Number of DB Queries This Round: 4230
Time per round: 215.94785952568054
1,20,3179,3202,3204,162.12611627578735,2.8716575145721435,3226
1,20,3179,3194,3226,162.12611627578735,2.8716575145721435,3226
1,20,3179,3198,3212,162.12611627578735,2.8716575145721435,3226
1,20,3179,3199,3204,162.12611627578735,2.8716575145721435,3226
1,20,3179,3195,3199,162.12611627578735,2.8716575145721435,3226
1,20,3179,3198,3226,162.12611627578735,2.8716575145721435,3226
1,20,3179,3199,3204,162.12611627578735,2.8716575145721435,3226
1,20,3179,3199,3202,162.12611627578735,2.8716575145721435,3226
1,20,3179,3197,3226,162.12611627578735,2.8716575145721435,3226
1,20,3179,3199,3202,162.12611627578735,2.8716575145721435,3226
1,20,3179,3199,3202,162.12611627578735,2.8716575145721435,3226
1,20,3179,3198,3212,162.12611627578735,2.8716575145721435,3226
1,20,3179,3200,3209,162.12611627578735,2.8716575145721435,3226
1,20,3179,3199,3204,162.12611627578735,2.8716575145721435,3226
1,20,3179,3198,3212,162.12611627578735,2.8716575145721435,3226
1,20,3179,3198,3211,162.12611627578735,2.8716575145721435,3226
1,20,3179,3200,3212,162.12611627578735,2.8716575145721435,3226
1,20,3179,3201,3202,162.12611627578735,2.8716575145721435,3226
1,20,3179,3200,3211,162.12611627578735,2.8716575145721435,3226
1,20,3179,3200,3210,162.12611627578735,2.8716575145721435,3226
0,20,3179,3184,3209,162.12611627578735,2.8716575145721435,3226
0,20,3179,3182,3202,162.12611627578735,2.8716575145721435,3226
0,20,3179,3178,3200,162.12611627578735,2.8716575145721435,3226
0,20,3179,3183,3209,162.12611627578735,2.8716575145721435,3226
0,20,3179,3176,3199,162.12611627578735,2.8716575145721435,3226
0,20,3179,3186,3226,162.12611627578735,2.8716575145721435,3226
0,20,3179,3183,3209,162.12611627578735,2.8716575145721435,3226
0,20,3179,3186,3226,162.12611627578735,2.8716575145721435,3226
0,20,3179,3186,3226,162.12611627578735,2.8716575145721435,3226
0,20,3179,3185,3210,162.12611627578735,2.8716575145721435,3226
0,20,3179,3177,3199,162.12611627578735,2.8716575145721435,3226
0,20,3179,3186,3212,162.12611627578735,2.8716575145721435,3226
0,20,3179,3187,3212,162.12611627578735,2.8716575145721435,3226
0,20,3179,3182,3204,162.12611627578735,2.8716575145721435,3226
0,20,3179,3177,3200,162.12611627578735,2.8716575145721435,3226
0,20,3179,3178,3199,162.12611627578735,2.8716575145721435,3226
0,20,3179,3176,3199,162.12611627578735,2.8716575145721435,3226
0,20,3179,3183,3204,162.12611627578735,2.8716575145721435,3226
0,20,3179,3178,3199,162.12611627578735,2.8716575145721435,3226
0,20,3179,3187,3212,162.12611627578735,2.8716575145721435,3226
Number of DB Queries This Round: 4254
Time per round: 219.55927062034607
1,20,3194,3218,3223,165.74715328216553,3.1912688493728636,3228
1,20,3194,3215,3226,165.74715328216553,3.1912688493728636,3228
1,20,3194,3215,3222,165.74715328216553,3.1912688493728636,3228
1,20,3194,3215,3218,165.74715328216553,3.1912688493728636,3228
1,20,3194,3217,3228,165.74715328216553,3.1912688493728636,3228
1,20,3194,3215,3222,165.74715328216553,3.1912688493728636,3228
1,20,3194,3216,3219,165.74715328216553,3.1912688493728636,3228
1,20,3194,3215,3223,165.74715328216553,3.1912688493728636,3228
1,20,3194,3216,3219,165.74715328216553,3.1912688493728636,3228
1,20,3194,3216,3219,165.74715328216553,3.1912688493728636,3228
1,20,3194,3215,3226,165.74715328216553,3.1912688493728636,3228
1,20,3194,3215,3224,165.74715328216553,3.1912688493728636,3228
1,20,3194,3217,3222,165.74715328216553,3.1912688493728636,3228
1,20,3194,3215,3226,165.74715328216553,3.1912688493728636,3228
1,20,3194,3215,3226,165.74715328216553,3.1912688493728636,3228
1,20,3194,3217,3226,165.74715328216553,3.1912688493728636,3228
1,20,3194,3218,3219,165.74715328216553,3.1912688493728636,3228
1,20,3194,3217,3226,165.74715328216553,3.1912688493728636,3228
1,20,3194,3217,3225,165.74715328216553,3.1912688493728636,3228
1,20,3194,3217,3224,165.74715328216553,3.1912688493728636,3228
0,20,3194,3198,3219,165.74715328216553,3.1912688493728636,3228
0,20,3194,3193,3217,165.74715328216553,3.1912688493728636,3228
0,20,3194,3199,3224,165.74715328216553,3.1912688493728636,3228
0,20,3194,3193,3218,165.74715328216553,3.1912688493728636,3228
0,20,3194,3204,3228,165.74715328216553,3.1912688493728636,3228
0,20,3194,3199,3224,165.74715328216553,3.1912688493728636,3228
0,20,3194,3204,3228,165.74715328216553,3.1912688493728636,3228
0,20,3194,3204,3228,165.74715328216553,3.1912688493728636,3228
0,20,3194,3201,3225,165.74715328216553,3.1912688493728636,3228
0,20,3194,3193,3218,165.74715328216553,3.1912688493728636,3228
0,20,3194,3202,3226,165.74715328216553,3.1912688493728636,3228
0,20,3194,3203,3226,165.74715328216553,3.1912688493728636,3228
0,20,3194,3197,3222,165.74715328216553,3.1912688493728636,3228
0,20,3194,3192,3217,165.74715328216553,3.1912688493728636,3228
0,20,3194,3194,3218,165.74715328216553,3.1912688493728636,3228
0,20,3194,3193,3218,165.74715328216553,3.1912688493728636,3228
0,20,3194,3198,3222,165.74715328216553,3.1912688493728636,3228
0,20,3194,3194,3218,165.74715328216553,3.1912688493728636,3228
0,20,3194,3203,3226,165.74715328216553,3.1912688493728636,3228
0,20,3194,3197,3222,165.74715328216553,3.1912688493728636,3228
Number of DB Queries This Round: 4317
Time per round: 229.5725336074829
1,20,3181,3202,3213,165.30423617362976,2.82113231420517,3213
1,20,3181,3198,3205,165.30423617362976,2.82113231420517,3213
1,20,3181,3198,3201,165.30423617362976,2.82113231420517,3213
1,20,3181,3200,3213,165.30423617362976,2.82113231420517,3213
1,20,3181,3198,3205,165.30423617362976,2.82113231420517,3213
1,20,3181,3201,3204,165.30423617362976,2.82113231420517,3213
1,20,3181,3199,3205,165.30423617362976,2.82113231420517,3213
1,20,3181,3201,3204,165.30423617362976,2.82113231420517,3213
1,20,3181,3201,3204,165.30423617362976,2.82113231420517,3213
1,20,3181,3199,3213,165.30423617362976,2.82113231420517,3213
1,20,3181,3200,3211,165.30423617362976,2.82113231420517,3213
1,20,3181,3200,3205,165.30423617362976,2.82113231420517,3213
1,20,3181,3199,3213,165.30423617362976,2.82113231420517,3213
1,20,3181,3200,3213,165.30423617362976,2.82113231420517,3213
1,20,3181,3199,3213,165.30423617362976,2.82113231420517,3213
1,20,3181,3201,3204,165.30423617362976,2.82113231420517,3213
1,20,3181,3202,3213,165.30423617362976,2.82113231420517,3213
1,20,3181,3202,3212,165.30423617362976,2.82113231420517,3213
1,20,3181,3202,3211,165.30423617362976,2.82113231420517,3213
1,20,3181,3203,3204,165.30423617362976,2.82113231420517,3213
0,20,3181,3180,3202,165.30423617362976,2.82113231420517,3213
0,20,3181,3185,3211,165.30423617362976,2.82113231420517,3213
0,20,3181,3178,3201,165.30423617362976,2.82113231420517,3213
0,20,3181,3188,3213,165.30423617362976,2.82113231420517,3213
0,20,3181,3185,3211,165.30423617362976,2.82113231420517,3213
0,20,3181,3188,3213,165.30423617362976,2.82113231420517,3213
0,20,3181,3188,3213,165.30423617362976,2.82113231420517,3213
0,20,3181,3187,3212,165.30423617362976,2.82113231420517,3213
0,20,3181,3179,3201,165.30423617362976,2.82113231420517,3213
0,20,3181,3187,3213,165.30423617362976,2.82113231420517,3213
0,20,3181,3188,3213,165.30423617362976,2.82113231420517,3213
0,20,3181,3181,3205,165.30423617362976,2.82113231420517,3213
0,20,3181,3179,3202,165.30423617362976,2.82113231420517,3213
0,20,3181,3180,3201,165.30423617362976,2.82113231420517,3213
0,20,3181,3178,3201,165.30423617362976,2.82113231420517,3213
0,20,3181,3182,3205,165.30423617362976,2.82113231420517,3213
0,20,3181,3180,3201,165.30423617362976,2.82113231420517,3213
0,20,3181,3188,3213,165.30423617362976,2.82113231420517,3213
0,20,3181,3181,3205,165.30423617362976,2.82113231420517,3213
0,20,3181,3182,3205,165.30423617362976,2.82113231420517,3213
Number of DB Queries This Round: 4192
Time per round: 221.72688698768616
1,20,3184,3209,3213,161.6219687461853,2.999605178833008,3218
1,20,3184,3203,3206,161.6219687461853,2.999605178833008,3218
1,20,3184,3205,3218,161.6219687461853,2.999605178833008,3218
1,20,3184,3200,3213,161.6219687461853,2.999605178833008,3218
1,20,3184,3204,3209,161.6219687461853,2.999605178833008,3218
1,20,3184,3204,3212,161.6219687461853,2.999605178833008,3218
1,20,3184,3204,3209,161.6219687461853,2.999605178833008,3218
1,20,3184,3204,3209,161.6219687461853,2.999605178833008,3218
1,20,3184,3203,3217,161.6219687461853,2.999605178833008,3218
1,20,3184,3203,3214,161.6219687461853,2.999605178833008,3218
1,20,3184,3204,3213,161.6219687461853,2.999605178833008,3218
1,20,3184,3203,3217,161.6219687461853,2.999605178833008,3218
1,20,3184,3203,3216,161.6219687461853,2.999605178833008,3218
1,20,3184,3205,3217,161.6219687461853,2.999605178833008,3218
1,20,3184,3204,3209,161.6219687461853,2.999605178833008,3218
1,20,3184,3205,3216,161.6219687461853,2.999605178833008,3218
1,20,3184,3205,3215,161.6219687461853,2.999605178833008,3218
1,20,3184,3205,3214,161.6219687461853,2.999605178833008,3218
1,20,3184,3206,3209,161.6219687461853,2.999605178833008,3218
1,20,3184,3205,3211,161.6219687461853,2.999605178833008,3218
0,20,3184,3188,3214,161.6219687461853,2.999605178833008,3218
0,20,3184,3183,3206,161.6219687461853,2.999605178833008,3218
0,20,3184,3193,3218,161.6219687461853,2.999605178833008,3218
0,20,3184,3188,3214,161.6219687461853,2.999605178833008,3218
0,20,3184,3193,3218,161.6219687461853,2.999605178833008,3218
0,20,3184,3193,3218,161.6219687461853,2.999605178833008,3218
0,20,3184,3190,3215,161.6219687461853,2.999605178833008,3218
0,20,3184,3183,3206,161.6219687461853,2.999605178833008,3218
0,20,3184,3191,3217,161.6219687461853,2.999605178833008,3218
0,20,3184,3192,3217,161.6219687461853,2.999605178833008,3218
0,20,3184,3187,3213,161.6219687461853,2.999605178833008,3218
0,20,3184,3185,3211,161.6219687461853,2.999605178833008,3218
0,20,3184,3184,3206,161.6219687461853,2.999605178833008,3218
0,20,3184,3183,3206,161.6219687461853,2.999605178833008,3218
0,20,3184,3188,3213,161.6219687461853,2.999605178833008,3218
0,20,3184,3183,3206,161.6219687461853,2.999605178833008,3218
0,20,3184,3192,3217,161.6219687461853,2.999605178833008,3218
0,20,3184,3187,3213,161.6219687461853,2.999605178833008,3218
0,20,3184,3186,3212,161.6219687461853,2.999605178833008,3218
0,20,3184,3191,3217,161.6219687461853,2.999605178833008,3218
Number of DB Queries This Round: 4272
Time per round: 221.61407685279846
1,20,3178,3199,3201,171.06398844718933,2.7458088994026184,3225
1,20,3178,3197,3210,171.06398844718933,2.7458088994026184,3225
1,20,3178,3194,3202,171.06398844718933,2.7458088994026184,3225
1,20,3178,3198,3201,171.06398844718933,2.7458088994026184,3225
1,20,3178,3195,3202,171.06398844718933,2.7458088994026184,3225
1,20,3178,3198,3201,171.06398844718933,2.7458088994026184,3225
1,20,3178,3198,3201,171.06398844718933,2.7458088994026184,3225
1,20,3178,3194,3225,171.06398844718933,2.7458088994026184,3225
1,20,3178,3197,3206,171.06398844718933,2.7458088994026184,3225
1,20,3178,3197,3202,171.06398844718933,2.7458088994026184,3225
1,20,3178,3194,3225,171.06398844718933,2.7458088994026184,3225
1,20,3178,3194,3206,171.06398844718933,2.7458088994026184,3225
1,20,3178,3197,3225,171.06398844718933,2.7458088994026184,3225
1,20,3178,3198,3201,171.06398844718933,2.7458088994026184,3225
1,20,3178,3197,3206,171.06398844718933,2.7458088994026184,3225
1,20,3178,3197,3225,171.06398844718933,2.7458088994026184,3225
1,20,3178,3197,3206,171.06398844718933,2.7458088994026184,3225
1,20,3178,3200,3201,171.06398844718933,2.7458088994026184,3225
1,20,3178,3199,3203,171.06398844718933,2.7458088994026184,3225
1,20,3178,3199,3206,171.06398844718933,2.7458088994026184,3225
0,20,3178,3178,3201,171.06398844718933,2.7458088994026184,3225
0,20,3178,3185,3210,171.06398844718933,2.7458088994026184,3225
0,20,3178,3182,3206,171.06398844718933,2.7458088994026184,3225
0,20,3178,3185,3210,171.06398844718933,2.7458088994026184,3225
0,20,3178,3185,3210,171.06398844718933,2.7458088994026184,3225
0,20,3178,3182,3225,171.06398844718933,2.7458088994026184,3225
0,20,3178,3178,3201,171.06398844718933,2.7458088994026184,3225
0,20,3178,3183,3225,171.06398844718933,2.7458088994026184,3225
0,20,3178,3184,3225,171.06398844718933,2.7458088994026184,3225
0,20,3178,3178,3202,171.06398844718933,2.7458088994026184,3225
0,20,3178,3179,3203,171.06398844718933,2.7458088994026184,3225
0,20,3178,3178,3201,171.06398844718933,2.7458088994026184,3225
0,20,3178,3178,3201,171.06398844718933,2.7458088994026184,3225
0,20,3178,3179,3202,171.06398844718933,2.7458088994026184,3225
0,20,3178,3178,3201,171.06398844718933,2.7458088994026184,3225
0,20,3178,3184,3225,171.06398844718933,2.7458088994026184,3225
0,20,3178,3178,3202,171.06398844718933,2.7458088994026184,3225
0,20,3178,3178,3202,171.06398844718933,2.7458088994026184,3225
0,20,3178,3183,3225,171.06398844718933,2.7458088994026184,3225
0,20,3178,3179,3202,171.06398844718933,2.7458088994026184,3225
Number of DB Queries This Round: 4225
Time per round: 225.9801697731018
