true_label,num_secrets,b_no,b_guess,b_yes,setup_time,per_guess_time
1,100,10,3,0,0.9542467594146729,5.055965075492859
1,100,10,0,0,0.9542467594146729,5.055965075492859
1,100,10,1,0,0.9542467594146729,5.055965075492859
1,100,10,1,0,0.9542467594146729,5.055965075492859
1,100,6,5,0,0.9542467594146729,5.055965075492859
1,100,10,3,0,0.9542467594146729,5.055965075492859
1,100,10,3,0,0.9542467594146729,5.055965075492859
1,100,6,4,0,0.9542467594146729,5.055965075492859
1,100,10,2,0,0.9542467594146729,5.055965075492859
1,100,10,0,0,0.9542467594146729,5.055965075492859
1,100,6,3,0,0.9542467594146729,5.055965075492859
1,100,10,2,0,0.9542467594146729,5.055965075492859
1,100,10,0,0,0.9542467594146729,5.055965075492859
1,100,10,5,0,0.9542467594146729,5.055965075492859
1,100,11,0,1,0.9542467594146729,5.055965075492859
1,100,10,1,0,0.9542467594146729,5.055965075492859
1,100,6,2,0,0.9542467594146729,5.055965075492859
1,100,6,2,0,0.9542467594146729,5.055965075492859
1,100,10,4,0,0.9542467594146729,5.055965075492859
1,100,6,2,0,0.9542467594146729,5.055965075492859
1,100,6,2,0,0.9542467594146729,5.055965075492859
1,100,6,2,0,0.9542467594146729,5.055965075492859
1,100,10,1,0,0.9542467594146729,5.055965075492859
1,100,6,5,0,0.9542467594146729,5.055965075492859
1,100,6,1,0,0.9542467594146729,5.055965075492859
1,100,8,0,2,0.9542467594146729,5.055965075492859
1,100,10,0,0,0.9542467594146729,5.055965075492859
1,100,10,1,0,0.9542467594146729,5.055965075492859
1,100,9,0,3,0.9542467594146729,5.055965075492859
1,100,10,0,0,0.9542467594146729,5.055965075492859
1,100,6,7,0,0.9542467594146729,5.055965075492859
1,100,9,0,3,0.9542467594146729,5.055965075492859
1,100,6,2,0,0.9542467594146729,5.055965075492859
1,100,6,4,0,0.9542467594146729,5.055965075492859
1,100,8,0,2,0.9542467594146729,5.055965075492859
1,100,10,1,0,0.9542467594146729,5.055965075492859
1,100,6,3,0,0.9542467594146729,5.055965075492859
1,100,6,5,0,0.9542467594146729,5.055965075492859
1,100,10,3,0,0.9542467594146729,5.055965075492859
1,100,10,1,0,0.9542467594146729,5.055965075492859
1,100,10,0,0,0.9542467594146729,5.055965075492859
1,100,10,2,0,0.9542467594146729,5.055965075492859
1,100,6,1,0,0.9542467594146729,5.055965075492859
1,100,10,4,0,0.9542467594146729,5.055965075492859
1,100,10,3,0,0.9542467594146729,5.055965075492859
1,100,10,2,0,0.9542467594146729,5.055965075492859
1,100,6,8,0,0.9542467594146729,5.055965075492859
1,100,6,7,0,0.9542467594146729,5.055965075492859
1,100,10,0,0,0.9542467594146729,5.055965075492859
1,100,6,3,0,0.9542467594146729,5.055965075492859
1,100,10,0,0,0.9542467594146729,5.055965075492859
1,100,6,5,0,0.9542467594146729,5.055965075492859
1,100,6,2,0,0.9542467594146729,5.055965075492859
1,100,6,1,0,0.9542467594146729,5.055965075492859
1,100,6,5,0,0.9542467594146729,5.055965075492859
1,100,10,4,0,0.9542467594146729,5.055965075492859
1,100,6,4,0,0.9542467594146729,5.055965075492859
1,100,8,0,2,0.9542467594146729,5.055965075492859
1,100,10,3,0,0.9542467594146729,5.055965075492859
1,100,10,1,0,0.9542467594146729,5.055965075492859
1,100,6,5,0,0.9542467594146729,5.055965075492859
1,100,10,4,0,0.9542467594146729,5.055965075492859
1,100,6,2,0,0.9542467594146729,5.055965075492859
1,100,6,1,0,0.9542467594146729,5.055965075492859
1,100,6,8,0,0.9542467594146729,5.055965075492859
1,100,10,2,0,0.9542467594146729,5.055965075492859
1,100,10,4,0,0.9542467594146729,5.055965075492859
1,100,10,0,0,0.9542467594146729,5.055965075492859
1,100,10,1,0,0.9542467594146729,5.055965075492859
1,100,6,3,0,0.9542467594146729,5.055965075492859
1,100,10,1,0,0.9542467594146729,5.055965075492859
1,100,10,2,0,0.9542467594146729,5.055965075492859
1,100,10,5,0,0.9542467594146729,5.055965075492859
1,100,6,3,0,0.9542467594146729,5.055965075492859
1,100,10,2,0,0.9542467594146729,5.055965075492859
1,100,10,1,0,0.9542467594146729,5.055965075492859
1,100,10,1,0,0.9542467594146729,5.055965075492859
1,100,7,0,1,0.9542467594146729,5.055965075492859
1,100,10,1,0,0.9542467594146729,5.055965075492859
1,100,10,5,0,0.9542467594146729,5.055965075492859
1,100,6,0,0,0.9542467594146729,5.055965075492859
1,100,10,3,0,0.9542467594146729,5.055965075492859
1,100,10,1,0,0.9542467594146729,5.055965075492859
1,100,6,0,0,0.9542467594146729,5.055965075492859
1,100,10,2,0,0.9542467594146729,5.055965075492859
1,100,6,0,0,0.9542467594146729,5.055965075492859
1,100,6,4,0,0.9542467594146729,5.055965075492859
1,100,10,0,0,0.9542467594146729,5.055965075492859
1,100,10,1,0,0.9542467594146729,5.055965075492859
1,100,6,3,0,0.9542467594146729,5.055965075492859
1,100,10,0,0,0.9542467594146729,5.055965075492859
1,100,10,1,0,0.9542467594146729,5.055965075492859
1,100,10,5,0,0.9542467594146729,5.055965075492859
1,100,6,3,0,0.9542467594146729,5.055965075492859
1,100,10,4,0,0.9542467594146729,5.055965075492859
1,100,9,0,3,0.9542467594146729,5.055965075492859
1,100,10,2,0,0.9542467594146729,5.055965075492859
1,100,6,1,0,0.9542467594146729,5.055965075492859
1,100,8,0,2,0.9542467594146729,5.055965075492859
1,100,9,0,3,0.9542467594146729,5.055965075492859
0,100,10,9,0,0.9542467594146729,5.055965075492859
0,100,6,6,0,0.9542467594146729,5.055965075492859
0,100,10,9,0,0.9542467594146729,5.055965075492859
0,100,6,6,0,0.9542467594146729,5.055965075492859
0,100,10,9,0,0.9542467594146729,5.055965075492859
0,100,6,7,0,0.9542467594146729,5.055965075492859
0,100,6,10,0,0.9542467594146729,5.055965075492859
0,100,10,9,0,0.9542467594146729,5.055965075492859
0,100,6,4,0,0.9542467594146729,5.055965075492859
0,100,10,10,0,0.9542467594146729,5.055965075492859
0,100,6,5,0,0.9542467594146729,5.055965075492859
0,100,6,8,0,0.9542467594146729,5.055965075492859
0,100,10,8,0,0.9542467594146729,5.055965075492859
0,100,6,6,0,0.9542467594146729,5.055965075492859
0,100,10,14,0,0.9542467594146729,5.055965075492859
0,100,10,9,0,0.9542467594146729,5.055965075492859
0,100,10,11,0,0.9542467594146729,5.055965075492859
0,100,6,7,0,0.9542467594146729,5.055965075492859
0,100,6,5,0,0.9542467594146729,5.055965075492859
0,100,10,10,0,0.9542467594146729,5.055965075492859
0,100,6,5,0,0.9542467594146729,5.055965075492859
0,100,6,7,0,0.9542467594146729,5.055965075492859
0,100,6,6,0,0.9542467594146729,5.055965075492859
0,100,10,9,0,0.9542467594146729,5.055965075492859
0,100,6,5,0,0.9542467594146729,5.055965075492859
0,100,10,10,0,0.9542467594146729,5.055965075492859
0,100,6,12,0,0.9542467594146729,5.055965075492859
0,100,6,8,0,0.9542467594146729,5.055965075492859
0,100,10,10,0,0.9542467594146729,5.055965075492859
0,100,10,9,0,0.9542467594146729,5.055965075492859
0,100,10,6,0,0.9542467594146729,5.055965075492859
0,100,6,12,0,0.9542467594146729,5.055965075492859
0,100,10,16,0,0.9542467594146729,5.055965075492859
0,100,6,9,0,0.9542467594146729,5.055965075492859
0,100,6,7,0,0.9542467594146729,5.055965075492859
0,100,10,12,0,0.9542467594146729,5.055965075492859
0,100,6,6,0,0.9542467594146729,5.055965075492859
0,100,10,7,0,0.9542467594146729,5.055965075492859
0,100,10,7,0,0.9542467594146729,5.055965075492859
0,100,6,8,0,0.9542467594146729,5.055965075492859
0,100,6,4,0,0.9542467594146729,5.055965075492859
0,100,6,8,0,0.9542467594146729,5.055965075492859
0,100,10,7,0,0.9542467594146729,5.055965075492859
0,100,10,12,0,0.9542467594146729,5.055965075492859
0,100,6,5,0,0.9542467594146729,5.055965075492859
0,100,10,5,0,0.9542467594146729,5.055965075492859
0,100,10,9,0,0.9542467594146729,5.055965075492859
0,100,6,8,0,0.9542467594146729,5.055965075492859
0,100,6,8,0,0.9542467594146729,5.055965075492859
0,100,10,8,0,0.9542467594146729,5.055965075492859
0,100,6,5,0,0.9542467594146729,5.055965075492859
0,100,6,5,0,0.9542467594146729,5.055965075492859
0,100,6,7,0,0.9542467594146729,5.055965075492859
0,100,10,7,0,0.9542467594146729,5.055965075492859
0,100,6,9,0,0.9542467594146729,5.055965075492859
0,100,10,6,0,0.9542467594146729,5.055965075492859
0,100,10,9,0,0.9542467594146729,5.055965075492859
0,100,10,13,0,0.9542467594146729,5.055965075492859
0,100,6,6,0,0.9542467594146729,5.055965075492859
0,100,6,2,0,0.9542467594146729,5.055965075492859
0,100,6,5,0,0.9542467594146729,5.055965075492859
0,100,6,7,0,0.9542467594146729,5.055965075492859
0,100,10,13,0,0.9542467594146729,5.055965075492859
0,100,6,5,0,0.9542467594146729,5.055965075492859
0,100,6,7,0,0.9542467594146729,5.055965075492859
0,100,10,13,0,0.9542467594146729,5.055965075492859
0,100,6,5,0,0.9542467594146729,5.055965075492859
0,100,10,7,0,0.9542467594146729,5.055965075492859
0,100,6,7,0,0.9542467594146729,5.055965075492859
0,100,6,6,0,0.9542467594146729,5.055965075492859
0,100,6,0,0,0.9542467594146729,5.055965075492859
0,100,6,6,0,0.9542467594146729,5.055965075492859
0,100,6,8,0,0.9542467594146729,5.055965075492859
0,100,6,5,0,0.9542467594146729,5.055965075492859
0,100,10,5,0,0.9542467594146729,5.055965075492859
0,100,10,7,0,0.9542467594146729,5.055965075492859
0,100,10,7,0,0.9542467594146729,5.055965075492859
0,100,10,11,0,0.9542467594146729,5.055965075492859
0,100,6,2,0,0.9542467594146729,5.055965075492859
0,100,6,3,0,0.9542467594146729,5.055965075492859
0,100,6,5,0,0.9542467594146729,5.055965075492859
0,100,10,12,0,0.9542467594146729,5.055965075492859
0,100,6,8,0,0.9542467594146729,5.055965075492859
0,100,6,6,0,0.9542467594146729,5.055965075492859
0,100,6,5,0,0.9542467594146729,5.055965075492859
0,100,6,3,0,0.9542467594146729,5.055965075492859
0,100,6,7,0,0.9542467594146729,5.055965075492859
0,100,10,8,0,0.9542467594146729,5.055965075492859
0,100,10,9,0,0.9542467594146729,5.055965075492859
0,100,6,9,0,0.9542467594146729,5.055965075492859
0,100,6,6,0,0.9542467594146729,5.055965075492859
0,100,10,5,0,0.9542467594146729,5.055965075492859
0,100,6,6,0,0.9542467594146729,5.055965075492859
0,100,6,7,0,0.9542467594146729,5.055965075492859
0,100,6,11,0,0.9542467594146729,5.055965075492859
0,100,10,11,0,0.9542467594146729,5.055965075492859
0,100,10,9,0,0.9542467594146729,5.055965075492859
0,100,10,6,0,0.9542467594146729,5.055965075492859
0,100,10,12,0,0.9542467594146729,5.055965075492859
0,100,10,12,0,0.9542467594146729,5.055965075492859
Total DB Queries This Round: 22435
1,100,9,1,0,0.8802416324615479,5.21933881521225
1,100,9,3,0,0.8802416324615479,5.21933881521225
1,100,9,1,0,0.8802416324615479,5.21933881521225
1,100,7,2,0,0.8802416324615479,5.21933881521225
1,100,9,3,0,0.8802416324615479,5.21933881521225
1,100,9,4,0,0.8802416324615479,5.21933881521225
1,100,7,3,0,0.8802416324615479,5.21933881521225
1,100,9,4,0,0.8802416324615479,5.21933881521225
1,100,9,2,0,0.8802416324615479,5.21933881521225
1,100,7,5,0,0.8802416324615479,5.21933881521225
1,100,9,2,0,0.8802416324615479,5.21933881521225
1,100,9,1,0,0.8802416324615479,5.21933881521225
1,100,9,2,0,0.8802416324615479,5.21933881521225
1,100,9,2,0,0.8802416324615479,5.21933881521225
1,100,9,1,0,0.8802416324615479,5.21933881521225
1,100,7,3,0,0.8802416324615479,5.21933881521225
1,100,7,2,0,0.8802416324615479,5.21933881521225
1,100,9,2,0,0.8802416324615479,5.21933881521225
1,100,7,5,0,0.8802416324615479,5.21933881521225
1,100,7,2,0,0.8802416324615479,5.21933881521225
1,100,7,4,0,0.8802416324615479,5.21933881521225
1,100,9,3,0,0.8802416324615479,5.21933881521225
1,100,7,1,0,0.8802416324615479,5.21933881521225
1,100,7,0,0,0.8802416324615479,5.21933881521225
1,100,7,4,0,0.8802416324615479,5.21933881521225
1,100,9,3,0,0.8802416324615479,5.21933881521225
1,100,9,3,0,0.8802416324615479,5.21933881521225
1,100,7,1,0,0.8802416324615479,5.21933881521225
1,100,9,4,0,0.8802416324615479,5.21933881521225
1,100,7,4,0,0.8802416324615479,5.21933881521225
1,100,7,2,0,0.8802416324615479,5.21933881521225
1,100,7,6,0,0.8802416324615479,5.21933881521225
1,100,7,8,0,0.8802416324615479,5.21933881521225
1,100,7,2,0,0.8802416324615479,5.21933881521225
1,100,9,1,0,0.8802416324615479,5.21933881521225
1,100,7,2,0,0.8802416324615479,5.21933881521225
1,100,7,4,0,0.8802416324615479,5.21933881521225
1,100,9,4,0,0.8802416324615479,5.21933881521225
1,100,9,2,0,0.8802416324615479,5.21933881521225
1,100,9,1,0,0.8802416324615479,5.21933881521225
1,100,9,2,0,0.8802416324615479,5.21933881521225
1,100,7,3,0,0.8802416324615479,5.21933881521225
1,100,9,4,0,0.8802416324615479,5.21933881521225
1,100,9,3,0,0.8802416324615479,5.21933881521225
1,100,9,3,0,0.8802416324615479,5.21933881521225
1,100,7,5,0,0.8802416324615479,5.21933881521225
1,100,7,3,0,0.8802416324615479,5.21933881521225
1,100,9,3,0,0.8802416324615479,5.21933881521225
1,100,7,0,0,0.8802416324615479,5.21933881521225
1,100,9,1,0,0.8802416324615479,5.21933881521225
1,100,7,0,0,0.8802416324615479,5.21933881521225
1,100,7,6,0,0.8802416324615479,5.21933881521225
1,100,7,1,0,0.8802416324615479,5.21933881521225
1,100,7,2,0,0.8802416324615479,5.21933881521225
1,100,9,4,0,0.8802416324615479,5.21933881521225
1,100,7,2,0,0.8802416324615479,5.21933881521225
1,100,7,6,0,0.8802416324615479,5.21933881521225
1,100,9,5,0,0.8802416324615479,5.21933881521225
1,100,9,4,0,0.8802416324615479,5.21933881521225
1,100,7,4,0,0.8802416324615479,5.21933881521225
1,100,9,4,0,0.8802416324615479,5.21933881521225
1,100,7,2,0,0.8802416324615479,5.21933881521225
1,100,7,2,0,0.8802416324615479,5.21933881521225
1,100,7,5,0,0.8802416324615479,5.21933881521225
1,100,9,3,0,0.8802416324615479,5.21933881521225
1,100,9,5,0,0.8802416324615479,5.21933881521225
1,100,9,2,0,0.8802416324615479,5.21933881521225
1,100,9,4,0,0.8802416324615479,5.21933881521225
1,100,7,2,0,0.8802416324615479,5.21933881521225
1,100,9,2,0,0.8802416324615479,5.21933881521225
1,100,9,5,0,0.8802416324615479,5.21933881521225
1,100,9,6,0,0.8802416324615479,5.21933881521225
1,100,7,1,0,0.8802416324615479,5.21933881521225
1,100,9,2,0,0.8802416324615479,5.21933881521225
1,100,9,1,0,0.8802416324615479,5.21933881521225
1,100,9,2,0,0.8802416324615479,5.21933881521225
1,100,7,4,0,0.8802416324615479,5.21933881521225
1,100,9,3,0,0.8802416324615479,5.21933881521225
1,100,9,5,0,0.8802416324615479,5.21933881521225
1,100,7,1,0,0.8802416324615479,5.21933881521225
1,100,9,2,0,0.8802416324615479,5.21933881521225
1,100,9,2,0,0.8802416324615479,5.21933881521225
1,100,7,9,0,0.8802416324615479,5.21933881521225
1,100,9,3,0,0.8802416324615479,5.21933881521225
1,100,7,4,0,0.8802416324615479,5.21933881521225
1,100,7,2,0,0.8802416324615479,5.21933881521225
1,100,9,2,0,0.8802416324615479,5.21933881521225
1,100,9,1,0,0.8802416324615479,5.21933881521225
1,100,7,2,0,0.8802416324615479,5.21933881521225
1,100,9,1,0,0.8802416324615479,5.21933881521225
1,100,9,2,0,0.8802416324615479,5.21933881521225
1,100,9,5,0,0.8802416324615479,5.21933881521225
1,100,7,4,0,0.8802416324615479,5.21933881521225
1,100,9,2,0,0.8802416324615479,5.21933881521225
1,100,7,1,0,0.8802416324615479,5.21933881521225
1,100,9,2,0,0.8802416324615479,5.21933881521225
1,100,7,5,0,0.8802416324615479,5.21933881521225
1,100,7,2,0,0.8802416324615479,5.21933881521225
1,100,7,2,0,0.8802416324615479,5.21933881521225
1,100,9,3,0,0.8802416324615479,5.21933881521225
0,100,7,8,0,0.8802416324615479,5.21933881521225
0,100,9,13,0,0.8802416324615479,5.21933881521225
0,100,7,11,0,0.8802416324615479,5.21933881521225
0,100,9,10,0,0.8802416324615479,5.21933881521225
0,100,7,7,0,0.8802416324615479,5.21933881521225
0,100,7,8,0,0.8802416324615479,5.21933881521225
0,100,9,11,0,0.8802416324615479,5.21933881521225
0,100,7,6,0,0.8802416324615479,5.21933881521225
0,100,9,9,0,0.8802416324615479,5.21933881521225
0,100,7,7,0,0.8802416324615479,5.21933881521225
0,100,7,11,0,0.8802416324615479,5.21933881521225
0,100,9,9,0,0.8802416324615479,5.21933881521225
0,100,7,5,0,0.8802416324615479,5.21933881521225
0,100,9,12,0,0.8802416324615479,5.21933881521225
0,100,9,11,0,0.8802416324615479,5.21933881521225
0,100,9,13,0,0.8802416324615479,5.21933881521225
0,100,7,7,0,0.8802416324615479,5.21933881521225
0,100,7,9,0,0.8802416324615479,5.21933881521225
0,100,9,9,0,0.8802416324615479,5.21933881521225
0,100,7,8,0,0.8802416324615479,5.21933881521225
0,100,7,7,0,0.8802416324615479,5.21933881521225
0,100,7,10,0,0.8802416324615479,5.21933881521225
0,100,9,9,0,0.8802416324615479,5.21933881521225
0,100,7,9,0,0.8802416324615479,5.21933881521225
0,100,9,10,0,0.8802416324615479,5.21933881521225
0,100,7,9,0,0.8802416324615479,5.21933881521225
0,100,7,5,0,0.8802416324615479,5.21933881521225
0,100,9,9,0,0.8802416324615479,5.21933881521225
0,100,9,10,0,0.8802416324615479,5.21933881521225
0,100,9,11,0,0.8802416324615479,5.21933881521225
0,100,7,10,0,0.8802416324615479,5.21933881521225
0,100,9,12,0,0.8802416324615479,5.21933881521225
0,100,7,8,0,0.8802416324615479,5.21933881521225
0,100,7,10,0,0.8802416324615479,5.21933881521225
0,100,9,9,0,0.8802416324615479,5.21933881521225
0,100,7,6,0,0.8802416324615479,5.21933881521225
0,100,9,8,0,0.8802416324615479,5.21933881521225
0,100,9,15,0,0.8802416324615479,5.21933881521225
0,100,7,12,0,0.8802416324615479,5.21933881521225
0,100,7,6,0,0.8802416324615479,5.21933881521225
0,100,7,7,0,0.8802416324615479,5.21933881521225
0,100,9,12,0,0.8802416324615479,5.21933881521225
0,100,9,12,0,0.8802416324615479,5.21933881521225
0,100,7,7,0,0.8802416324615479,5.21933881521225
0,100,9,10,0,0.8802416324615479,5.21933881521225
0,100,9,13,0,0.8802416324615479,5.21933881521225
0,100,7,11,0,0.8802416324615479,5.21933881521225
0,100,7,7,0,0.8802416324615479,5.21933881521225
0,100,9,9,0,0.8802416324615479,5.21933881521225
0,100,7,10,0,0.8802416324615479,5.21933881521225
0,100,7,11,0,0.8802416324615479,5.21933881521225
0,100,7,6,0,0.8802416324615479,5.21933881521225
0,100,9,11,0,0.8802416324615479,5.21933881521225
0,100,7,4,0,0.8802416324615479,5.21933881521225
0,100,9,8,0,0.8802416324615479,5.21933881521225
0,100,9,11,0,0.8802416324615479,5.21933881521225
0,100,9,8,0,0.8802416324615479,5.21933881521225
0,100,7,8,0,0.8802416324615479,5.21933881521225
0,100,7,4,0,0.8802416324615479,5.21933881521225
0,100,7,8,0,0.8802416324615479,5.21933881521225
0,100,7,6,0,0.8802416324615479,5.21933881521225
0,100,9,12,0,0.8802416324615479,5.21933881521225
0,100,7,9,0,0.8802416324615479,5.21933881521225
0,100,7,9,0,0.8802416324615479,5.21933881521225
0,100,9,10,0,0.8802416324615479,5.21933881521225
0,100,7,7,0,0.8802416324615479,5.21933881521225
0,100,9,8,0,0.8802416324615479,5.21933881521225
0,100,7,1,0,0.8802416324615479,5.21933881521225
0,100,7,6,0,0.8802416324615479,5.21933881521225
0,100,7,6,0,0.8802416324615479,5.21933881521225
0,100,7,6,0,0.8802416324615479,5.21933881521225
0,100,7,6,0,0.8802416324615479,5.21933881521225
0,100,7,6,0,0.8802416324615479,5.21933881521225
0,100,9,10,0,0.8802416324615479,5.21933881521225
0,100,9,8,0,0.8802416324615479,5.21933881521225
0,100,9,10,0,0.8802416324615479,5.21933881521225
0,100,9,12,0,0.8802416324615479,5.21933881521225
0,100,7,9,0,0.8802416324615479,5.21933881521225
0,100,7,8,0,0.8802416324615479,5.21933881521225
0,100,7,6,0,0.8802416324615479,5.21933881521225
0,100,9,11,0,0.8802416324615479,5.21933881521225
0,100,7,8,0,0.8802416324615479,5.21933881521225
0,100,7,9,0,0.8802416324615479,5.21933881521225
0,100,7,2,0,0.8802416324615479,5.21933881521225
0,100,7,8,0,0.8802416324615479,5.21933881521225
0,100,7,6,0,0.8802416324615479,5.21933881521225
0,100,9,10,0,0.8802416324615479,5.21933881521225
0,100,9,11,0,0.8802416324615479,5.21933881521225
0,100,7,5,0,0.8802416324615479,5.21933881521225
0,100,7,8,0,0.8802416324615479,5.21933881521225
0,100,9,9,0,0.8802416324615479,5.21933881521225
0,100,7,9,0,0.8802416324615479,5.21933881521225
0,100,7,3,0,0.8802416324615479,5.21933881521225
0,100,7,9,0,0.8802416324615479,5.21933881521225
0,100,9,6,0,0.8802416324615479,5.21933881521225
0,100,9,9,0,0.8802416324615479,5.21933881521225
0,100,9,6,0,0.8802416324615479,5.21933881521225
0,100,9,14,0,0.8802416324615479,5.21933881521225
0,100,9,8,0,0.8802416324615479,5.21933881521225
0,100,9,9,0,0.8802416324615479,5.21933881521225
Total DB Queries This Round: 22427
1,100,6,1,0,0.32778191566467285,4.717157266139984
1,100,7,0,1,0.32778191566467285,4.717157266139984
1,100,6,0,1,0.32778191566467285,4.717157266139984
1,100,6,0,0,0.32778191566467285,4.717157266139984
1,100,6,0,0,0.32778191566467285,4.717157266139984
1,100,6,0,1,0.32778191566467285,4.717157266139984
1,100,6,0,0,0.32778191566467285,4.717157266139984
1,100,8,0,2,0.32778191566467285,4.717157266139984
1,100,6,0,1,0.32778191566467285,4.717157266139984
1,100,6,1,0,0.32778191566467285,4.717157266139984
1,100,6,1,0,0.32778191566467285,4.717157266139984
1,100,6,1,0,0.32778191566467285,4.717157266139984
1,100,9,0,3,0.32778191566467285,4.717157266139984
1,100,6,0,0,0.32778191566467285,4.717157266139984
1,100,5,2,0,0.32778191566467285,4.717157266139984
1,100,6,1,0,0.32778191566467285,4.717157266139984
1,100,7,0,1,0.32778191566467285,4.717157266139984
1,100,6,0,1,0.32778191566467285,4.717157266139984
1,100,5,1,0,0.32778191566467285,4.717157266139984
1,100,5,2,0,0.32778191566467285,4.717157266139984
1,100,8,0,2,0.32778191566467285,4.717157266139984
1,100,6,0,1,0.32778191566467285,4.717157266139984
1,100,7,0,2,0.32778191566467285,4.717157266139984
1,100,6,0,0,0.32778191566467285,4.717157266139984
1,100,6,0,0,0.32778191566467285,4.717157266139984
1,100,8,0,2,0.32778191566467285,4.717157266139984
1,100,6,2,0,0.32778191566467285,4.717157266139984
1,100,7,0,1,0.32778191566467285,4.717157266139984
1,100,6,0,1,0.32778191566467285,4.717157266139984
1,100,6,3,0,0.32778191566467285,4.717157266139984
1,100,6,0,1,0.32778191566467285,4.717157266139984
1,100,7,0,2,0.32778191566467285,4.717157266139984
1,100,7,0,2,0.32778191566467285,4.717157266139984
1,100,7,0,1,0.32778191566467285,4.717157266139984
1,100,5,0,0,0.32778191566467285,4.717157266139984
1,100,8,0,3,0.32778191566467285,4.717157266139984
1,100,6,1,0,0.32778191566467285,4.717157266139984
1,100,6,1,0,0.32778191566467285,4.717157266139984
1,100,6,1,0,0.32778191566467285,4.717157266139984
1,100,6,0,0,0.32778191566467285,4.717157266139984
1,100,5,0,0,0.32778191566467285,4.717157266139984
1,100,6,2,0,0.32778191566467285,4.717157266139984
1,100,6,0,0,0.32778191566467285,4.717157266139984
1,100,6,2,0,0.32778191566467285,4.717157266139984
1,100,5,0,0,0.32778191566467285,4.717157266139984
1,100,5,1,0,0.32778191566467285,4.717157266139984
1,100,7,0,1,0.32778191566467285,4.717157266139984
1,100,9,0,4,0.32778191566467285,4.717157266139984
1,100,6,0,0,0.32778191566467285,4.717157266139984
1,100,7,0,2,0.32778191566467285,4.717157266139984
1,100,5,2,0,0.32778191566467285,4.717157266139984
1,100,7,0,2,0.32778191566467285,4.717157266139984
1,100,8,0,3,0.32778191566467285,4.717157266139984
1,100,6,1,0,0.32778191566467285,4.717157266139984
1,100,8,0,3,0.32778191566467285,4.717157266139984
1,100,7,0,2,0.32778191566467285,4.717157266139984
1,100,8,0,2,0.32778191566467285,4.717157266139984
1,100,9,0,3,0.32778191566467285,4.717157266139984
1,100,5,0,0,0.32778191566467285,4.717157266139984
1,100,7,0,1,0.32778191566467285,4.717157266139984
1,100,5,0,0,0.32778191566467285,4.717157266139984
1,100,8,0,3,0.32778191566467285,4.717157266139984
1,100,8,0,3,0.32778191566467285,4.717157266139984
1,100,11,0,5,0.32778191566467285,4.717157266139984
1,100,6,0,0,0.32778191566467285,4.717157266139984
1,100,6,0,0,0.32778191566467285,4.717157266139984
1,100,6,0,0,0.32778191566467285,4.717157266139984
1,100,5,0,0,0.32778191566467285,4.717157266139984
1,100,7,0,1,0.32778191566467285,4.717157266139984
1,100,6,1,0,0.32778191566467285,4.717157266139984
1,100,7,0,1,0.32778191566467285,4.717157266139984
1,100,6,1,0,0.32778191566467285,4.717157266139984
1,100,6,1,0,0.32778191566467285,4.717157266139984
1,100,6,0,0,0.32778191566467285,4.717157266139984
1,100,7,0,1,0.32778191566467285,4.717157266139984
1,100,7,0,2,0.32778191566467285,4.717157266139984
1,100,11,0,5,0.32778191566467285,4.717157266139984
1,100,6,2,0,0.32778191566467285,4.717157266139984
1,100,6,3,0,0.32778191566467285,4.717157266139984
1,100,6,0,0,0.32778191566467285,4.717157266139984
1,100,6,0,0,0.32778191566467285,4.717157266139984
1,100,5,1,0,0.32778191566467285,4.717157266139984
1,100,7,0,1,0.32778191566467285,4.717157266139984
1,100,6,0,0,0.32778191566467285,4.717157266139984
1,100,6,0,1,0.32778191566467285,4.717157266139984
1,100,8,0,2,0.32778191566467285,4.717157266139984
1,100,7,0,1,0.32778191566467285,4.717157266139984
1,100,6,0,1,0.32778191566467285,4.717157266139984
1,100,8,0,2,0.32778191566467285,4.717157266139984
1,100,6,0,0,0.32778191566467285,4.717157266139984
1,100,6,4,0,0.32778191566467285,4.717157266139984
1,100,5,0,0,0.32778191566467285,4.717157266139984
1,100,6,2,0,0.32778191566467285,4.717157266139984
1,100,10,0,5,0.32778191566467285,4.717157266139984
1,100,6,2,0,0.32778191566467285,4.717157266139984
1,100,5,0,0,0.32778191566467285,4.717157266139984
1,100,8,0,3,0.32778191566467285,4.717157266139984
1,100,6,3,0,0.32778191566467285,4.717157266139984
1,100,6,2,0,0.32778191566467285,4.717157266139984
1,100,6,0,1,0.32778191566467285,4.717157266139984
0,100,6,11,0,0.32778191566467285,4.717157266139984
0,100,5,4,0,0.32778191566467285,4.717157266139984
0,100,6,10,0,0.32778191566467285,4.717157266139984
0,100,5,7,0,0.32778191566467285,4.717157266139984
0,100,5,8,0,0.32778191566467285,4.717157266139984
0,100,6,12,0,0.32778191566467285,4.717157266139984
0,100,6,11,0,0.32778191566467285,4.717157266139984
0,100,6,11,0,0.32778191566467285,4.717157266139984
0,100,5,4,0,0.32778191566467285,4.717157266139984
0,100,6,12,0,0.32778191566467285,4.717157266139984
0,100,6,12,0,0.32778191566467285,4.717157266139984
0,100,5,3,0,0.32778191566467285,4.717157266139984
0,100,6,9,0,0.32778191566467285,4.717157266139984
0,100,6,14,0,0.32778191566467285,4.717157266139984
0,100,6,11,0,0.32778191566467285,4.717157266139984
0,100,5,8,0,0.32778191566467285,4.717157266139984
0,100,5,8,0,0.32778191566467285,4.717157266139984
0,100,6,11,0,0.32778191566467285,4.717157266139984
0,100,6,8,0,0.32778191566467285,4.717157266139984
0,100,5,7,0,0.32778191566467285,4.717157266139984
0,100,5,4,0,0.32778191566467285,4.717157266139984
0,100,6,8,0,0.32778191566467285,4.717157266139984
0,100,5,5,0,0.32778191566467285,4.717157266139984
0,100,6,9,0,0.32778191566467285,4.717157266139984
0,100,6,12,0,0.32778191566467285,4.717157266139984
0,100,5,4,0,0.32778191566467285,4.717157266139984
0,100,6,12,0,0.32778191566467285,4.717157266139984
0,100,6,13,0,0.32778191566467285,4.717157266139984
0,100,6,13,0,0.32778191566467285,4.717157266139984
0,100,5,5,0,0.32778191566467285,4.717157266139984
0,100,6,12,0,0.32778191566467285,4.717157266139984
0,100,5,7,0,0.32778191566467285,4.717157266139984
0,100,5,10,0,0.32778191566467285,4.717157266139984
0,100,6,11,0,0.32778191566467285,4.717157266139984
0,100,6,9,0,0.32778191566467285,4.717157266139984
0,100,6,10,0,0.32778191566467285,4.717157266139984
0,100,6,8,0,0.32778191566467285,4.717157266139984
0,100,5,3,0,0.32778191566467285,4.717157266139984
0,100,6,11,0,0.32778191566467285,4.717157266139984
0,100,6,9,0,0.32778191566467285,4.717157266139984
0,100,6,11,0,0.32778191566467285,4.717157266139984
0,100,6,13,0,0.32778191566467285,4.717157266139984
0,100,5,5,0,0.32778191566467285,4.717157266139984
0,100,6,6,0,0.32778191566467285,4.717157266139984
0,100,6,8,0,0.32778191566467285,4.717157266139984
0,100,6,9,0,0.32778191566467285,4.717157266139984
0,100,6,8,0,0.32778191566467285,4.717157266139984
0,100,6,8,0,0.32778191566467285,4.717157266139984
0,100,5,8,0,0.32778191566467285,4.717157266139984
0,100,5,6,0,0.32778191566467285,4.717157266139984
0,100,6,16,0,0.32778191566467285,4.717157266139984
0,100,6,9,0,0.32778191566467285,4.717157266139984
0,100,5,3,0,0.32778191566467285,4.717157266139984
0,100,6,10,0,0.32778191566467285,4.717157266139984
0,100,6,12,0,0.32778191566467285,4.717157266139984
0,100,6,9,0,0.32778191566467285,4.717157266139984
0,100,5,5,0,0.32778191566467285,4.717157266139984
0,100,5,2,0,0.32778191566467285,4.717157266139984
0,100,5,4,0,0.32778191566467285,4.717157266139984
0,100,6,9,0,0.32778191566467285,4.717157266139984
0,100,6,8,0,0.32778191566467285,4.717157266139984
0,100,6,5,0,0.32778191566467285,4.717157266139984
0,100,5,6,0,0.32778191566467285,4.717157266139984
0,100,6,9,0,0.32778191566467285,4.717157266139984
0,100,5,6,0,0.32778191566467285,4.717157266139984
0,100,6,12,0,0.32778191566467285,4.717157266139984
0,100,5,5,0,0.32778191566467285,4.717157266139984
0,100,5,6,0,0.32778191566467285,4.717157266139984
0,100,6,9,0,0.32778191566467285,4.717157266139984
0,100,5,6,0,0.32778191566467285,4.717157266139984
0,100,6,10,0,0.32778191566467285,4.717157266139984
0,100,5,4,0,0.32778191566467285,4.717157266139984
0,100,6,9,0,0.32778191566467285,4.717157266139984
0,100,6,9,0,0.32778191566467285,4.717157266139984
0,100,6,13,0,0.32778191566467285,4.717157266139984
0,100,6,10,0,0.32778191566467285,4.717157266139984
0,100,5,5,0,0.32778191566467285,4.717157266139984
0,100,6,11,0,0.32778191566467285,4.717157266139984
0,100,5,3,0,0.32778191566467285,4.717157266139984
0,100,6,11,0,0.32778191566467285,4.717157266139984
0,100,5,7,0,0.32778191566467285,4.717157266139984
0,100,5,10,0,0.32778191566467285,4.717157266139984
0,100,6,13,0,0.32778191566467285,4.717157266139984
0,100,5,5,0,0.32778191566467285,4.717157266139984
0,100,5,4,0,0.32778191566467285,4.717157266139984
0,100,6,10,0,0.32778191566467285,4.717157266139984
0,100,6,9,0,0.32778191566467285,4.717157266139984
0,100,6,14,0,0.32778191566467285,4.717157266139984
0,100,5,5,0,0.32778191566467285,4.717157266139984
0,100,6,8,0,0.32778191566467285,4.717157266139984
0,100,5,0,0,0.32778191566467285,4.717157266139984
0,100,5,4,0,0.32778191566467285,4.717157266139984
0,100,5,9,0,0.32778191566467285,4.717157266139984
0,100,6,12,0,0.32778191566467285,4.717157266139984
0,100,6,9,0,0.32778191566467285,4.717157266139984
0,100,6,7,0,0.32778191566467285,4.717157266139984
0,100,6,13,0,0.32778191566467285,4.717157266139984
0,100,6,8,0,0.32778191566467285,4.717157266139984
0,100,6,9,0,0.32778191566467285,4.717157266139984
0,100,6,9,0,0.32778191566467285,4.717157266139984
Total DB Queries This Round: 19046
1,100,9,2,0,0.7213582992553711,5.148515470027924
1,100,5,0,0,0.7213582992553711,5.148515470027924
1,100,9,2,0,0.7213582992553711,5.148515470027924
1,100,9,1,0,0.7213582992553711,5.148515470027924
1,100,5,1,0,0.7213582992553711,5.148515470027924
1,100,9,1,0,0.7213582992553711,5.148515470027924
1,100,9,0,0,0.7213582992553711,5.148515470027924
1,100,5,2,0,0.7213582992553711,5.148515470027924
1,100,9,3,0,0.7213582992553711,5.148515470027924
1,100,9,0,0,0.7213582992553711,5.148515470027924
1,100,9,1,0,0.7213582992553711,5.148515470027924
1,100,11,0,2,0.7213582992553711,5.148515470027924
1,100,9,0,0,0.7213582992553711,5.148515470027924
1,100,5,1,0,0.7213582992553711,5.148515470027924
1,100,7,0,2,0.7213582992553711,5.148515470027924
1,100,9,0,0,0.7213582992553711,5.148515470027924
1,100,5,1,0,0.7213582992553711,5.148515470027924
1,100,5,1,0,0.7213582992553711,5.148515470027924
1,100,5,1,0,0.7213582992553711,5.148515470027924
1,100,10,0,1,0.7213582992553711,5.148515470027924
1,100,5,1,0,0.7213582992553711,5.148515470027924
1,100,5,2,0,0.7213582992553711,5.148515470027924
1,100,7,0,2,0.7213582992553711,5.148515470027924
1,100,9,0,0,0.7213582992553711,5.148515470027924
1,100,9,1,0,0.7213582992553711,5.148515470027924
1,100,7,0,2,0.7213582992553711,5.148515470027924
1,100,9,1,0,0.7213582992553711,5.148515470027924
1,100,5,1,0,0.7213582992553711,5.148515470027924
1,100,6,0,1,0.7213582992553711,5.148515470027924
1,100,5,1,0,0.7213582992553711,5.148515470027924
1,100,5,3,0,0.7213582992553711,5.148515470027924
1,100,7,0,2,0.7213582992553711,5.148515470027924
1,100,11,0,2,0.7213582992553711,5.148515470027924
1,100,5,1,0,0.7213582992553711,5.148515470027924
1,100,5,4,0,0.7213582992553711,5.148515470027924
1,100,9,0,0,0.7213582992553711,5.148515470027924
1,100,12,0,3,0.7213582992553711,5.148515470027924
1,100,10,0,1,0.7213582992553711,5.148515470027924
1,100,9,0,0,0.7213582992553711,5.148515470027924
1,100,7,0,2,0.7213582992553711,5.148515470027924
1,100,9,1,0,0.7213582992553711,5.148515470027924
1,100,9,0,0,0.7213582992553711,5.148515470027924
1,100,9,1,0,0.7213582992553711,5.148515470027924
1,100,5,1,0,0.7213582992553711,5.148515470027924
1,100,5,0,0,0.7213582992553711,5.148515470027924
1,100,9,2,0,0.7213582992553711,5.148515470027924
1,100,5,1,0,0.7213582992553711,5.148515470027924
1,100,10,0,1,0.7213582992553711,5.148515470027924
1,100,5,1,0,0.7213582992553711,5.148515470027924
1,100,5,1,0,0.7213582992553711,5.148515470027924
1,100,7,0,2,0.7213582992553711,5.148515470027924
1,100,7,0,2,0.7213582992553711,5.148515470027924
1,100,9,1,0,0.7213582992553711,5.148515470027924
1,100,5,1,0,0.7213582992553711,5.148515470027924
1,100,6,0,1,0.7213582992553711,5.148515470027924
1,100,9,1,0,0.7213582992553711,5.148515470027924
1,100,13,0,4,0.7213582992553711,5.148515470027924
1,100,5,1,0,0.7213582992553711,5.148515470027924
1,100,9,2,0,0.7213582992553711,5.148515470027924
1,100,5,2,0,0.7213582992553711,5.148515470027924
1,100,5,1,0,0.7213582992553711,5.148515470027924
1,100,5,0,0,0.7213582992553711,5.148515470027924
1,100,9,0,0,0.7213582992553711,5.148515470027924
1,100,9,3,0,0.7213582992553711,5.148515470027924
1,100,10,0,1,0.7213582992553711,5.148515470027924
1,100,9,1,0,0.7213582992553711,5.148515470027924
1,100,5,1,0,0.7213582992553711,5.148515470027924
1,100,10,0,1,0.7213582992553711,5.148515470027924
1,100,9,3,0,0.7213582992553711,5.148515470027924
1,100,9,2,0,0.7213582992553711,5.148515470027924
1,100,7,0,2,0.7213582992553711,5.148515470027924
1,100,9,2,0,0.7213582992553711,5.148515470027924
1,100,9,3,0,0.7213582992553711,5.148515470027924
1,100,9,1,0,0.7213582992553711,5.148515470027924
1,100,5,1,0,0.7213582992553711,5.148515470027924
1,100,9,0,0,0.7213582992553711,5.148515470027924
1,100,9,6,0,0.7213582992553711,5.148515470027924
1,100,7,0,2,0.7213582992553711,5.148515470027924
1,100,9,2,0,0.7213582992553711,5.148515470027924
1,100,9,0,0,0.7213582992553711,5.148515470027924
1,100,6,0,1,0.7213582992553711,5.148515470027924
1,100,10,0,1,0.7213582992553711,5.148515470027924
1,100,9,0,4,0.7213582992553711,5.148515470027924
1,100,5,1,0,0.7213582992553711,5.148515470027924
1,100,13,0,4,0.7213582992553711,5.148515470027924
1,100,10,0,1,0.7213582992553711,5.148515470027924
1,100,5,1,0,0.7213582992553711,5.148515470027924
1,100,10,0,1,0.7213582992553711,5.148515470027924
1,100,11,0,2,0.7213582992553711,5.148515470027924
1,100,9,0,0,0.7213582992553711,5.148515470027924
1,100,7,0,2,0.7213582992553711,5.148515470027924
1,100,9,2,0,0.7213582992553711,5.148515470027924
1,100,5,0,0,0.7213582992553711,5.148515470027924
1,100,9,0,0,0.7213582992553711,5.148515470027924
1,100,5,1,0,0.7213582992553711,5.148515470027924
1,100,6,0,1,0.7213582992553711,5.148515470027924
1,100,6,0,1,0.7213582992553711,5.148515470027924
1,100,9,1,0,0.7213582992553711,5.148515470027924
1,100,5,0,0,0.7213582992553711,5.148515470027924
1,100,10,0,1,0.7213582992553711,5.148515470027924
0,100,5,2,0,0.7213582992553711,5.148515470027924
0,100,9,7,0,0.7213582992553711,5.148515470027924
0,100,5,3,0,0.7213582992553711,5.148515470027924
0,100,5,5,0,0.7213582992553711,5.148515470027924
0,100,9,7,0,0.7213582992553711,5.148515470027924
0,100,5,3,0,0.7213582992553711,5.148515470027924
0,100,9,7,0,0.7213582992553711,5.148515470027924
0,100,5,6,0,0.7213582992553711,5.148515470027924
0,100,5,2,0,0.7213582992553711,5.148515470027924
0,100,9,11,0,0.7213582992553711,5.148515470027924
0,100,5,3,0,0.7213582992553711,5.148515470027924
0,100,9,8,0,0.7213582992553711,5.148515470027924
0,100,9,8,0,0.7213582992553711,5.148515470027924
0,100,9,7,0,0.7213582992553711,5.148515470027924
0,100,5,4,0,0.7213582992553711,5.148515470027924
0,100,5,6,0,0.7213582992553711,5.148515470027924
0,100,9,6,0,0.7213582992553711,5.148515470027924
0,100,5,6,0,0.7213582992553711,5.148515470027924
0,100,5,2,0,0.7213582992553711,5.148515470027924
0,100,5,2,0,0.7213582992553711,5.148515470027924
0,100,9,9,0,0.7213582992553711,5.148515470027924
0,100,5,5,0,0.7213582992553711,5.148515470027924
0,100,9,7,0,0.7213582992553711,5.148515470027924
0,100,5,7,0,0.7213582992553711,5.148515470027924
0,100,5,3,0,0.7213582992553711,5.148515470027924
0,100,9,6,0,0.7213582992553711,5.148515470027924
0,100,9,7,0,0.7213582992553711,5.148515470027924
0,100,9,7,0,0.7213582992553711,5.148515470027924
0,100,5,4,0,0.7213582992553711,5.148515470027924
0,100,9,9,0,0.7213582992553711,5.148515470027924
0,100,5,8,0,0.7213582992553711,5.148515470027924
0,100,5,5,0,0.7213582992553711,5.148515470027924
0,100,9,6,0,0.7213582992553711,5.148515470027924
0,100,5,5,0,0.7213582992553711,5.148515470027924
0,100,9,10,0,0.7213582992553711,5.148515470027924
0,100,9,6,0,0.7213582992553711,5.148515470027924
0,100,5,5,0,0.7213582992553711,5.148515470027924
0,100,5,3,0,0.7213582992553711,5.148515470027924
0,100,5,2,0,0.7213582992553711,5.148515470027924
0,100,9,8,0,0.7213582992553711,5.148515470027924
0,100,9,10,0,0.7213582992553711,5.148515470027924
0,100,5,6,0,0.7213582992553711,5.148515470027924
0,100,9,8,0,0.7213582992553711,5.148515470027924
0,100,9,8,0,0.7213582992553711,5.148515470027924
0,100,5,6,0,0.7213582992553711,5.148515470027924
0,100,5,3,0,0.7213582992553711,5.148515470027924
0,100,9,9,0,0.7213582992553711,5.148515470027924
0,100,5,7,0,0.7213582992553711,5.148515470027924
0,100,5,5,0,0.7213582992553711,5.148515470027924
0,100,5,2,0,0.7213582992553711,5.148515470027924
0,100,9,8,0,0.7213582992553711,5.148515470027924
0,100,5,1,0,0.7213582992553711,5.148515470027924
0,100,9,8,0,0.7213582992553711,5.148515470027924
0,100,9,6,0,0.7213582992553711,5.148515470027924
0,100,9,8,0,0.7213582992553711,5.148515470027924
0,100,5,2,0,0.7213582992553711,5.148515470027924
0,100,5,3,0,0.7213582992553711,5.148515470027924
0,100,5,6,0,0.7213582992553711,5.148515470027924
0,100,5,4,0,0.7213582992553711,5.148515470027924
0,100,9,7,0,0.7213582992553711,5.148515470027924
0,100,5,5,0,0.7213582992553711,5.148515470027924
0,100,5,5,0,0.7213582992553711,5.148515470027924
0,100,9,8,0,0.7213582992553711,5.148515470027924
0,100,5,7,0,0.7213582992553711,5.148515470027924
0,100,9,7,0,0.7213582992553711,5.148515470027924
0,100,5,3,0,0.7213582992553711,5.148515470027924
0,100,5,3,0,0.7213582992553711,5.148515470027924
0,100,5,5,0,0.7213582992553711,5.148515470027924
0,100,5,3,0,0.7213582992553711,5.148515470027924
0,100,5,4,0,0.7213582992553711,5.148515470027924
0,100,5,4,0,0.7213582992553711,5.148515470027924
0,100,9,9,0,0.7213582992553711,5.148515470027924
0,100,9,9,0,0.7213582992553711,5.148515470027924
0,100,9,8,0,0.7213582992553711,5.148515470027924
0,100,9,9,0,0.7213582992553711,5.148515470027924
0,100,5,4,0,0.7213582992553711,5.148515470027924
0,100,5,2,0,0.7213582992553711,5.148515470027924
0,100,5,5,0,0.7213582992553711,5.148515470027924
0,100,9,6,0,0.7213582992553711,5.148515470027924
0,100,5,3,0,0.7213582992553711,5.148515470027924
0,100,5,6,0,0.7213582992553711,5.148515470027924
0,100,5,4,0,0.7213582992553711,5.148515470027924
0,100,5,5,0,0.7213582992553711,5.148515470027924
0,100,5,3,0,0.7213582992553711,5.148515470027924
0,100,9,8,0,0.7213582992553711,5.148515470027924
0,100,9,10,0,0.7213582992553711,5.148515470027924
0,100,5,4,0,0.7213582992553711,5.148515470027924
0,100,5,5,0,0.7213582992553711,5.148515470027924
0,100,9,8,0,0.7213582992553711,5.148515470027924
0,100,5,6,0,0.7213582992553711,5.148515470027924
0,100,5,5,0,0.7213582992553711,5.148515470027924
0,100,5,6,0,0.7213582992553711,5.148515470027924
0,100,9,12,0,0.7213582992553711,5.148515470027924
0,100,9,8,0,0.7213582992553711,5.148515470027924
0,100,9,7,0,0.7213582992553711,5.148515470027924
0,100,9,9,0,0.7213582992553711,5.148515470027924
0,100,9,6,0,0.7213582992553711,5.148515470027924
0,100,9,6,0,0.7213582992553711,5.148515470027924
0,100,9,10,0,0.7213582992553711,5.148515470027924
0,100,9,8,0,0.7213582992553711,5.148515470027924
Total DB Queries This Round: 21101
1,100,5,0,0,0.8988401889801025,5.224556155204773
1,100,5,1,0,0.8988401889801025,5.224556155204773
1,100,5,2,0,0.8988401889801025,5.224556155204773
1,100,5,1,0,0.8988401889801025,5.224556155204773
1,100,5,1,0,0.8988401889801025,5.224556155204773
1,100,5,0,0,0.8988401889801025,5.224556155204773
1,100,5,1,0,0.8988401889801025,5.224556155204773
1,100,5,1,0,0.8988401889801025,5.224556155204773
1,100,7,0,2,0.8988401889801025,5.224556155204773
1,100,5,4,0,0.8988401889801025,5.224556155204773
1,100,5,1,0,0.8988401889801025,5.224556155204773
1,100,6,0,1,0.8988401889801025,5.224556155204773
1,100,6,0,1,0.8988401889801025,5.224556155204773
1,100,5,2,0,0.8988401889801025,5.224556155204773
1,100,5,1,0,0.8988401889801025,5.224556155204773
1,100,7,0,2,0.8988401889801025,5.224556155204773
1,100,6,0,1,0.8988401889801025,5.224556155204773
1,100,5,3,0,0.8988401889801025,5.224556155204773
1,100,5,0,0,0.8988401889801025,5.224556155204773
1,100,5,0,0,0.8988401889801025,5.224556155204773
1,100,5,0,0,0.8988401889801025,5.224556155204773
1,100,5,2,0,0.8988401889801025,5.224556155204773
1,100,7,0,2,0.8988401889801025,5.224556155204773
1,100,7,0,2,0.8988401889801025,5.224556155204773
1,100,8,0,3,0.8988401889801025,5.224556155204773
1,100,7,0,2,0.8988401889801025,5.224556155204773
1,100,5,1,0,0.8988401889801025,5.224556155204773
1,100,5,1,0,0.8988401889801025,5.224556155204773
1,100,5,3,0,0.8988401889801025,5.224556155204773
1,100,6,0,1,0.8988401889801025,5.224556155204773
1,100,6,0,1,0.8988401889801025,5.224556155204773
1,100,10,0,5,0.8988401889801025,5.224556155204773
1,100,5,0,0,0.8988401889801025,5.224556155204773
1,100,5,0,0,0.8988401889801025,5.224556155204773
1,100,6,0,1,0.8988401889801025,5.224556155204773
1,100,5,1,0,0.8988401889801025,5.224556155204773
1,100,7,0,2,0.8988401889801025,5.224556155204773
1,100,9,0,4,0.8988401889801025,5.224556155204773
1,100,6,0,1,0.8988401889801025,5.224556155204773
1,100,5,1,0,0.8988401889801025,5.224556155204773
1,100,6,0,1,0.8988401889801025,5.224556155204773
1,100,5,0,0,0.8988401889801025,5.224556155204773
1,100,5,0,0,0.8988401889801025,5.224556155204773
1,100,5,0,0,0.8988401889801025,5.224556155204773
1,100,6,0,1,0.8988401889801025,5.224556155204773
1,100,6,0,1,0.8988401889801025,5.224556155204773
1,100,7,0,2,0.8988401889801025,5.224556155204773
1,100,7,0,2,0.8988401889801025,5.224556155204773
1,100,5,1,0,0.8988401889801025,5.224556155204773
1,100,7,0,2,0.8988401889801025,5.224556155204773
1,100,5,0,0,0.8988401889801025,5.224556155204773
1,100,5,1,0,0.8988401889801025,5.224556155204773
1,100,6,0,1,0.8988401889801025,5.224556155204773
1,100,5,0,0,0.8988401889801025,5.224556155204773
1,100,6,0,1,0.8988401889801025,5.224556155204773
1,100,6,0,1,0.8988401889801025,5.224556155204773
1,100,5,0,0,0.8988401889801025,5.224556155204773
1,100,5,1,0,0.8988401889801025,5.224556155204773
1,100,6,0,1,0.8988401889801025,5.224556155204773
1,100,6,0,1,0.8988401889801025,5.224556155204773
1,100,5,0,0,0.8988401889801025,5.224556155204773
1,100,9,0,4,0.8988401889801025,5.224556155204773
1,100,5,2,0,0.8988401889801025,5.224556155204773
1,100,5,0,0,0.8988401889801025,5.224556155204773
1,100,5,0,0,0.8988401889801025,5.224556155204773
1,100,6,0,1,0.8988401889801025,5.224556155204773
1,100,8,0,3,0.8988401889801025,5.224556155204773
1,100,5,0,0,0.8988401889801025,5.224556155204773
1,100,5,0,0,0.8988401889801025,5.224556155204773
1,100,5,1,0,0.8988401889801025,5.224556155204773
1,100,5,0,0,0.8988401889801025,5.224556155204773
1,100,5,0,0,0.8988401889801025,5.224556155204773
1,100,10,0,5,0.8988401889801025,5.224556155204773
1,100,7,0,2,0.8988401889801025,5.224556155204773
1,100,6,0,1,0.8988401889801025,5.224556155204773
1,100,5,2,0,0.8988401889801025,5.224556155204773
1,100,5,0,0,0.8988401889801025,5.224556155204773
1,100,8,0,3,0.8988401889801025,5.224556155204773
1,100,6,0,1,0.8988401889801025,5.224556155204773
1,100,6,0,1,0.8988401889801025,5.224556155204773
1,100,9,0,4,0.8988401889801025,5.224556155204773
1,100,5,2,0,0.8988401889801025,5.224556155204773
1,100,5,1,0,0.8988401889801025,5.224556155204773
1,100,7,0,2,0.8988401889801025,5.224556155204773
1,100,8,0,3,0.8988401889801025,5.224556155204773
1,100,6,0,1,0.8988401889801025,5.224556155204773
1,100,5,0,0,0.8988401889801025,5.224556155204773
1,100,8,0,3,0.8988401889801025,5.224556155204773
1,100,5,1,0,0.8988401889801025,5.224556155204773
1,100,5,0,0,0.8988401889801025,5.224556155204773
1,100,5,1,0,0.8988401889801025,5.224556155204773
1,100,5,0,0,0.8988401889801025,5.224556155204773
1,100,6,0,1,0.8988401889801025,5.224556155204773
1,100,7,0,2,0.8988401889801025,5.224556155204773
1,100,7,0,2,0.8988401889801025,5.224556155204773
1,100,9,0,4,0.8988401889801025,5.224556155204773
1,100,6,0,1,0.8988401889801025,5.224556155204773
1,100,6,0,1,0.8988401889801025,5.224556155204773
1,100,9,0,4,0.8988401889801025,5.224556155204773
1,100,5,0,0,0.8988401889801025,5.224556155204773
0,100,5,4,0,0.8988401889801025,5.224556155204773
0,100,5,4,0,0.8988401889801025,5.224556155204773
0,100,5,3,0,0.8988401889801025,5.224556155204773
0,100,5,3,0,0.8988401889801025,5.224556155204773
0,100,5,4,0,0.8988401889801025,5.224556155204773
0,100,5,6,0,0.8988401889801025,5.224556155204773
0,100,5,3,0,0.8988401889801025,5.224556155204773
0,100,5,6,0,0.8988401889801025,5.224556155204773
0,100,5,6,0,0.8988401889801025,5.224556155204773
0,100,5,1,0,0.8988401889801025,5.224556155204773
0,100,5,4,0,0.8988401889801025,5.224556155204773
0,100,5,7,0,0.8988401889801025,5.224556155204773
0,100,5,4,0,0.8988401889801025,5.224556155204773
0,100,5,3,0,0.8988401889801025,5.224556155204773
0,100,5,2,0,0.8988401889801025,5.224556155204773
0,100,5,3,0,0.8988401889801025,5.224556155204773
0,100,5,7,0,0.8988401889801025,5.224556155204773
0,100,5,2,0,0.8988401889801025,5.224556155204773
0,100,5,4,0,0.8988401889801025,5.224556155204773
0,100,5,5,0,0.8988401889801025,5.224556155204773
0,100,5,3,0,0.8988401889801025,5.224556155204773
0,100,5,1,0,0.8988401889801025,5.224556155204773
0,100,5,4,0,0.8988401889801025,5.224556155204773
0,100,5,2,0,0.8988401889801025,5.224556155204773
0,100,5,4,0,0.8988401889801025,5.224556155204773
0,100,5,3,0,0.8988401889801025,5.224556155204773
0,100,5,3,0,0.8988401889801025,5.224556155204773
0,100,5,5,0,0.8988401889801025,5.224556155204773
0,100,5,3,0,0.8988401889801025,5.224556155204773
0,100,5,3,0,0.8988401889801025,5.224556155204773
0,100,5,4,0,0.8988401889801025,5.224556155204773
0,100,5,5,0,0.8988401889801025,5.224556155204773
0,100,5,4,0,0.8988401889801025,5.224556155204773
0,100,5,4,0,0.8988401889801025,5.224556155204773
0,100,5,4,0,0.8988401889801025,5.224556155204773
0,100,5,7,0,0.8988401889801025,5.224556155204773
0,100,5,8,0,0.8988401889801025,5.224556155204773
0,100,5,6,0,0.8988401889801025,5.224556155204773
0,100,5,4,0,0.8988401889801025,5.224556155204773
0,100,5,2,0,0.8988401889801025,5.224556155204773
0,100,5,9,0,0.8988401889801025,5.224556155204773
0,100,5,6,0,0.8988401889801025,5.224556155204773
0,100,5,7,0,0.8988401889801025,5.224556155204773
0,100,5,7,0,0.8988401889801025,5.224556155204773
0,100,5,6,0,0.8988401889801025,5.224556155204773
0,100,5,5,0,0.8988401889801025,5.224556155204773
0,100,5,6,0,0.8988401889801025,5.224556155204773
0,100,5,2,0,0.8988401889801025,5.224556155204773
0,100,5,5,0,0.8988401889801025,5.224556155204773
0,100,5,6,0,0.8988401889801025,5.224556155204773
0,100,5,2,0,0.8988401889801025,5.224556155204773
0,100,5,3,0,0.8988401889801025,5.224556155204773
0,100,5,6,0,0.8988401889801025,5.224556155204773
0,100,5,7,0,0.8988401889801025,5.224556155204773
0,100,5,5,0,0.8988401889801025,5.224556155204773
0,100,5,3,0,0.8988401889801025,5.224556155204773
0,100,5,2,0,0.8988401889801025,5.224556155204773
0,100,5,6,0,0.8988401889801025,5.224556155204773
0,100,5,5,0,0.8988401889801025,5.224556155204773
0,100,5,5,0,0.8988401889801025,5.224556155204773
0,100,5,1,0,0.8988401889801025,5.224556155204773
0,100,5,7,0,0.8988401889801025,5.224556155204773
0,100,5,6,0,0.8988401889801025,5.224556155204773
0,100,5,7,0,0.8988401889801025,5.224556155204773
0,100,5,6,0,0.8988401889801025,5.224556155204773
0,100,5,2,0,0.8988401889801025,5.224556155204773
0,100,5,8,0,0.8988401889801025,5.224556155204773
0,100,5,3,0,0.8988401889801025,5.224556155204773
0,100,5,9,0,0.8988401889801025,5.224556155204773
0,100,5,7,0,0.8988401889801025,5.224556155204773
0,100,5,4,0,0.8988401889801025,5.224556155204773
0,100,5,7,0,0.8988401889801025,5.224556155204773
0,100,5,3,0,0.8988401889801025,5.224556155204773
0,100,5,7,0,0.8988401889801025,5.224556155204773
0,100,5,5,0,0.8988401889801025,5.224556155204773
0,100,5,6,0,0.8988401889801025,5.224556155204773
0,100,5,5,0,0.8988401889801025,5.224556155204773
0,100,5,3,0,0.8988401889801025,5.224556155204773
0,100,5,4,0,0.8988401889801025,5.224556155204773
0,100,5,5,0,0.8988401889801025,5.224556155204773
0,100,5,6,0,0.8988401889801025,5.224556155204773
0,100,5,7,0,0.8988401889801025,5.224556155204773
0,100,5,4,0,0.8988401889801025,5.224556155204773
0,100,5,6,0,0.8988401889801025,5.224556155204773
0,100,5,8,0,0.8988401889801025,5.224556155204773
0,100,5,7,0,0.8988401889801025,5.224556155204773
0,100,5,4,0,0.8988401889801025,5.224556155204773
0,100,5,7,0,0.8988401889801025,5.224556155204773
0,100,5,3,0,0.8988401889801025,5.224556155204773
0,100,5,7,0,0.8988401889801025,5.224556155204773
0,100,5,6,0,0.8988401889801025,5.224556155204773
0,100,5,7,0,0.8988401889801025,5.224556155204773
0,100,5,4,0,0.8988401889801025,5.224556155204773
0,100,5,5,0,0.8988401889801025,5.224556155204773
0,100,5,7,0,0.8988401889801025,5.224556155204773
0,100,5,5,0,0.8988401889801025,5.224556155204773
0,100,5,7,0,0.8988401889801025,5.224556155204773
0,100,5,6,0,0.8988401889801025,5.224556155204773
0,100,5,6,0,0.8988401889801025,5.224556155204773
0,100,5,2,0,0.8988401889801025,5.224556155204773
Total DB Queries This Round: 21601
1,100,9,2,0,0.3660902976989746,5.032736246585846
1,100,9,3,0,0.3660902976989746,5.032736246585846
1,100,10,3,0,0.3660902976989746,5.032736246585846
1,100,9,5,0,0.3660902976989746,5.032736246585846
1,100,9,0,0,0.3660902976989746,5.032736246585846
1,100,10,2,0,0.3660902976989746,5.032736246585846
1,100,10,0,1,0.3660902976989746,5.032736246585846
1,100,11,0,2,0.3660902976989746,5.032736246585846
1,100,9,2,0,0.3660902976989746,5.032736246585846
1,100,11,0,2,0.3660902976989746,5.032736246585846
1,100,11,0,2,0.3660902976989746,5.032736246585846
1,100,10,2,0,0.3660902976989746,5.032736246585846
1,100,9,1,0,0.3660902976989746,5.032736246585846
1,100,9,6,0,0.3660902976989746,5.032736246585846
1,100,10,2,0,0.3660902976989746,5.032736246585846
1,100,10,1,0,0.3660902976989746,5.032736246585846
1,100,10,3,0,0.3660902976989746,5.032736246585846
1,100,9,3,0,0.3660902976989746,5.032736246585846
1,100,10,1,0,0.3660902976989746,5.032736246585846
1,100,12,0,2,0.3660902976989746,5.032736246585846
1,100,9,8,0,0.3660902976989746,5.032736246585846
1,100,11,0,2,0.3660902976989746,5.032736246585846
1,100,10,0,1,0.3660902976989746,5.032736246585846
1,100,9,0,0,0.3660902976989746,5.032736246585846
1,100,12,0,3,0.3660902976989746,5.032736246585846
1,100,10,3,0,0.3660902976989746,5.032736246585846
1,100,9,2,0,0.3660902976989746,5.032736246585846
1,100,10,0,0,0.3660902976989746,5.032736246585846
1,100,11,0,1,0.3660902976989746,5.032736246585846
1,100,10,1,0,0.3660902976989746,5.032736246585846
1,100,9,1,0,0.3660902976989746,5.032736246585846
1,100,10,2,0,0.3660902976989746,5.032736246585846
1,100,10,2,0,0.3660902976989746,5.032736246585846
1,100,10,0,1,0.3660902976989746,5.032736246585846
1,100,9,1,0,0.3660902976989746,5.032736246585846
1,100,9,0,0,0.3660902976989746,5.032736246585846
1,100,9,1,0,0.3660902976989746,5.032736246585846
1,100,10,0,0,0.3660902976989746,5.032736246585846
1,100,9,1,0,0.3660902976989746,5.032736246585846
1,100,9,0,0,0.3660902976989746,5.032736246585846
1,100,10,0,1,0.3660902976989746,5.032736246585846
1,100,10,1,0,0.3660902976989746,5.032736246585846
1,100,10,0,0,0.3660902976989746,5.032736246585846
1,100,9,0,0,0.3660902976989746,5.032736246585846
1,100,17,0,7,0.3660902976989746,5.032736246585846
1,100,12,0,3,0.3660902976989746,5.032736246585846
1,100,13,0,3,0.3660902976989746,5.032736246585846
1,100,10,3,0,0.3660902976989746,5.032736246585846
1,100,13,0,3,0.3660902976989746,5.032736246585846
1,100,12,0,2,0.3660902976989746,5.032736246585846
1,100,9,1,0,0.3660902976989746,5.032736246585846
1,100,11,0,1,0.3660902976989746,5.032736246585846
1,100,14,0,4,0.3660902976989746,5.032736246585846
1,100,9,3,0,0.3660902976989746,5.032736246585846
1,100,13,0,4,0.3660902976989746,5.032736246585846
1,100,10,2,0,0.3660902976989746,5.032736246585846
1,100,9,0,0,0.3660902976989746,5.032736246585846
1,100,11,0,1,0.3660902976989746,5.032736246585846
1,100,12,0,2,0.3660902976989746,5.032736246585846
1,100,11,0,1,0.3660902976989746,5.032736246585846
1,100,9,1,0,0.3660902976989746,5.032736246585846
1,100,9,2,0,0.3660902976989746,5.032736246585846
1,100,12,0,3,0.3660902976989746,5.032736246585846
1,100,11,0,2,0.3660902976989746,5.032736246585846
1,100,14,0,4,0.3660902976989746,5.032736246585846
1,100,16,0,7,0.3660902976989746,5.032736246585846
1,100,9,0,0,0.3660902976989746,5.032736246585846
1,100,11,0,2,0.3660902976989746,5.032736246585846
1,100,10,0,1,0.3660902976989746,5.032736246585846
1,100,13,0,4,0.3660902976989746,5.032736246585846
1,100,9,0,0,0.3660902976989746,5.032736246585846
1,100,11,0,2,0.3660902976989746,5.032736246585846
1,100,14,0,4,0.3660902976989746,5.032736246585846
1,100,11,0,2,0.3660902976989746,5.032736246585846
1,100,10,0,1,0.3660902976989746,5.032736246585846
1,100,9,1,0,0.3660902976989746,5.032736246585846
1,100,10,0,1,0.3660902976989746,5.032736246585846
1,100,10,0,1,0.3660902976989746,5.032736246585846
1,100,14,0,4,0.3660902976989746,5.032736246585846
1,100,13,0,4,0.3660902976989746,5.032736246585846
1,100,12,0,3,0.3660902976989746,5.032736246585846
1,100,13,0,3,0.3660902976989746,5.032736246585846
1,100,12,0,3,0.3660902976989746,5.032736246585846
1,100,10,0,1,0.3660902976989746,5.032736246585846
1,100,11,0,1,0.3660902976989746,5.032736246585846
1,100,11,0,2,0.3660902976989746,5.032736246585846
1,100,11,0,2,0.3660902976989746,5.032736246585846
1,100,9,3,0,0.3660902976989746,5.032736246585846
1,100,10,0,0,0.3660902976989746,5.032736246585846
1,100,10,0,1,0.3660902976989746,5.032736246585846
1,100,13,0,3,0.3660902976989746,5.032736246585846
1,100,10,0,1,0.3660902976989746,5.032736246585846
1,100,11,0,1,0.3660902976989746,5.032736246585846
1,100,11,0,1,0.3660902976989746,5.032736246585846
1,100,9,0,0,0.3660902976989746,5.032736246585846
1,100,10,0,1,0.3660902976989746,5.032736246585846
1,100,14,0,4,0.3660902976989746,5.032736246585846
1,100,13,0,4,0.3660902976989746,5.032736246585846
1,100,16,0,6,0.3660902976989746,5.032736246585846
1,100,9,0,0,0.3660902976989746,5.032736246585846
0,100,10,2,0,0.3660902976989746,5.032736246585846
0,100,10,3,0,0.3660902976989746,5.032736246585846
0,100,9,9,0,0.3660902976989746,5.032736246585846
0,100,9,9,0,0.3660902976989746,5.032736246585846
0,100,9,8,0,0.3660902976989746,5.032736246585846
0,100,10,4,0,0.3660902976989746,5.032736246585846
0,100,9,9,0,0.3660902976989746,5.032736246585846
0,100,9,8,0,0.3660902976989746,5.032736246585846
0,100,10,3,0,0.3660902976989746,5.032736246585846
0,100,9,9,0,0.3660902976989746,5.032736246585846
0,100,9,8,0,0.3660902976989746,5.032736246585846
0,100,9,8,0,0.3660902976989746,5.032736246585846
0,100,10,3,0,0.3660902976989746,5.032736246585846
0,100,10,9,0,0.3660902976989746,5.032736246585846
0,100,9,8,0,0.3660902976989746,5.032736246585846
0,100,9,7,0,0.3660902976989746,5.032736246585846
0,100,10,3,0,0.3660902976989746,5.032736246585846
0,100,10,4,0,0.3660902976989746,5.032736246585846
0,100,9,11,0,0.3660902976989746,5.032736246585846
0,100,10,4,0,0.3660902976989746,5.032736246585846
0,100,9,8,0,0.3660902976989746,5.032736246585846
0,100,9,11,0,0.3660902976989746,5.032736246585846
0,100,10,4,0,0.3660902976989746,5.032736246585846
0,100,9,6,0,0.3660902976989746,5.032736246585846
0,100,9,8,0,0.3660902976989746,5.032736246585846
0,100,9,9,0,0.3660902976989746,5.032736246585846
0,100,10,3,0,0.3660902976989746,5.032736246585846
0,100,9,8,0,0.3660902976989746,5.032736246585846
0,100,10,7,0,0.3660902976989746,5.032736246585846
0,100,10,6,0,0.3660902976989746,5.032736246585846
0,100,9,5,0,0.3660902976989746,5.032736246585846
0,100,9,6,0,0.3660902976989746,5.032736246585846
0,100,9,8,0,0.3660902976989746,5.032736246585846
0,100,9,8,0,0.3660902976989746,5.032736246585846
0,100,10,7,0,0.3660902976989746,5.032736246585846
0,100,9,8,0,0.3660902976989746,5.032736246585846
0,100,9,8,0,0.3660902976989746,5.032736246585846
0,100,9,8,0,0.3660902976989746,5.032736246585846
0,100,9,6,0,0.3660902976989746,5.032736246585846
0,100,10,6,0,0.3660902976989746,5.032736246585846
0,100,9,8,0,0.3660902976989746,5.032736246585846
0,100,9,9,0,0.3660902976989746,5.032736246585846
0,100,9,9,0,0.3660902976989746,5.032736246585846
0,100,9,10,0,0.3660902976989746,5.032736246585846
0,100,9,4,0,0.3660902976989746,5.032736246585846
0,100,10,3,0,0.3660902976989746,5.032736246585846
0,100,10,4,0,0.3660902976989746,5.032736246585846
0,100,9,8,0,0.3660902976989746,5.032736246585846
0,100,9,7,0,0.3660902976989746,5.032736246585846
0,100,10,3,0,0.3660902976989746,5.032736246585846
0,100,9,9,0,0.3660902976989746,5.032736246585846
0,100,9,7,0,0.3660902976989746,5.032736246585846
0,100,9,11,0,0.3660902976989746,5.032736246585846
0,100,10,8,0,0.3660902976989746,5.032736246585846
0,100,10,3,0,0.3660902976989746,5.032736246585846
0,100,10,3,0,0.3660902976989746,5.032736246585846
0,100,9,8,0,0.3660902976989746,5.032736246585846
0,100,9,7,0,0.3660902976989746,5.032736246585846
0,100,9,11,0,0.3660902976989746,5.032736246585846
0,100,10,4,0,0.3660902976989746,5.032736246585846
0,100,9,8,0,0.3660902976989746,5.032736246585846
0,100,10,3,0,0.3660902976989746,5.032736246585846
0,100,9,9,0,0.3660902976989746,5.032736246585846
0,100,10,8,0,0.3660902976989746,5.032736246585846
0,100,10,8,0,0.3660902976989746,5.032736246585846
0,100,9,8,0,0.3660902976989746,5.032736246585846
0,100,10,11,0,0.3660902976989746,5.032736246585846
0,100,9,11,0,0.3660902976989746,5.032736246585846
0,100,10,8,0,0.3660902976989746,5.032736246585846
0,100,9,4,0,0.3660902976989746,5.032736246585846
0,100,9,8,0,0.3660902976989746,5.032736246585846
0,100,9,11,0,0.3660902976989746,5.032736246585846
0,100,9,14,0,0.3660902976989746,5.032736246585846
0,100,10,3,0,0.3660902976989746,5.032736246585846
0,100,9,8,0,0.3660902976989746,5.032736246585846
0,100,10,7,0,0.3660902976989746,5.032736246585846
0,100,9,11,0,0.3660902976989746,5.032736246585846
0,100,10,7,0,0.3660902976989746,5.032736246585846
0,100,10,10,0,0.3660902976989746,5.032736246585846
0,100,9,7,0,0.3660902976989746,5.032736246585846
0,100,10,8,0,0.3660902976989746,5.032736246585846
0,100,10,6,0,0.3660902976989746,5.032736246585846
0,100,9,8,0,0.3660902976989746,5.032736246585846
0,100,9,8,0,0.3660902976989746,5.032736246585846
0,100,9,13,0,0.3660902976989746,5.032736246585846
0,100,10,11,0,0.3660902976989746,5.032736246585846
0,100,9,11,0,0.3660902976989746,5.032736246585846
0,100,10,3,0,0.3660902976989746,5.032736246585846
0,100,10,11,0,0.3660902976989746,5.032736246585846
0,100,10,7,0,0.3660902976989746,5.032736246585846
0,100,9,8,0,0.3660902976989746,5.032736246585846
0,100,9,11,0,0.3660902976989746,5.032736246585846
0,100,9,12,0,0.3660902976989746,5.032736246585846
0,100,9,9,0,0.3660902976989746,5.032736246585846
0,100,9,8,0,0.3660902976989746,5.032736246585846
0,100,9,7,0,0.3660902976989746,5.032736246585846
0,100,9,13,0,0.3660902976989746,5.032736246585846
0,100,9,8,0,0.3660902976989746,5.032736246585846
0,100,9,8,0,0.3660902976989746,5.032736246585846
0,100,10,9,0,0.3660902976989746,5.032736246585846
Total DB Queries This Round: 20555
1,100,12,3,0,0.3786752223968506,4.5942495250701905
1,100,9,0,2,0.3786752223968506,4.5942495250701905
1,100,17,0,5,0.3786752223968506,4.5942495250701905
1,100,11,0,0,0.3786752223968506,4.5942495250701905
1,100,7,0,0,0.3786752223968506,4.5942495250701905
1,100,13,0,1,0.3786752223968506,4.5942495250701905
1,100,16,0,5,0.3786752223968506,4.5942495250701905
1,100,12,1,0,0.3786752223968506,4.5942495250701905
1,100,13,0,2,0.3786752223968506,4.5942495250701905
1,100,14,0,3,0.3786752223968506,4.5942495250701905
1,100,8,0,1,0.3786752223968506,4.5942495250701905
1,100,12,5,0,0.3786752223968506,4.5942495250701905
1,100,14,0,2,0.3786752223968506,4.5942495250701905
1,100,7,1,0,0.3786752223968506,4.5942495250701905
1,100,8,0,1,0.3786752223968506,4.5942495250701905
1,100,7,0,0,0.3786752223968506,4.5942495250701905
1,100,11,0,0,0.3786752223968506,4.5942495250701905
1,100,11,0,4,0.3786752223968506,4.5942495250701905
1,100,8,0,1,0.3786752223968506,4.5942495250701905
1,100,12,5,0,0.3786752223968506,4.5942495250701905
1,100,11,0,0,0.3786752223968506,4.5942495250701905
1,100,13,0,1,0.3786752223968506,4.5942495250701905
1,100,12,5,0,0.3786752223968506,4.5942495250701905
1,100,12,0,1,0.3786752223968506,4.5942495250701905
1,100,9,0,2,0.3786752223968506,4.5942495250701905
1,100,12,4,0,0.3786752223968506,4.5942495250701905
1,100,9,0,2,0.3786752223968506,4.5942495250701905
1,100,10,0,3,0.3786752223968506,4.5942495250701905
1,100,8,0,1,0.3786752223968506,4.5942495250701905
1,100,11,0,0,0.3786752223968506,4.5942495250701905
1,100,7,2,0,0.3786752223968506,4.5942495250701905
1,100,9,0,2,0.3786752223968506,4.5942495250701905
1,100,12,0,0,0.3786752223968506,4.5942495250701905
1,100,12,0,0,0.3786752223968506,4.5942495250701905
1,100,12,0,0,0.3786752223968506,4.5942495250701905
1,100,17,0,6,0.3786752223968506,4.5942495250701905
1,100,9,0,2,0.3786752223968506,4.5942495250701905
1,100,12,1,0,0.3786752223968506,4.5942495250701905
1,100,12,0,0,0.3786752223968506,4.5942495250701905
1,100,12,0,0,0.3786752223968506,4.5942495250701905
1,100,8,0,1,0.3786752223968506,4.5942495250701905
1,100,7,0,0,0.3786752223968506,4.5942495250701905
1,100,14,0,2,0.3786752223968506,4.5942495250701905
1,100,10,0,3,0.3786752223968506,4.5942495250701905
1,100,15,0,4,0.3786752223968506,4.5942495250701905
1,100,11,0,4,0.3786752223968506,4.5942495250701905
1,100,10,0,3,0.3786752223968506,4.5942495250701905
1,100,9,0,2,0.3786752223968506,4.5942495250701905
1,100,11,0,4,0.3786752223968506,4.5942495250701905
1,100,13,0,1,0.3786752223968506,4.5942495250701905
1,100,8,0,1,0.3786752223968506,4.5942495250701905
1,100,7,0,0,0.3786752223968506,4.5942495250701905
1,100,12,0,0,0.3786752223968506,4.5942495250701905
1,100,12,0,1,0.3786752223968506,4.5942495250701905
1,100,9,0,2,0.3786752223968506,4.5942495250701905
1,100,12,0,0,0.3786752223968506,4.5942495250701905
1,100,7,2,0,0.3786752223968506,4.5942495250701905
1,100,8,0,1,0.3786752223968506,4.5942495250701905
1,100,12,0,5,0.3786752223968506,4.5942495250701905
1,100,14,0,3,0.3786752223968506,4.5942495250701905
1,100,15,0,3,0.3786752223968506,4.5942495250701905
1,100,11,1,0,0.3786752223968506,4.5942495250701905
1,100,12,0,0,0.3786752223968506,4.5942495250701905
1,100,10,0,3,0.3786752223968506,4.5942495250701905
1,100,16,0,5,0.3786752223968506,4.5942495250701905
1,100,15,0,3,0.3786752223968506,4.5942495250701905
1,100,14,0,2,0.3786752223968506,4.5942495250701905
1,100,12,4,0,0.3786752223968506,4.5942495250701905
1,100,13,0,2,0.3786752223968506,4.5942495250701905
1,100,12,1,0,0.3786752223968506,4.5942495250701905
1,100,11,0,0,0.3786752223968506,4.5942495250701905
1,100,13,0,6,0.3786752223968506,4.5942495250701905
1,100,15,0,4,0.3786752223968506,4.5942495250701905
1,100,12,2,0,0.3786752223968506,4.5942495250701905
1,100,12,6,0,0.3786752223968506,4.5942495250701905
1,100,11,0,0,0.3786752223968506,4.5942495250701905
1,100,13,0,2,0.3786752223968506,4.5942495250701905
1,100,7,2,0,0.3786752223968506,4.5942495250701905
1,100,13,0,2,0.3786752223968506,4.5942495250701905
1,100,12,5,0,0.3786752223968506,4.5942495250701905
1,100,12,0,5,0.3786752223968506,4.5942495250701905
1,100,13,0,2,0.3786752223968506,4.5942495250701905
1,100,14,0,3,0.3786752223968506,4.5942495250701905
1,100,10,0,3,0.3786752223968506,4.5942495250701905
1,100,12,0,1,0.3786752223968506,4.5942495250701905
1,100,13,0,2,0.3786752223968506,4.5942495250701905
1,100,12,1,0,0.3786752223968506,4.5942495250701905
1,100,12,0,5,0.3786752223968506,4.5942495250701905
1,100,12,0,0,0.3786752223968506,4.5942495250701905
1,100,10,0,3,0.3786752223968506,4.5942495250701905
1,100,14,0,2,0.3786752223968506,4.5942495250701905
1,100,9,0,2,0.3786752223968506,4.5942495250701905
1,100,9,0,2,0.3786752223968506,4.5942495250701905
1,100,12,1,0,0.3786752223968506,4.5942495250701905
1,100,13,0,1,0.3786752223968506,4.5942495250701905
1,100,11,0,4,0.3786752223968506,4.5942495250701905
1,100,16,0,5,0.3786752223968506,4.5942495250701905
1,100,13,0,6,0.3786752223968506,4.5942495250701905
1,100,15,0,3,0.3786752223968506,4.5942495250701905
1,100,18,0,11,0.3786752223968506,4.5942495250701905
0,100,7,0,0,0.3786752223968506,4.5942495250701905
0,100,12,7,0,0.3786752223968506,4.5942495250701905
0,100,12,9,0,0.3786752223968506,4.5942495250701905
0,100,12,7,0,0.3786752223968506,4.5942495250701905
0,100,7,0,0,0.3786752223968506,4.5942495250701905
0,100,12,8,0,0.3786752223968506,4.5942495250701905
0,100,12,8,0,0.3786752223968506,4.5942495250701905
0,100,7,4,0,0.3786752223968506,4.5942495250701905
0,100,12,8,0,0.3786752223968506,4.5942495250701905
0,100,12,9,0,0.3786752223968506,4.5942495250701905
0,100,11,6,0,0.3786752223968506,4.5942495250701905
0,100,7,2,0,0.3786752223968506,4.5942495250701905
0,100,7,3,0,0.3786752223968506,4.5942495250701905
0,100,11,9,0,0.3786752223968506,4.5942495250701905
0,100,12,9,0,0.3786752223968506,4.5942495250701905
0,100,7,3,0,0.3786752223968506,4.5942495250701905
0,100,7,1,0,0.3786752223968506,4.5942495250701905
0,100,11,7,0,0.3786752223968506,4.5942495250701905
0,100,7,5,0,0.3786752223968506,4.5942495250701905
0,100,11,10,0,0.3786752223968506,4.5942495250701905
0,100,12,11,0,0.3786752223968506,4.5942495250701905
0,100,7,4,0,0.3786752223968506,4.5942495250701905
0,100,12,8,0,0.3786752223968506,4.5942495250701905
0,100,11,8,0,0.3786752223968506,4.5942495250701905
0,100,11,10,0,0.3786752223968506,4.5942495250701905
0,100,7,8,0,0.3786752223968506,4.5942495250701905
0,100,12,9,0,0.3786752223968506,4.5942495250701905
0,100,7,5,0,0.3786752223968506,4.5942495250701905
0,100,7,5,0,0.3786752223968506,4.5942495250701905
0,100,12,10,0,0.3786752223968506,4.5942495250701905
0,100,12,8,0,0.3786752223968506,4.5942495250701905
0,100,12,9,0,0.3786752223968506,4.5942495250701905
0,100,12,6,0,0.3786752223968506,4.5942495250701905
0,100,7,6,0,0.3786752223968506,4.5942495250701905
0,100,12,8,0,0.3786752223968506,4.5942495250701905
0,100,12,10,0,0.3786752223968506,4.5942495250701905
0,100,12,8,0,0.3786752223968506,4.5942495250701905
0,100,12,8,0,0.3786752223968506,4.5942495250701905
0,100,7,3,0,0.3786752223968506,4.5942495250701905
0,100,11,8,0,0.3786752223968506,4.5942495250701905
0,100,11,9,0,0.3786752223968506,4.5942495250701905
0,100,12,9,0,0.3786752223968506,4.5942495250701905
0,100,12,10,0,0.3786752223968506,4.5942495250701905
0,100,11,7,0,0.3786752223968506,4.5942495250701905
0,100,7,3,0,0.3786752223968506,4.5942495250701905
0,100,7,1,0,0.3786752223968506,4.5942495250701905
0,100,12,10,0,0.3786752223968506,4.5942495250701905
0,100,12,9,0,0.3786752223968506,4.5942495250701905
0,100,7,3,0,0.3786752223968506,4.5942495250701905
0,100,11,7,0,0.3786752223968506,4.5942495250701905
0,100,12,11,0,0.3786752223968506,4.5942495250701905
0,100,11,9,0,0.3786752223968506,4.5942495250701905
0,100,7,7,0,0.3786752223968506,4.5942495250701905
0,100,7,3,0,0.3786752223968506,4.5942495250701905
0,100,7,3,0,0.3786752223968506,4.5942495250701905
0,100,12,11,0,0.3786752223968506,4.5942495250701905
0,100,12,7,0,0.3786752223968506,4.5942495250701905
0,100,12,9,0,0.3786752223968506,4.5942495250701905
0,100,7,6,0,0.3786752223968506,4.5942495250701905
0,100,12,9,0,0.3786752223968506,4.5942495250701905
0,100,7,2,0,0.3786752223968506,4.5942495250701905
0,100,11,9,0,0.3786752223968506,4.5942495250701905
0,100,7,1,0,0.3786752223968506,4.5942495250701905
0,100,7,0,0,0.3786752223968506,4.5942495250701905
0,100,12,5,0,0.3786752223968506,4.5942495250701905
0,100,7,3,0,0.3786752223968506,4.5942495250701905
0,100,12,11,0,0.3786752223968506,4.5942495250701905
0,100,7,7,0,0.3786752223968506,4.5942495250701905
0,100,12,8,0,0.3786752223968506,4.5942495250701905
0,100,12,8,0,0.3786752223968506,4.5942495250701905
0,100,11,8,0,0.3786752223968506,4.5942495250701905
0,100,12,7,0,0.3786752223968506,4.5942495250701905
0,100,7,6,0,0.3786752223968506,4.5942495250701905
0,100,12,7,0,0.3786752223968506,4.5942495250701905
0,100,7,6,0,0.3786752223968506,4.5942495250701905
0,100,12,9,0,0.3786752223968506,4.5942495250701905
0,100,7,4,0,0.3786752223968506,4.5942495250701905
0,100,7,4,0,0.3786752223968506,4.5942495250701905
0,100,12,6,0,0.3786752223968506,4.5942495250701905
0,100,7,3,0,0.3786752223968506,4.5942495250701905
0,100,7,3,0,0.3786752223968506,4.5942495250701905
0,100,12,11,0,0.3786752223968506,4.5942495250701905
0,100,11,11,0,0.3786752223968506,4.5942495250701905
0,100,12,12,0,0.3786752223968506,4.5942495250701905
0,100,7,4,0,0.3786752223968506,4.5942495250701905
0,100,12,8,0,0.3786752223968506,4.5942495250701905
0,100,7,4,0,0.3786752223968506,4.5942495250701905
0,100,7,4,0,0.3786752223968506,4.5942495250701905
0,100,7,1,0,0.3786752223968506,4.5942495250701905
0,100,12,12,0,0.3786752223968506,4.5942495250701905
0,100,11,5,0,0.3786752223968506,4.5942495250701905
0,100,12,10,0,0.3786752223968506,4.5942495250701905
0,100,12,7,0,0.3786752223968506,4.5942495250701905
0,100,12,10,0,0.3786752223968506,4.5942495250701905
0,100,11,7,0,0.3786752223968506,4.5942495250701905
0,100,11,7,0,0.3786752223968506,4.5942495250701905
0,100,12,11,0,0.3786752223968506,4.5942495250701905
0,100,11,6,0,0.3786752223968506,4.5942495250701905
0,100,7,2,0,0.3786752223968506,4.5942495250701905
0,100,12,9,0,0.3786752223968506,4.5942495250701905
Total DB Queries This Round: 18780
1,100,9,3,0,0.3472456932067871,4.494664614200592
1,100,12,4,0,0.3472456932067871,4.494664614200592
1,100,12,2,0,0.3472456932067871,4.494664614200592
1,100,9,7,0,0.3472456932067871,4.494664614200592
1,100,12,5,0,0.3472456932067871,4.494664614200592
1,100,14,0,2,0.3472456932067871,4.494664614200592
1,100,13,0,1,0.3472456932067871,4.494664614200592
1,100,14,0,2,0.3472456932067871,4.494664614200592
1,100,12,2,0,0.3472456932067871,4.494664614200592
1,100,9,4,0,0.3472456932067871,4.494664614200592
1,100,12,2,0,0.3472456932067871,4.494664614200592
1,100,13,0,1,0.3472456932067871,4.494664614200592
1,100,11,0,2,0.3472456932067871,4.494664614200592
1,100,9,3,0,0.3472456932067871,4.494664614200592
1,100,9,1,0,0.3472456932067871,4.494664614200592
1,100,12,2,0,0.3472456932067871,4.494664614200592
1,100,9,4,0,0.3472456932067871,4.494664614200592
1,100,9,1,0,0.3472456932067871,4.494664614200592
1,100,12,6,0,0.3472456932067871,4.494664614200592
1,100,14,0,2,0.3472456932067871,4.494664614200592
1,100,13,0,1,0.3472456932067871,4.494664614200592
1,100,12,3,0,0.3472456932067871,4.494664614200592
1,100,12,0,0,0.3472456932067871,4.494664614200592
1,100,9,4,0,0.3472456932067871,4.494664614200592
1,100,12,2,0,0.3472456932067871,4.494664614200592
1,100,9,1,0,0.3472456932067871,4.494664614200592
1,100,9,4,0,0.3472456932067871,4.494664614200592
1,100,9,5,0,0.3472456932067871,4.494664614200592
1,100,12,0,0,0.3472456932067871,4.494664614200592
1,100,9,5,0,0.3472456932067871,4.494664614200592
1,100,9,3,0,0.3472456932067871,4.494664614200592
1,100,12,3,0,0.3472456932067871,4.494664614200592
1,100,14,0,2,0.3472456932067871,4.494664614200592
1,100,12,2,0,0.3472456932067871,4.494664614200592
1,100,12,3,0,0.3472456932067871,4.494664614200592
1,100,9,5,0,0.3472456932067871,4.494664614200592
1,100,12,3,0,0.3472456932067871,4.494664614200592
1,100,12,0,0,0.3472456932067871,4.494664614200592
1,100,12,3,0,0.3472456932067871,4.494664614200592
1,100,10,0,1,0.3472456932067871,4.494664614200592
1,100,9,0,0,0.3472456932067871,4.494664614200592
1,100,12,0,0,0.3472456932067871,4.494664614200592
1,100,9,0,0,0.3472456932067871,4.494664614200592
1,100,12,1,0,0.3472456932067871,4.494664614200592
1,100,9,2,0,0.3472456932067871,4.494664614200592
1,100,9,5,0,0.3472456932067871,4.494664614200592
1,100,9,3,0,0.3472456932067871,4.494664614200592
1,100,9,3,0,0.3472456932067871,4.494664614200592
1,100,12,0,0,0.3472456932067871,4.494664614200592
1,100,9,4,0,0.3472456932067871,4.494664614200592
1,100,9,2,0,0.3472456932067871,4.494664614200592
1,100,12,3,0,0.3472456932067871,4.494664614200592
1,100,13,0,1,0.3472456932067871,4.494664614200592
1,100,9,3,0,0.3472456932067871,4.494664614200592
1,100,12,2,0,0.3472456932067871,4.494664614200592
1,100,9,0,0,0.3472456932067871,4.494664614200592
1,100,9,0,0,0.3472456932067871,4.494664614200592
1,100,9,3,0,0.3472456932067871,4.494664614200592
1,100,16,0,4,0.3472456932067871,4.494664614200592
1,100,12,2,0,0.3472456932067871,4.494664614200592
1,100,12,0,0,0.3472456932067871,4.494664614200592
1,100,12,2,0,0.3472456932067871,4.494664614200592
1,100,10,0,1,0.3472456932067871,4.494664614200592
1,100,14,0,2,0.3472456932067871,4.494664614200592
1,100,12,4,0,0.3472456932067871,4.494664614200592
1,100,12,0,0,0.3472456932067871,4.494664614200592
1,100,12,2,0,0.3472456932067871,4.494664614200592
1,100,13,0,1,0.3472456932067871,4.494664614200592
1,100,12,0,0,0.3472456932067871,4.494664614200592
1,100,12,0,0,0.3472456932067871,4.494664614200592
1,100,9,2,0,0.3472456932067871,4.494664614200592
1,100,14,0,2,0.3472456932067871,4.494664614200592
1,100,13,0,1,0.3472456932067871,4.494664614200592
1,100,12,3,0,0.3472456932067871,4.494664614200592
1,100,12,1,0,0.3472456932067871,4.494664614200592
1,100,12,3,0,0.3472456932067871,4.494664614200592
1,100,9,2,0,0.3472456932067871,4.494664614200592
1,100,13,0,1,0.3472456932067871,4.494664614200592
1,100,12,7,0,0.3472456932067871,4.494664614200592
1,100,9,4,0,0.3472456932067871,4.494664614200592
1,100,12,1,0,0.3472456932067871,4.494664614200592
1,100,13,0,1,0.3472456932067871,4.494664614200592
1,100,9,4,0,0.3472456932067871,4.494664614200592
1,100,15,0,3,0.3472456932067871,4.494664614200592
1,100,16,0,4,0.3472456932067871,4.494664614200592
1,100,12,0,0,0.3472456932067871,4.494664614200592
1,100,9,1,0,0.3472456932067871,4.494664614200592
1,100,12,3,0,0.3472456932067871,4.494664614200592
1,100,9,1,0,0.3472456932067871,4.494664614200592
1,100,13,0,1,0.3472456932067871,4.494664614200592
1,100,9,1,0,0.3472456932067871,4.494664614200592
1,100,10,0,1,0.3472456932067871,4.494664614200592
1,100,12,3,0,0.3472456932067871,4.494664614200592
1,100,14,0,2,0.3472456932067871,4.494664614200592
1,100,12,0,3,0.3472456932067871,4.494664614200592
1,100,17,0,5,0.3472456932067871,4.494664614200592
1,100,10,0,1,0.3472456932067871,4.494664614200592
1,100,12,1,0,0.3472456932067871,4.494664614200592
1,100,11,0,2,0.3472456932067871,4.494664614200592
1,100,10,0,1,0.3472456932067871,4.494664614200592
0,100,12,15,0,0.3472456932067871,4.494664614200592
0,100,12,13,0,0.3472456932067871,4.494664614200592
0,100,12,10,0,0.3472456932067871,4.494664614200592
0,100,9,6,0,0.3472456932067871,4.494664614200592
0,100,12,13,0,0.3472456932067871,4.494664614200592
0,100,12,14,0,0.3472456932067871,4.494664614200592
0,100,9,0,0,0.3472456932067871,4.494664614200592
0,100,12,12,0,0.3472456932067871,4.494664614200592
0,100,12,11,0,0.3472456932067871,4.494664614200592
0,100,12,10,0,0.3472456932067871,4.494664614200592
0,100,9,6,0,0.3472456932067871,4.494664614200592
0,100,9,10,0,0.3472456932067871,4.494664614200592
0,100,12,10,0,0.3472456932067871,4.494664614200592
0,100,12,11,0,0.3472456932067871,4.494664614200592
0,100,9,8,0,0.3472456932067871,4.494664614200592
0,100,9,8,0,0.3472456932067871,4.494664614200592
0,100,12,6,0,0.3472456932067871,4.494664614200592
0,100,9,6,0,0.3472456932067871,4.494664614200592
0,100,12,10,0,0.3472456932067871,4.494664614200592
0,100,12,13,0,0.3472456932067871,4.494664614200592
0,100,9,4,0,0.3472456932067871,4.494664614200592
0,100,12,13,0,0.3472456932067871,4.494664614200592
0,100,12,10,0,0.3472456932067871,4.494664614200592
0,100,12,13,0,0.3472456932067871,4.494664614200592
0,100,9,8,0,0.3472456932067871,4.494664614200592
0,100,12,13,0,0.3472456932067871,4.494664614200592
0,100,9,7,0,0.3472456932067871,4.494664614200592
0,100,9,4,0,0.3472456932067871,4.494664614200592
0,100,12,14,0,0.3472456932067871,4.494664614200592
0,100,12,12,0,0.3472456932067871,4.494664614200592
0,100,12,11,0,0.3472456932067871,4.494664614200592
0,100,12,7,0,0.3472456932067871,4.494664614200592
0,100,9,7,0,0.3472456932067871,4.494664614200592
0,100,12,7,0,0.3472456932067871,4.494664614200592
0,100,12,5,0,0.3472456932067871,4.494664614200592
0,100,12,6,0,0.3472456932067871,4.494664614200592
0,100,12,10,0,0.3472456932067871,4.494664614200592
0,100,9,5,0,0.3472456932067871,4.494664614200592
0,100,12,9,0,0.3472456932067871,4.494664614200592
0,100,12,12,0,0.3472456932067871,4.494664614200592
0,100,12,8,0,0.3472456932067871,4.494664614200592
0,100,12,11,0,0.3472456932067871,4.494664614200592
0,100,12,9,0,0.3472456932067871,4.494664614200592
0,100,9,9,0,0.3472456932067871,4.494664614200592
0,100,9,5,0,0.3472456932067871,4.494664614200592
0,100,12,10,0,0.3472456932067871,4.494664614200592
0,100,12,11,0,0.3472456932067871,4.494664614200592
0,100,9,11,0,0.3472456932067871,4.494664614200592
0,100,12,11,0,0.3472456932067871,4.494664614200592
0,100,12,14,0,0.3472456932067871,4.494664614200592
0,100,12,12,0,0.3472456932067871,4.494664614200592
0,100,9,3,0,0.3472456932067871,4.494664614200592
0,100,9,4,0,0.3472456932067871,4.494664614200592
0,100,9,8,0,0.3472456932067871,4.494664614200592
0,100,12,15,0,0.3472456932067871,4.494664614200592
0,100,12,11,0,0.3472456932067871,4.494664614200592
0,100,12,12,0,0.3472456932067871,4.494664614200592
0,100,9,8,0,0.3472456932067871,4.494664614200592
0,100,12,12,0,0.3472456932067871,4.494664614200592
0,100,9,6,0,0.3472456932067871,4.494664614200592
0,100,12,13,0,0.3472456932067871,4.494664614200592
0,100,9,6,0,0.3472456932067871,4.494664614200592
0,100,9,7,0,0.3472456932067871,4.494664614200592
0,100,12,9,0,0.3472456932067871,4.494664614200592
0,100,9,7,0,0.3472456932067871,4.494664614200592
0,100,12,12,0,0.3472456932067871,4.494664614200592
0,100,9,1,0,0.3472456932067871,4.494664614200592
0,100,12,11,0,0.3472456932067871,4.494664614200592
0,100,12,8,0,0.3472456932067871,4.494664614200592
0,100,12,8,0,0.3472456932067871,4.494664614200592
0,100,12,10,0,0.3472456932067871,4.494664614200592
0,100,9,9,0,0.3472456932067871,4.494664614200592
0,100,12,9,0,0.3472456932067871,4.494664614200592
0,100,9,9,0,0.3472456932067871,4.494664614200592
0,100,12,15,0,0.3472456932067871,4.494664614200592
0,100,9,8,0,0.3472456932067871,4.494664614200592
0,100,9,9,0,0.3472456932067871,4.494664614200592
0,100,12,10,0,0.3472456932067871,4.494664614200592
0,100,9,3,0,0.3472456932067871,4.494664614200592
0,100,9,6,0,0.3472456932067871,4.494664614200592
0,100,12,9,0,0.3472456932067871,4.494664614200592
0,100,12,10,0,0.3472456932067871,4.494664614200592
0,100,12,9,0,0.3472456932067871,4.494664614200592
0,100,9,4,0,0.3472456932067871,4.494664614200592
0,100,12,10,0,0.3472456932067871,4.494664614200592
0,100,9,3,0,0.3472456932067871,4.494664614200592
0,100,9,7,0,0.3472456932067871,4.494664614200592
0,100,9,7,0,0.3472456932067871,4.494664614200592
0,100,12,10,0,0.3472456932067871,4.494664614200592
0,100,12,11,0,0.3472456932067871,4.494664614200592
0,100,12,11,0,0.3472456932067871,4.494664614200592
0,100,12,9,0,0.3472456932067871,4.494664614200592
0,100,12,10,0,0.3472456932067871,4.494664614200592
0,100,12,6,0,0.3472456932067871,4.494664614200592
0,100,12,10,0,0.3472456932067871,4.494664614200592
0,100,12,12,0,0.3472456932067871,4.494664614200592
0,100,12,7,0,0.3472456932067871,4.494664614200592
0,100,9,7,0,0.3472456932067871,4.494664614200592
0,100,12,9,0,0.3472456932067871,4.494664614200592
0,100,12,8,0,0.3472456932067871,4.494664614200592
Total DB Queries This Round: 18302
1,100,9,0,1,0.37828612327575684,5.194023976325989
1,100,8,0,0,0.37828612327575684,5.194023976325989
1,100,1,0,0,0.37828612327575684,5.194023976325989
1,100,10,0,2,0.37828612327575684,5.194023976325989
1,100,10,0,2,0.37828612327575684,5.194023976325989
1,100,8,1,0,0.37828612327575684,5.194023976325989
1,100,8,0,0,0.37828612327575684,5.194023976325989
1,100,10,0,2,0.37828612327575684,5.194023976325989
1,100,5,0,4,0.37828612327575684,5.194023976325989
1,100,8,4,0,0.37828612327575684,5.194023976325989
1,100,11,0,3,0.37828612327575684,5.194023976325989
1,100,1,1,0,0.37828612327575684,5.194023976325989
1,100,3,0,2,0.37828612327575684,5.194023976325989
1,100,1,1,0,0.37828612327575684,5.194023976325989
1,100,8,0,0,0.37828612327575684,5.194023976325989
1,100,2,0,1,0.37828612327575684,5.194023976325989
1,100,7,0,6,0.37828612327575684,5.194023976325989
1,100,9,0,1,0.37828612327575684,5.194023976325989
1,100,8,0,0,0.37828612327575684,5.194023976325989
1,100,11,0,3,0.37828612327575684,5.194023976325989
1,100,8,0,0,0.37828612327575684,5.194023976325989
1,100,11,0,3,0.37828612327575684,5.194023976325989
1,100,3,0,2,0.37828612327575684,5.194023976325989
1,100,8,3,0,0.37828612327575684,5.194023976325989
1,100,6,0,5,0.37828612327575684,5.194023976325989
1,100,3,0,2,0.37828612327575684,5.194023976325989
1,100,1,0,0,0.37828612327575684,5.194023976325989
1,100,8,1,0,0.37828612327575684,5.194023976325989
1,100,1,1,0,0.37828612327575684,5.194023976325989
1,100,1,1,0,0.37828612327575684,5.194023976325989
1,100,8,1,0,0.37828612327575684,5.194023976325989
1,100,8,1,0,0.37828612327575684,5.194023976325989
1,100,9,0,1,0.37828612327575684,5.194023976325989
1,100,8,0,0,0.37828612327575684,5.194023976325989
1,100,2,0,1,0.37828612327575684,5.194023976325989
1,100,9,0,1,0.37828612327575684,5.194023976325989
1,100,8,0,0,0.37828612327575684,5.194023976325989
1,100,8,2,0,0.37828612327575684,5.194023976325989
1,100,2,0,1,0.37828612327575684,5.194023976325989
1,100,1,1,0,0.37828612327575684,5.194023976325989
1,100,9,0,1,0.37828612327575684,5.194023976325989
1,100,7,0,6,0.37828612327575684,5.194023976325989
1,100,11,0,3,0.37828612327575684,5.194023976325989
1,100,4,0,3,0.37828612327575684,5.194023976325989
1,100,1,1,0,0.37828612327575684,5.194023976325989
1,100,4,0,3,0.37828612327575684,5.194023976325989
1,100,3,0,2,0.37828612327575684,5.194023976325989
1,100,8,3,0,0.37828612327575684,5.194023976325989
1,100,2,0,1,0.37828612327575684,5.194023976325989
1,100,12,0,11,0.37828612327575684,5.194023976325989
1,100,8,4,0,0.37828612327575684,5.194023976325989
1,100,8,0,0,0.37828612327575684,5.194023976325989
1,100,6,0,5,0.37828612327575684,5.194023976325989
1,100,8,0,0,0.37828612327575684,5.194023976325989
1,100,4,0,3,0.37828612327575684,5.194023976325989
1,100,2,0,1,0.37828612327575684,5.194023976325989
1,100,4,0,3,0.37828612327575684,5.194023976325989
1,100,10,0,2,0.37828612327575684,5.194023976325989
1,100,8,0,0,0.37828612327575684,5.194023976325989
1,100,12,0,4,0.37828612327575684,5.194023976325989
1,100,8,2,0,0.37828612327575684,5.194023976325989
1,100,1,0,0,0.37828612327575684,5.194023976325989
1,100,8,2,0,0.37828612327575684,5.194023976325989
1,100,8,4,0,0.37828612327575684,5.194023976325989
1,100,8,3,0,0.37828612327575684,5.194023976325989
1,100,8,1,0,0.37828612327575684,5.194023976325989
1,100,9,0,1,0.37828612327575684,5.194023976325989
1,100,8,4,0,0.37828612327575684,5.194023976325989
1,100,8,1,0,0.37828612327575684,5.194023976325989
1,100,3,0,2,0.37828612327575684,5.194023976325989
1,100,10,0,2,0.37828612327575684,5.194023976325989
1,100,8,0,0,0.37828612327575684,5.194023976325989
1,100,8,2,0,0.37828612327575684,5.194023976325989
1,100,8,0,0,0.37828612327575684,5.194023976325989
1,100,12,0,4,0.37828612327575684,5.194023976325989
1,100,4,0,3,0.37828612327575684,5.194023976325989
1,100,9,0,1,0.37828612327575684,5.194023976325989
1,100,11,0,3,0.37828612327575684,5.194023976325989
1,100,6,0,5,0.37828612327575684,5.194023976325989
1,100,10,0,2,0.37828612327575684,5.194023976325989
1,100,13,0,5,0.37828612327575684,5.194023976325989
1,100,1,1,0,0.37828612327575684,5.194023976325989
1,100,8,0,0,0.37828612327575684,5.194023976325989
1,100,11,0,3,0.37828612327575684,5.194023976325989
1,100,8,3,0,0.37828612327575684,5.194023976325989
1,100,3,0,2,0.37828612327575684,5.194023976325989
1,100,8,6,0,0.37828612327575684,5.194023976325989
1,100,1,0,0,0.37828612327575684,5.194023976325989
1,100,8,0,0,0.37828612327575684,5.194023976325989
1,100,1,1,0,0.37828612327575684,5.194023976325989
1,100,4,0,3,0.37828612327575684,5.194023976325989
1,100,8,4,0,0.37828612327575684,5.194023976325989
1,100,8,1,0,0.37828612327575684,5.194023976325989
1,100,1,0,0,0.37828612327575684,5.194023976325989
1,100,13,0,5,0.37828612327575684,5.194023976325989
1,100,3,0,2,0.37828612327575684,5.194023976325989
1,100,9,0,1,0.37828612327575684,5.194023976325989
1,100,3,0,2,0.37828612327575684,5.194023976325989
1,100,7,0,6,0.37828612327575684,5.194023976325989
1,100,8,2,0,0.37828612327575684,5.194023976325989
0,100,8,13,0,0.37828612327575684,5.194023976325989
0,100,8,9,0,0.37828612327575684,5.194023976325989
0,100,1,6,0,0.37828612327575684,5.194023976325989
0,100,8,8,0,0.37828612327575684,5.194023976325989
0,100,8,13,0,0.37828612327575684,5.194023976325989
0,100,1,1,0,0.37828612327575684,5.194023976325989
0,100,8,9,0,0.37828612327575684,5.194023976325989
0,100,8,13,0,0.37828612327575684,5.194023976325989
0,100,8,9,0,0.37828612327575684,5.194023976325989
0,100,1,6,0,0.37828612327575684,5.194023976325989
0,100,1,1,0,0.37828612327575684,5.194023976325989
0,100,8,8,0,0.37828612327575684,5.194023976325989
0,100,8,9,0,0.37828612327575684,5.194023976325989
0,100,1,3,0,0.37828612327575684,5.194023976325989
0,100,1,6,0,0.37828612327575684,5.194023976325989
0,100,8,9,0,0.37828612327575684,5.194023976325989
0,100,1,2,0,0.37828612327575684,5.194023976325989
0,100,8,8,0,0.37828612327575684,5.194023976325989
0,100,8,9,0,0.37828612327575684,5.194023976325989
0,100,1,0,0,0.37828612327575684,5.194023976325989
0,100,8,9,0,0.37828612327575684,5.194023976325989
0,100,8,11,0,0.37828612327575684,5.194023976325989
0,100,8,14,0,0.37828612327575684,5.194023976325989
0,100,1,7,0,0.37828612327575684,5.194023976325989
0,100,8,12,0,0.37828612327575684,5.194023976325989
0,100,1,3,0,0.37828612327575684,5.194023976325989
0,100,1,6,0,0.37828612327575684,5.194023976325989
0,100,8,8,0,0.37828612327575684,5.194023976325989
0,100,8,8,0,0.37828612327575684,5.194023976325989
0,100,8,12,0,0.37828612327575684,5.194023976325989
0,100,8,8,0,0.37828612327575684,5.194023976325989
0,100,1,1,0,0.37828612327575684,5.194023976325989
0,100,8,8,0,0.37828612327575684,5.194023976325989
0,100,8,8,0,0.37828612327575684,5.194023976325989
0,100,8,13,0,0.37828612327575684,5.194023976325989
0,100,8,15,0,0.37828612327575684,5.194023976325989
0,100,1,7,0,0.37828612327575684,5.194023976325989
0,100,8,11,0,0.37828612327575684,5.194023976325989
0,100,8,8,0,0.37828612327575684,5.194023976325989
0,100,8,8,0,0.37828612327575684,5.194023976325989
0,100,8,9,0,0.37828612327575684,5.194023976325989
0,100,8,8,0,0.37828612327575684,5.194023976325989
0,100,1,1,0,0.37828612327575684,5.194023976325989
0,100,1,1,0,0.37828612327575684,5.194023976325989
0,100,8,14,0,0.37828612327575684,5.194023976325989
0,100,8,8,0,0.37828612327575684,5.194023976325989
0,100,1,7,0,0.37828612327575684,5.194023976325989
0,100,8,8,0,0.37828612327575684,5.194023976325989
0,100,8,8,0,0.37828612327575684,5.194023976325989
0,100,8,12,0,0.37828612327575684,5.194023976325989
0,100,1,1,0,0.37828612327575684,5.194023976325989
0,100,1,6,0,0.37828612327575684,5.194023976325989
0,100,1,9,0,0.37828612327575684,5.194023976325989
0,100,8,13,0,0.37828612327575684,5.194023976325989
0,100,8,9,0,0.37828612327575684,5.194023976325989
0,100,8,8,0,0.37828612327575684,5.194023976325989
0,100,1,1,0,0.37828612327575684,5.194023976325989
0,100,8,9,0,0.37828612327575684,5.194023976325989
0,100,1,7,0,0.37828612327575684,5.194023976325989
0,100,8,8,0,0.37828612327575684,5.194023976325989
0,100,1,2,0,0.37828612327575684,5.194023976325989
0,100,1,1,0,0.37828612327575684,5.194023976325989
0,100,8,8,0,0.37828612327575684,5.194023976325989
0,100,1,1,0,0.37828612327575684,5.194023976325989
0,100,8,14,0,0.37828612327575684,5.194023976325989
0,100,1,1,0,0.37828612327575684,5.194023976325989
0,100,8,12,0,0.37828612327575684,5.194023976325989
0,100,8,8,0,0.37828612327575684,5.194023976325989
0,100,8,8,0,0.37828612327575684,5.194023976325989
0,100,8,12,0,0.37828612327575684,5.194023976325989
0,100,1,1,0,0.37828612327575684,5.194023976325989
0,100,8,9,0,0.37828612327575684,5.194023976325989
0,100,1,1,0,0.37828612327575684,5.194023976325989
0,100,8,9,0,0.37828612327575684,5.194023976325989
0,100,1,1,0,0.37828612327575684,5.194023976325989
0,100,1,6,0,0.37828612327575684,5.194023976325989
0,100,8,9,0,0.37828612327575684,5.194023976325989
0,100,1,2,0,0.37828612327575684,5.194023976325989
0,100,1,2,0,0.37828612327575684,5.194023976325989
0,100,8,9,0,0.37828612327575684,5.194023976325989
0,100,8,9,0,0.37828612327575684,5.194023976325989
0,100,8,8,0,0.37828612327575684,5.194023976325989
0,100,1,6,0,0.37828612327575684,5.194023976325989
0,100,8,8,0,0.37828612327575684,5.194023976325989
0,100,1,6,0,0.37828612327575684,5.194023976325989
0,100,1,1,0,0.37828612327575684,5.194023976325989
0,100,1,2,0,0.37828612327575684,5.194023976325989
0,100,8,8,0,0.37828612327575684,5.194023976325989
0,100,8,8,0,0.37828612327575684,5.194023976325989
0,100,8,8,0,0.37828612327575684,5.194023976325989
0,100,8,15,0,0.37828612327575684,5.194023976325989
0,100,8,8,0,0.37828612327575684,5.194023976325989
0,100,8,10,0,0.37828612327575684,5.194023976325989
0,100,8,7,0,0.37828612327575684,5.194023976325989
0,100,8,9,0,0.37828612327575684,5.194023976325989
0,100,8,7,0,0.37828612327575684,5.194023976325989
0,100,1,1,0,0.37828612327575684,5.194023976325989
0,100,8,9,0,0.37828612327575684,5.194023976325989
0,100,8,11,0,0.37828612327575684,5.194023976325989
0,100,1,2,0,0.37828612327575684,5.194023976325989
Total DB Queries This Round: 20659
1,100,12,0,1,0.3860151767730713,5.053519430160523
1,100,5,4,0,0.3860151767730713,5.053519430160523
1,100,13,0,3,0.3860151767730713,5.053519430160523
1,100,11,0,0,0.3860151767730713,5.053519430160523
1,100,10,0,0,0.3860151767730713,5.053519430160523
1,100,11,1,0,0.3860151767730713,5.053519430160523
1,100,11,1,0,0.3860151767730713,5.053519430160523
1,100,5,1,0,0.3860151767730713,5.053519430160523
1,100,11,0,1,0.3860151767730713,5.053519430160523
1,100,10,1,0,0.3860151767730713,5.053519430160523
1,100,7,0,2,0.3860151767730713,5.053519430160523
1,100,6,0,1,0.3860151767730713,5.053519430160523
1,100,7,0,2,0.3860151767730713,5.053519430160523
1,100,11,2,0,0.3860151767730713,5.053519430160523
1,100,8,0,3,0.3860151767730713,5.053519430160523
1,100,10,4,0,0.3860151767730713,5.053519430160523
1,100,11,0,1,0.3860151767730713,5.053519430160523
1,100,11,1,0,0.3860151767730713,5.053519430160523
1,100,11,0,0,0.3860151767730713,5.053519430160523
1,100,12,0,2,0.3860151767730713,5.053519430160523
1,100,11,0,0,0.3860151767730713,5.053519430160523
1,100,5,2,0,0.3860151767730713,5.053519430160523
1,100,10,2,0,0.3860151767730713,5.053519430160523
1,100,5,2,0,0.3860151767730713,5.053519430160523
1,100,5,4,0,0.3860151767730713,5.053519430160523
1,100,10,3,0,0.3860151767730713,5.053519430160523
1,100,11,2,0,0.3860151767730713,5.053519430160523
1,100,5,2,0,0.3860151767730713,5.053519430160523
1,100,5,4,0,0.3860151767730713,5.053519430160523
1,100,10,1,0,0.3860151767730713,5.053519430160523
1,100,11,2,0,0.3860151767730713,5.053519430160523
1,100,11,3,0,0.3860151767730713,5.053519430160523
1,100,11,2,0,0.3860151767730713,5.053519430160523
1,100,5,3,0,0.3860151767730713,5.053519430160523
1,100,10,2,0,0.3860151767730713,5.053519430160523
1,100,11,5,0,0.3860151767730713,5.053519430160523
1,100,10,3,0,0.3860151767730713,5.053519430160523
1,100,5,2,0,0.3860151767730713,5.053519430160523
1,100,5,0,0,0.3860151767730713,5.053519430160523
1,100,11,1,0,0.3860151767730713,5.053519430160523
1,100,10,6,0,0.3860151767730713,5.053519430160523
1,100,11,1,0,0.3860151767730713,5.053519430160523
1,100,6,0,1,0.3860151767730713,5.053519430160523
1,100,5,2,0,0.3860151767730713,5.053519430160523
1,100,10,4,0,0.3860151767730713,5.053519430160523
1,100,10,3,0,0.3860151767730713,5.053519430160523
1,100,10,2,0,0.3860151767730713,5.053519430160523
1,100,5,2,0,0.3860151767730713,5.053519430160523
1,100,10,0,0,0.3860151767730713,5.053519430160523
1,100,12,0,2,0.3860151767730713,5.053519430160523
1,100,13,0,2,0.3860151767730713,5.053519430160523
1,100,5,0,0,0.3860151767730713,5.053519430160523
1,100,10,0,0,0.3860151767730713,5.053519430160523
1,100,6,0,1,0.3860151767730713,5.053519430160523
1,100,7,0,2,0.3860151767730713,5.053519430160523
1,100,5,1,0,0.3860151767730713,5.053519430160523
1,100,11,0,0,0.3860151767730713,5.053519430160523
1,100,10,0,0,0.3860151767730713,5.053519430160523
1,100,12,0,1,0.3860151767730713,5.053519430160523
1,100,11,2,0,0.3860151767730713,5.053519430160523
1,100,10,3,0,0.3860151767730713,5.053519430160523
1,100,14,0,3,0.3860151767730713,5.053519430160523
1,100,10,1,0,0.3860151767730713,5.053519430160523
1,100,12,0,2,0.3860151767730713,5.053519430160523
1,100,11,0,1,0.3860151767730713,5.053519430160523
1,100,11,1,0,0.3860151767730713,5.053519430160523
1,100,11,3,0,0.3860151767730713,5.053519430160523
1,100,11,0,0,0.3860151767730713,5.053519430160523
1,100,9,0,4,0.3860151767730713,5.053519430160523
1,100,11,0,0,0.3860151767730713,5.053519430160523
1,100,10,0,0,0.3860151767730713,5.053519430160523
1,100,10,3,0,0.3860151767730713,5.053519430160523
1,100,11,4,0,0.3860151767730713,5.053519430160523
1,100,11,3,0,0.3860151767730713,5.053519430160523
1,100,5,2,0,0.3860151767730713,5.053519430160523
1,100,13,0,2,0.3860151767730713,5.053519430160523
1,100,12,0,2,0.3860151767730713,5.053519430160523
1,100,7,0,2,0.3860151767730713,5.053519430160523
1,100,11,1,0,0.3860151767730713,5.053519430160523
1,100,12,0,1,0.3860151767730713,5.053519430160523
1,100,6,0,1,0.3860151767730713,5.053519430160523
1,100,13,0,2,0.3860151767730713,5.053519430160523
1,100,11,2,0,0.3860151767730713,5.053519430160523
1,100,11,0,1,0.3860151767730713,5.053519430160523
1,100,6,0,1,0.3860151767730713,5.053519430160523
1,100,10,0,0,0.3860151767730713,5.053519430160523
1,100,10,4,0,0.3860151767730713,5.053519430160523
1,100,10,2,0,0.3860151767730713,5.053519430160523
1,100,5,0,0,0.3860151767730713,5.053519430160523
1,100,8,0,3,0.3860151767730713,5.053519430160523
1,100,10,0,0,0.3860151767730713,5.053519430160523
1,100,11,1,0,0.3860151767730713,5.053519430160523
1,100,10,3,0,0.3860151767730713,5.053519430160523
1,100,16,0,5,0.3860151767730713,5.053519430160523
1,100,7,0,2,0.3860151767730713,5.053519430160523
1,100,10,1,0,0.3860151767730713,5.053519430160523
1,100,10,3,0,0.3860151767730713,5.053519430160523
1,100,8,0,3,0.3860151767730713,5.053519430160523
1,100,13,0,2,0.3860151767730713,5.053519430160523
1,100,10,1,0,0.3860151767730713,5.053519430160523
0,100,10,8,0,0.3860151767730713,5.053519430160523
0,100,5,5,0,0.3860151767730713,5.053519430160523
0,100,10,10,0,0.3860151767730713,5.053519430160523
0,100,10,10,0,0.3860151767730713,5.053519430160523
0,100,5,5,0,0.3860151767730713,5.053519430160523
0,100,11,12,0,0.3860151767730713,5.053519430160523
0,100,10,10,0,0.3860151767730713,5.053519430160523
0,100,11,12,0,0.3860151767730713,5.053519430160523
0,100,10,8,0,0.3860151767730713,5.053519430160523
0,100,5,2,0,0.3860151767730713,5.053519430160523
0,100,11,15,0,0.3860151767730713,5.053519430160523
0,100,10,8,0,0.3860151767730713,5.053519430160523
0,100,5,5,0,0.3860151767730713,5.053519430160523
0,100,5,5,0,0.3860151767730713,5.053519430160523
0,100,11,12,0,0.3860151767730713,5.053519430160523
0,100,5,5,0,0.3860151767730713,5.053519430160523
0,100,11,15,0,0.3860151767730713,5.053519430160523
0,100,10,8,0,0.3860151767730713,5.053519430160523
0,100,5,10,0,0.3860151767730713,5.053519430160523
0,100,10,10,0,0.3860151767730713,5.053519430160523
0,100,11,12,0,0.3860151767730713,5.053519430160523
0,100,11,8,0,0.3860151767730713,5.053519430160523
0,100,5,5,0,0.3860151767730713,5.053519430160523
0,100,10,11,0,0.3860151767730713,5.053519430160523
0,100,10,9,0,0.3860151767730713,5.053519430160523
0,100,5,5,0,0.3860151767730713,5.053519430160523
0,100,11,12,0,0.3860151767730713,5.053519430160523
0,100,10,10,0,0.3860151767730713,5.053519430160523
0,100,10,11,0,0.3860151767730713,5.053519430160523
0,100,11,9,0,0.3860151767730713,5.053519430160523
0,100,5,6,0,0.3860151767730713,5.053519430160523
0,100,10,10,0,0.3860151767730713,5.053519430160523
0,100,10,8,0,0.3860151767730713,5.053519430160523
0,100,11,13,0,0.3860151767730713,5.053519430160523
0,100,10,9,0,0.3860151767730713,5.053519430160523
0,100,5,5,0,0.3860151767730713,5.053519430160523
0,100,11,12,0,0.3860151767730713,5.053519430160523
0,100,11,12,0,0.3860151767730713,5.053519430160523
0,100,10,14,0,0.3860151767730713,5.053519430160523
0,100,10,9,0,0.3860151767730713,5.053519430160523
0,100,11,11,0,0.3860151767730713,5.053519430160523
0,100,5,4,0,0.3860151767730713,5.053519430160523
0,100,10,9,0,0.3860151767730713,5.053519430160523
0,100,10,9,0,0.3860151767730713,5.053519430160523
0,100,10,9,0,0.3860151767730713,5.053519430160523
0,100,5,5,0,0.3860151767730713,5.053519430160523
0,100,11,9,0,0.3860151767730713,5.053519430160523
0,100,11,10,0,0.3860151767730713,5.053519430160523
0,100,11,9,0,0.3860151767730713,5.053519430160523
0,100,10,10,0,0.3860151767730713,5.053519430160523
0,100,10,10,0,0.3860151767730713,5.053519430160523
0,100,5,5,0,0.3860151767730713,5.053519430160523
0,100,10,10,0,0.3860151767730713,5.053519430160523
0,100,11,12,0,0.3860151767730713,5.053519430160523
0,100,10,10,0,0.3860151767730713,5.053519430160523
0,100,5,5,0,0.3860151767730713,5.053519430160523
0,100,10,7,0,0.3860151767730713,5.053519430160523
0,100,5,5,0,0.3860151767730713,5.053519430160523
0,100,11,12,0,0.3860151767730713,5.053519430160523
0,100,10,9,0,0.3860151767730713,5.053519430160523
0,100,5,5,0,0.3860151767730713,5.053519430160523
0,100,10,5,0,0.3860151767730713,5.053519430160523
0,100,5,5,0,0.3860151767730713,5.053519430160523
0,100,10,10,0,0.3860151767730713,5.053519430160523
0,100,5,3,0,0.3860151767730713,5.053519430160523
0,100,11,12,0,0.3860151767730713,5.053519430160523
0,100,10,10,0,0.3860151767730713,5.053519430160523
0,100,11,12,0,0.3860151767730713,5.053519430160523
0,100,10,10,0,0.3860151767730713,5.053519430160523
0,100,5,5,0,0.3860151767730713,5.053519430160523
0,100,10,8,0,0.3860151767730713,5.053519430160523
0,100,10,10,0,0.3860151767730713,5.053519430160523
0,100,11,12,0,0.3860151767730713,5.053519430160523
0,100,5,5,0,0.3860151767730713,5.053519430160523
0,100,5,6,0,0.3860151767730713,5.053519430160523
0,100,10,10,0,0.3860151767730713,5.053519430160523
0,100,5,5,0,0.3860151767730713,5.053519430160523
0,100,5,4,0,0.3860151767730713,5.053519430160523
0,100,11,12,0,0.3860151767730713,5.053519430160523
0,100,11,9,0,0.3860151767730713,5.053519430160523
0,100,10,13,0,0.3860151767730713,5.053519430160523
0,100,5,9,0,0.3860151767730713,5.053519430160523
0,100,11,8,0,0.3860151767730713,5.053519430160523
0,100,5,10,0,0.3860151767730713,5.053519430160523
0,100,10,10,0,0.3860151767730713,5.053519430160523
0,100,5,3,0,0.3860151767730713,5.053519430160523
0,100,11,13,0,0.3860151767730713,5.053519430160523
0,100,11,9,0,0.3860151767730713,5.053519430160523
0,100,10,11,0,0.3860151767730713,5.053519430160523
0,100,10,10,0,0.3860151767730713,5.053519430160523
0,100,10,10,0,0.3860151767730713,5.053519430160523
0,100,11,9,0,0.3860151767730713,5.053519430160523
0,100,11,12,0,0.3860151767730713,5.053519430160523
0,100,10,8,0,0.3860151767730713,5.053519430160523
0,100,11,15,0,0.3860151767730713,5.053519430160523
0,100,5,2,0,0.3860151767730713,5.053519430160523
0,100,10,8,0,0.3860151767730713,5.053519430160523
0,100,10,11,0,0.3860151767730713,5.053519430160523
0,100,5,6,0,0.3860151767730713,5.053519430160523
0,100,10,10,0,0.3860151767730713,5.053519430160523
Total DB Queries This Round: 20331
