true_label,num_secrets,b_no,b_guess,b_yes,setup_time,per_guess_time
1,100,12,5,0,0.8266842365264893,5.015332713127136
1,100,12,3,0,0.8266842365264893,5.015332713127136
1,100,12,5,0,0.8266842365264893,5.015332713127136
1,100,12,0,0,0.8266842365264893,5.015332713127136
1,100,5,2,0,0.8266842365264893,5.015332713127136
1,100,12,6,0,0.8266842365264893,5.015332713127136
1,100,12,3,0,0.8266842365264893,5.015332713127136
1,100,6,0,1,0.8266842365264893,5.015332713127136
1,100,12,3,0,0.8266842365264893,5.015332713127136
1,100,12,5,0,0.8266842365264893,5.015332713127136
1,100,5,1,0,0.8266842365264893,5.015332713127136
1,100,12,9,0,0.8266842365264893,5.015332713127136
1,100,12,0,0,0.8266842365264893,5.015332713127136
1,100,12,8,0,0.8266842365264893,5.015332713127136
1,100,12,2,0,0.8266842365264893,5.015332713127136
1,100,12,3,0,0.8266842365264893,5.015332713127136
1,100,5,2,0,0.8266842365264893,5.015332713127136
1,100,5,1,0,0.8266842365264893,5.015332713127136
1,100,12,4,0,0.8266842365264893,5.015332713127136
1,100,5,2,0,0.8266842365264893,5.015332713127136
1,100,5,2,0,0.8266842365264893,5.015332713127136
1,100,5,4,0,0.8266842365264893,5.015332713127136
1,100,12,2,0,0.8266842365264893,5.015332713127136
1,100,5,2,0,0.8266842365264893,5.015332713127136
1,100,8,0,3,0.8266842365264893,5.015332713127136
1,100,5,0,0,0.8266842365264893,5.015332713127136
1,100,12,2,0,0.8266842365264893,5.015332713127136
1,100,12,0,0,0.8266842365264893,5.015332713127136
1,100,9,0,4,0.8266842365264893,5.015332713127136
1,100,12,3,0,0.8266842365264893,5.015332713127136
1,100,5,3,0,0.8266842365264893,5.015332713127136
1,100,6,0,1,0.8266842365264893,5.015332713127136
1,100,5,2,0,0.8266842365264893,5.015332713127136
1,100,5,2,0,0.8266842365264893,5.015332713127136
1,100,6,0,1,0.8266842365264893,5.015332713127136
1,100,12,1,0,0.8266842365264893,5.015332713127136
1,100,5,2,0,0.8266842365264893,5.015332713127136
1,100,5,2,0,0.8266842365264893,5.015332713127136
1,100,12,3,0,0.8266842365264893,5.015332713127136
1,100,12,3,0,0.8266842365264893,5.015332713127136
1,100,12,1,0,0.8266842365264893,5.015332713127136
1,100,12,3,0,0.8266842365264893,5.015332713127136
1,100,5,0,0,0.8266842365264893,5.015332713127136
1,100,12,6,0,0.8266842365264893,5.015332713127136
1,100,12,4,0,0.8266842365264893,5.015332713127136
1,100,12,5,0,0.8266842365264893,5.015332713127136
1,100,5,3,0,0.8266842365264893,5.015332713127136
1,100,6,0,1,0.8266842365264893,5.015332713127136
1,100,12,4,0,0.8266842365264893,5.015332713127136
1,100,6,0,1,0.8266842365264893,5.015332713127136
1,100,12,0,0,0.8266842365264893,5.015332713127136
1,100,7,0,2,0.8266842365264893,5.015332713127136
1,100,5,2,0,0.8266842365264893,5.015332713127136
1,100,6,0,1,0.8266842365264893,5.015332713127136
1,100,5,2,0,0.8266842365264893,5.015332713127136
1,100,12,6,0,0.8266842365264893,5.015332713127136
1,100,5,3,0,0.8266842365264893,5.015332713127136
1,100,5,0,0,0.8266842365264893,5.015332713127136
1,100,12,1,0,0.8266842365264893,5.015332713127136
1,100,12,0,0,0.8266842365264893,5.015332713127136
1,100,5,1,0,0.8266842365264893,5.015332713127136
1,100,12,1,0,0.8266842365264893,5.015332713127136
1,100,5,2,0,0.8266842365264893,5.015332713127136
1,100,7,0,2,0.8266842365264893,5.015332713127136
1,100,5,3,0,0.8266842365264893,5.015332713127136
1,100,12,0,0,0.8266842365264893,5.015332713127136
1,100,12,3,0,0.8266842365264893,5.015332713127136
1,100,13,0,1,0.8266842365264893,5.015332713127136
1,100,12,3,0,0.8266842365264893,5.015332713127136
1,100,5,2,0,0.8266842365264893,5.015332713127136
1,100,12,3,0,0.8266842365264893,5.015332713127136
1,100,12,6,0,0.8266842365264893,5.015332713127136
1,100,12,6,0,0.8266842365264893,5.015332713127136
1,100,9,0,4,0.8266842365264893,5.015332713127136
1,100,12,1,0,0.8266842365264893,5.015332713127136
1,100,13,0,1,0.8266842365264893,5.015332713127136
1,100,12,1,0,0.8266842365264893,5.015332713127136
1,100,5,0,0,0.8266842365264893,5.015332713127136
1,100,12,0,0,0.8266842365264893,5.015332713127136
1,100,12,4,0,0.8266842365264893,5.015332713127136
1,100,10,0,5,0.8266842365264893,5.015332713127136
1,100,12,0,0,0.8266842365264893,5.015332713127136
1,100,12,2,0,0.8266842365264893,5.015332713127136
1,100,7,0,2,0.8266842365264893,5.015332713127136
1,100,14,0,2,0.8266842365264893,5.015332713127136
1,100,11,0,6,0.8266842365264893,5.015332713127136
1,100,5,1,0,0.8266842365264893,5.015332713127136
1,100,12,1,0,0.8266842365264893,5.015332713127136
1,100,12,3,0,0.8266842365264893,5.015332713127136
1,100,5,2,0,0.8266842365264893,5.015332713127136
1,100,13,0,1,0.8266842365264893,5.015332713127136
1,100,12,0,0,0.8266842365264893,5.015332713127136
1,100,12,0,0,0.8266842365264893,5.015332713127136
1,100,6,0,1,0.8266842365264893,5.015332713127136
1,100,12,0,0,0.8266842365264893,5.015332713127136
1,100,5,0,0,0.8266842365264893,5.015332713127136
1,100,12,4,0,0.8266842365264893,5.015332713127136
1,100,7,0,2,0.8266842365264893,5.015332713127136
1,100,6,0,1,0.8266842365264893,5.015332713127136
1,100,9,0,4,0.8266842365264893,5.015332713127136
0,100,12,14,0,0.8266842365264893,5.015332713127136
0,100,5,10,0,0.8266842365264893,5.015332713127136
0,100,12,11,0,0.8266842365264893,5.015332713127136
0,100,5,6,0,0.8266842365264893,5.015332713127136
0,100,12,15,0,0.8266842365264893,5.015332713127136
0,100,5,8,0,0.8266842365264893,5.015332713127136
0,100,5,3,0,0.8266842365264893,5.015332713127136
0,100,12,15,0,0.8266842365264893,5.015332713127136
0,100,5,7,0,0.8266842365264893,5.015332713127136
0,100,12,8,0,0.8266842365264893,5.015332713127136
0,100,5,2,0,0.8266842365264893,5.015332713127136
0,100,5,7,0,0.8266842365264893,5.015332713127136
0,100,12,8,0,0.8266842365264893,5.015332713127136
0,100,5,10,0,0.8266842365264893,5.015332713127136
0,100,12,16,0,0.8266842365264893,5.015332713127136
0,100,12,14,0,0.8266842365264893,5.015332713127136
0,100,12,8,0,0.8266842365264893,5.015332713127136
0,100,5,11,0,0.8266842365264893,5.015332713127136
0,100,5,9,0,0.8266842365264893,5.015332713127136
0,100,12,13,0,0.8266842365264893,5.015332713127136
0,100,5,11,0,0.8266842365264893,5.015332713127136
0,100,5,8,0,0.8266842365264893,5.015332713127136
0,100,5,8,0,0.8266842365264893,5.015332713127136
0,100,12,14,0,0.8266842365264893,5.015332713127136
0,100,5,10,0,0.8266842365264893,5.015332713127136
0,100,12,8,0,0.8266842365264893,5.015332713127136
0,100,5,5,0,0.8266842365264893,5.015332713127136
0,100,5,9,0,0.8266842365264893,5.015332713127136
0,100,12,15,0,0.8266842365264893,5.015332713127136
0,100,12,17,0,0.8266842365264893,5.015332713127136
0,100,12,11,0,0.8266842365264893,5.015332713127136
0,100,5,6,0,0.8266842365264893,5.015332713127136
0,100,12,19,0,0.8266842365264893,5.015332713127136
0,100,5,12,0,0.8266842365264893,5.015332713127136
0,100,5,8,0,0.8266842365264893,5.015332713127136
0,100,12,14,0,0.8266842365264893,5.015332713127136
0,100,5,8,0,0.8266842365264893,5.015332713127136
0,100,12,14,0,0.8266842365264893,5.015332713127136
0,100,12,13,0,0.8266842365264893,5.015332713127136
0,100,5,7,0,0.8266842365264893,5.015332713127136
0,100,5,6,0,0.8266842365264893,5.015332713127136
0,100,5,7,0,0.8266842365264893,5.015332713127136
0,100,12,11,0,0.8266842365264893,5.015332713127136
0,100,12,16,0,0.8266842365264893,5.015332713127136
0,100,5,15,0,0.8266842365264893,5.015332713127136
0,100,12,12,0,0.8266842365264893,5.015332713127136
0,100,12,8,0,0.8266842365264893,5.015332713127136
0,100,5,5,0,0.8266842365264893,5.015332713127136
0,100,5,5,0,0.8266842365264893,5.015332713127136
0,100,12,8,0,0.8266842365264893,5.015332713127136
0,100,5,8,0,0.8266842365264893,5.015332713127136
0,100,5,8,0,0.8266842365264893,5.015332713127136
0,100,5,7,0,0.8266842365264893,5.015332713127136
0,100,12,12,0,0.8266842365264893,5.015332713127136
0,100,5,6,0,0.8266842365264893,5.015332713127136
0,100,12,15,0,0.8266842365264893,5.015332713127136
0,100,12,15,0,0.8266842365264893,5.015332713127136
0,100,12,16,0,0.8266842365264893,5.015332713127136
0,100,5,8,0,0.8266842365264893,5.015332713127136
0,100,5,9,0,0.8266842365264893,5.015332713127136
0,100,5,10,0,0.8266842365264893,5.015332713127136
0,100,5,3,0,0.8266842365264893,5.015332713127136
0,100,12,12,0,0.8266842365264893,5.015332713127136
0,100,5,5,0,0.8266842365264893,5.015332713127136
0,100,5,10,0,0.8266842365264893,5.015332713127136
0,100,12,12,0,0.8266842365264893,5.015332713127136
0,100,5,7,0,0.8266842365264893,5.015332713127136
0,100,12,11,0,0.8266842365264893,5.015332713127136
0,100,5,7,0,0.8266842365264893,5.015332713127136
0,100,5,7,0,0.8266842365264893,5.015332713127136
0,100,5,8,0,0.8266842365264893,5.015332713127136
0,100,5,7,0,0.8266842365264893,5.015332713127136
0,100,5,11,0,0.8266842365264893,5.015332713127136
0,100,5,7,0,0.8266842365264893,5.015332713127136
0,100,12,14,0,0.8266842365264893,5.015332713127136
0,100,12,11,0,0.8266842365264893,5.015332713127136
0,100,12,15,0,0.8266842365264893,5.015332713127136
0,100,12,14,0,0.8266842365264893,5.015332713127136
0,100,5,5,0,0.8266842365264893,5.015332713127136
0,100,5,9,0,0.8266842365264893,5.015332713127136
0,100,5,8,0,0.8266842365264893,5.015332713127136
0,100,12,14,0,0.8266842365264893,5.015332713127136
0,100,5,9,0,0.8266842365264893,5.015332713127136
0,100,5,6,0,0.8266842365264893,5.015332713127136
0,100,5,6,0,0.8266842365264893,5.015332713127136
0,100,5,8,0,0.8266842365264893,5.015332713127136
0,100,5,7,0,0.8266842365264893,5.015332713127136
0,100,12,9,0,0.8266842365264893,5.015332713127136
0,100,12,14,0,0.8266842365264893,5.015332713127136
0,100,5,6,0,0.8266842365264893,5.015332713127136
0,100,5,5,0,0.8266842365264893,5.015332713127136
0,100,12,8,0,0.8266842365264893,5.015332713127136
0,100,5,6,0,0.8266842365264893,5.015332713127136
0,100,5,11,0,0.8266842365264893,5.015332713127136
0,100,5,12,0,0.8266842365264893,5.015332713127136
0,100,12,13,0,0.8266842365264893,5.015332713127136
0,100,12,11,0,0.8266842365264893,5.015332713127136
0,100,12,15,0,0.8266842365264893,5.015332713127136
0,100,12,16,0,0.8266842365264893,5.015332713127136
0,100,12,14,0,0.8266842365264893,5.015332713127136
Total DB Queries This Round: 21787
1,100,15,4,0,0.8215913772583008,5.437940661907196
1,100,15,4,0,0.8215913772583008,5.437940661907196
1,100,15,1,0,0.8215913772583008,5.437940661907196
1,100,8,2,0,0.8215913772583008,5.437940661907196
1,100,15,3,0,0.8215913772583008,5.437940661907196
1,100,15,5,0,0.8215913772583008,5.437940661907196
1,100,8,2,0,0.8215913772583008,5.437940661907196
1,100,15,5,0,0.8215913772583008,5.437940661907196
1,100,15,3,0,0.8215913772583008,5.437940661907196
1,100,8,3,0,0.8215913772583008,5.437940661907196
1,100,15,6,0,0.8215913772583008,5.437940661907196
1,100,15,3,0,0.8215913772583008,5.437940661907196
1,100,15,7,0,0.8215913772583008,5.437940661907196
1,100,15,3,0,0.8215913772583008,5.437940661907196
1,100,15,0,0,0.8215913772583008,5.437940661907196
1,100,8,0,0,0.8215913772583008,5.437940661907196
1,100,10,0,2,0.8215913772583008,5.437940661907196
1,100,15,4,0,0.8215913772583008,5.437940661907196
1,100,8,1,0,0.8215913772583008,5.437940661907196
1,100,8,1,0,0.8215913772583008,5.437940661907196
1,100,8,2,0,0.8215913772583008,5.437940661907196
1,100,15,2,0,0.8215913772583008,5.437940661907196
1,100,8,1,0,0.8215913772583008,5.437940661907196
1,100,8,0,0,0.8215913772583008,5.437940661907196
1,100,11,0,3,0.8215913772583008,5.437940661907196
1,100,15,2,0,0.8215913772583008,5.437940661907196
1,100,15,2,0,0.8215913772583008,5.437940661907196
1,100,8,0,0,0.8215913772583008,5.437940661907196
1,100,15,3,0,0.8215913772583008,5.437940661907196
1,100,8,2,0,0.8215913772583008,5.437940661907196
1,100,12,0,4,0.8215913772583008,5.437940661907196
1,100,8,1,0,0.8215913772583008,5.437940661907196
1,100,8,1,0,0.8215913772583008,5.437940661907196
1,100,9,0,1,0.8215913772583008,5.437940661907196
1,100,15,2,0,0.8215913772583008,5.437940661907196
1,100,8,1,0,0.8215913772583008,5.437940661907196
1,100,8,0,0,0.8215913772583008,5.437940661907196
1,100,15,4,0,0.8215913772583008,5.437940661907196
1,100,15,1,0,0.8215913772583008,5.437940661907196
1,100,15,2,0,0.8215913772583008,5.437940661907196
1,100,15,1,0,0.8215913772583008,5.437940661907196
1,100,8,2,0,0.8215913772583008,5.437940661907196
1,100,15,3,0,0.8215913772583008,5.437940661907196
1,100,15,3,0,0.8215913772583008,5.437940661907196
1,100,15,6,0,0.8215913772583008,5.437940661907196
1,100,8,0,0,0.8215913772583008,5.437940661907196
1,100,8,0,0,0.8215913772583008,5.437940661907196
1,100,15,2,0,0.8215913772583008,5.437940661907196
1,100,8,0,0,0.8215913772583008,5.437940661907196
1,100,15,4,0,0.8215913772583008,5.437940661907196
1,100,8,2,0,0.8215913772583008,5.437940661907196
1,100,8,0,0,0.8215913772583008,5.437940661907196
1,100,12,0,4,0.8215913772583008,5.437940661907196
1,100,9,0,1,0.8215913772583008,5.437940661907196
1,100,15,8,0,0.8215913772583008,5.437940661907196
1,100,8,1,0,0.8215913772583008,5.437940661907196
1,100,12,0,4,0.8215913772583008,5.437940661907196
1,100,15,3,0,0.8215913772583008,5.437940661907196
1,100,15,0,0,0.8215913772583008,5.437940661907196
1,100,8,1,0,0.8215913772583008,5.437940661907196
1,100,15,3,0,0.8215913772583008,5.437940661907196
1,100,8,2,0,0.8215913772583008,5.437940661907196
1,100,8,1,0,0.8215913772583008,5.437940661907196
1,100,8,0,0,0.8215913772583008,5.437940661907196
1,100,15,2,0,0.8215913772583008,5.437940661907196
1,100,15,3,0,0.8215913772583008,5.437940661907196
1,100,15,2,0,0.8215913772583008,5.437940661907196
1,100,15,3,0,0.8215913772583008,5.437940661907196
1,100,8,0,0,0.8215913772583008,5.437940661907196
1,100,15,3,0,0.8215913772583008,5.437940661907196
1,100,15,3,0,0.8215913772583008,5.437940661907196
1,100,15,3,0,0.8215913772583008,5.437940661907196
1,100,13,0,5,0.8215913772583008,5.437940661907196
1,100,15,3,0,0.8215913772583008,5.437940661907196
1,100,15,1,0,0.8215913772583008,5.437940661907196
1,100,16,0,1,0.8215913772583008,5.437940661907196
1,100,9,0,1,0.8215913772583008,5.437940661907196
1,100,15,1,0,0.8215913772583008,5.437940661907196
1,100,15,3,0,0.8215913772583008,5.437940661907196
1,100,13,0,5,0.8215913772583008,5.437940661907196
1,100,15,1,0,0.8215913772583008,5.437940661907196
1,100,15,2,0,0.8215913772583008,5.437940661907196
1,100,8,0,0,0.8215913772583008,5.437940661907196
1,100,15,3,0,0.8215913772583008,5.437940661907196
1,100,17,0,9,0.8215913772583008,5.437940661907196
1,100,8,3,0,0.8215913772583008,5.437940661907196
1,100,15,3,0,0.8215913772583008,5.437940661907196
1,100,15,3,0,0.8215913772583008,5.437940661907196
1,100,9,0,1,0.8215913772583008,5.437940661907196
1,100,15,1,0,0.8215913772583008,5.437940661907196
1,100,16,0,1,0.8215913772583008,5.437940661907196
1,100,15,3,0,0.8215913772583008,5.437940661907196
1,100,8,1,0,0.8215913772583008,5.437940661907196
1,100,15,4,0,0.8215913772583008,5.437940661907196
1,100,13,0,5,0.8215913772583008,5.437940661907196
1,100,15,1,0,0.8215913772583008,5.437940661907196
1,100,8,0,0,0.8215913772583008,5.437940661907196
1,100,10,0,2,0.8215913772583008,5.437940661907196
1,100,14,0,6,0.8215913772583008,5.437940661907196
1,100,15,1,0,0.8215913772583008,5.437940661907196
0,100,8,8,0,0.8215913772583008,5.437940661907196
0,100,15,8,0,0.8215913772583008,5.437940661907196
0,100,8,5,0,0.8215913772583008,5.437940661907196
0,100,15,12,0,0.8215913772583008,5.437940661907196
0,100,8,5,0,0.8215913772583008,5.437940661907196
0,100,8,8,0,0.8215913772583008,5.437940661907196
0,100,15,15,0,0.8215913772583008,5.437940661907196
0,100,8,10,0,0.8215913772583008,5.437940661907196
0,100,15,17,0,0.8215913772583008,5.437940661907196
0,100,8,5,0,0.8215913772583008,5.437940661907196
0,100,8,9,0,0.8215913772583008,5.437940661907196
0,100,15,12,0,0.8215913772583008,5.437940661907196
0,100,8,8,0,0.8215913772583008,5.437940661907196
0,100,15,12,0,0.8215913772583008,5.437940661907196
0,100,15,10,0,0.8215913772583008,5.437940661907196
0,100,15,10,0,0.8215913772583008,5.437940661907196
0,100,8,6,0,0.8215913772583008,5.437940661907196
0,100,8,6,0,0.8215913772583008,5.437940661907196
0,100,15,10,0,0.8215913772583008,5.437940661907196
0,100,8,6,0,0.8215913772583008,5.437940661907196
0,100,8,2,0,0.8215913772583008,5.437940661907196
0,100,8,8,0,0.8215913772583008,5.437940661907196
0,100,15,13,0,0.8215913772583008,5.437940661907196
0,100,8,1,0,0.8215913772583008,5.437940661907196
0,100,15,14,0,0.8215913772583008,5.437940661907196
0,100,8,8,0,0.8215913772583008,5.437940661907196
0,100,8,6,0,0.8215913772583008,5.437940661907196
0,100,15,12,0,0.8215913772583008,5.437940661907196
0,100,15,12,0,0.8215913772583008,5.437940661907196
0,100,15,12,0,0.8215913772583008,5.437940661907196
0,100,8,2,0,0.8215913772583008,5.437940661907196
0,100,15,13,0,0.8215913772583008,5.437940661907196
0,100,8,5,0,0.8215913772583008,5.437940661907196
0,100,8,3,0,0.8215913772583008,5.437940661907196
0,100,15,12,0,0.8215913772583008,5.437940661907196
0,100,8,4,0,0.8215913772583008,5.437940661907196
0,100,15,12,0,0.8215913772583008,5.437940661907196
0,100,15,11,0,0.8215913772583008,5.437940661907196
0,100,8,9,0,0.8215913772583008,5.437940661907196
0,100,8,3,0,0.8215913772583008,5.437940661907196
0,100,8,0,0,0.8215913772583008,5.437940661907196
0,100,15,12,0,0.8215913772583008,5.437940661907196
0,100,15,8,0,0.8215913772583008,5.437940661907196
0,100,8,7,0,0.8215913772583008,5.437940661907196
0,100,15,12,0,0.8215913772583008,5.437940661907196
0,100,15,13,0,0.8215913772583008,5.437940661907196
0,100,8,2,0,0.8215913772583008,5.437940661907196
0,100,8,7,0,0.8215913772583008,5.437940661907196
0,100,15,13,0,0.8215913772583008,5.437940661907196
0,100,8,6,0,0.8215913772583008,5.437940661907196
0,100,8,6,0,0.8215913772583008,5.437940661907196
0,100,8,6,0,0.8215913772583008,5.437940661907196
0,100,15,13,0,0.8215913772583008,5.437940661907196
0,100,8,3,0,0.8215913772583008,5.437940661907196
0,100,15,14,0,0.8215913772583008,5.437940661907196
0,100,15,15,0,0.8215913772583008,5.437940661907196
0,100,15,10,0,0.8215913772583008,5.437940661907196
0,100,8,5,0,0.8215913772583008,5.437940661907196
0,100,8,0,0,0.8215913772583008,5.437940661907196
0,100,8,3,0,0.8215913772583008,5.437940661907196
0,100,8,5,0,0.8215913772583008,5.437940661907196
0,100,15,9,0,0.8215913772583008,5.437940661907196
0,100,8,3,0,0.8215913772583008,5.437940661907196
0,100,8,6,0,0.8215913772583008,5.437940661907196
0,100,15,17,0,0.8215913772583008,5.437940661907196
0,100,8,4,0,0.8215913772583008,5.437940661907196
0,100,15,11,0,0.8215913772583008,5.437940661907196
0,100,8,2,0,0.8215913772583008,5.437940661907196
0,100,8,3,0,0.8215913772583008,5.437940661907196
0,100,8,4,0,0.8215913772583008,5.437940661907196
0,100,8,5,0,0.8215913772583008,5.437940661907196
0,100,8,5,0,0.8215913772583008,5.437940661907196
0,100,8,3,0,0.8215913772583008,5.437940661907196
0,100,15,11,0,0.8215913772583008,5.437940661907196
0,100,15,13,0,0.8215913772583008,5.437940661907196
0,100,15,13,0,0.8215913772583008,5.437940661907196
0,100,15,11,0,0.8215913772583008,5.437940661907196
0,100,8,2,0,0.8215913772583008,5.437940661907196
0,100,8,1,0,0.8215913772583008,5.437940661907196
0,100,8,4,0,0.8215913772583008,5.437940661907196
0,100,15,15,0,0.8215913772583008,5.437940661907196
0,100,8,6,0,0.8215913772583008,5.437940661907196
0,100,8,6,0,0.8215913772583008,5.437940661907196
0,100,8,7,0,0.8215913772583008,5.437940661907196
0,100,8,1,0,0.8215913772583008,5.437940661907196
0,100,8,5,0,0.8215913772583008,5.437940661907196
0,100,15,11,0,0.8215913772583008,5.437940661907196
0,100,15,15,0,0.8215913772583008,5.437940661907196
0,100,8,4,0,0.8215913772583008,5.437940661907196
0,100,8,5,0,0.8215913772583008,5.437940661907196
0,100,15,13,0,0.8215913772583008,5.437940661907196
0,100,8,8,0,0.8215913772583008,5.437940661907196
0,100,8,7,0,0.8215913772583008,5.437940661907196
0,100,8,2,0,0.8215913772583008,5.437940661907196
0,100,15,12,0,0.8215913772583008,5.437940661907196
0,100,15,11,0,0.8215913772583008,5.437940661907196
0,100,15,12,0,0.8215913772583008,5.437940661907196
0,100,15,12,0,0.8215913772583008,5.437940661907196
0,100,15,7,0,0.8215913772583008,5.437940661907196
0,100,15,10,0,0.8215913772583008,5.437940661907196
Total DB Queries This Round: 40594
1,100,9,4,0,0.39036011695861816,5.331989879608154
1,100,9,3,0,0.39036011695861816,5.331989879608154
1,100,7,2,0,0.39036011695861816,5.331989879608154
1,100,9,4,0,0.39036011695861816,5.331989879608154
1,100,9,6,0,0.39036011695861816,5.331989879608154
1,100,7,0,0,0.39036011695861816,5.331989879608154
1,100,9,3,0,0.39036011695861816,5.331989879608154
1,100,9,0,0,0.39036011695861816,5.331989879608154
1,100,7,4,0,0.39036011695861816,5.331989879608154
1,100,9,3,0,0.39036011695861816,5.331989879608154
1,100,9,3,0,0.39036011695861816,5.331989879608154
1,100,9,2,0,0.39036011695861816,5.331989879608154
1,100,9,3,0,0.39036011695861816,5.331989879608154
1,100,9,0,0,0.39036011695861816,5.331989879608154
1,100,7,1,0,0.39036011695861816,5.331989879608154
1,100,9,2,0,0.39036011695861816,5.331989879608154
1,100,9,5,0,0.39036011695861816,5.331989879608154
1,100,7,1,0,0.39036011695861816,5.331989879608154
1,100,7,5,0,0.39036011695861816,5.331989879608154
1,100,7,2,0,0.39036011695861816,5.331989879608154
1,100,9,0,0,0.39036011695861816,5.331989879608154
1,100,7,1,0,0.39036011695861816,5.331989879608154
1,100,7,2,0,0.39036011695861816,5.331989879608154
1,100,9,5,0,0.39036011695861816,5.331989879608154
1,100,11,0,2,0.39036011695861816,5.331989879608154
1,100,9,0,0,0.39036011695861816,5.331989879608154
1,100,9,9,0,0.39036011695861816,5.331989879608154
1,100,9,2,0,0.39036011695861816,5.331989879608154
1,100,7,3,0,0.39036011695861816,5.331989879608154
1,100,9,3,0,0.39036011695861816,5.331989879608154
1,100,7,3,0,0.39036011695861816,5.331989879608154
1,100,7,3,0,0.39036011695861816,5.331989879608154
1,100,8,0,1,0.39036011695861816,5.331989879608154
1,100,9,1,0,0.39036011695861816,5.331989879608154
1,100,7,7,0,0.39036011695861816,5.331989879608154
1,100,7,3,0,0.39036011695861816,5.331989879608154
1,100,9,2,0,0.39036011695861816,5.331989879608154
1,100,9,4,0,0.39036011695861816,5.331989879608154
1,100,9,3,0,0.39036011695861816,5.331989879608154
1,100,9,0,0,0.39036011695861816,5.331989879608154
1,100,7,0,0,0.39036011695861816,5.331989879608154
1,100,9,5,0,0.39036011695861816,5.331989879608154
1,100,9,4,0,0.39036011695861816,5.331989879608154
1,100,9,4,0,0.39036011695861816,5.331989879608154
1,100,7,6,0,0.39036011695861816,5.331989879608154
1,100,7,2,0,0.39036011695861816,5.331989879608154
1,100,9,6,0,0.39036011695861816,5.331989879608154
1,100,9,0,2,0.39036011695861816,5.331989879608154
1,100,9,3,0,0.39036011695861816,5.331989879608154
1,100,7,0,0,0.39036011695861816,5.331989879608154
1,100,7,3,0,0.39036011695861816,5.331989879608154
1,100,7,2,0,0.39036011695861816,5.331989879608154
1,100,7,1,0,0.39036011695861816,5.331989879608154
1,100,9,1,0,0.39036011695861816,5.331989879608154
1,100,7,3,0,0.39036011695861816,5.331989879608154
1,100,7,2,0,0.39036011695861816,5.331989879608154
1,100,9,4,0,0.39036011695861816,5.331989879608154
1,100,9,3,0,0.39036011695861816,5.331989879608154
1,100,7,2,0,0.39036011695861816,5.331989879608154
1,100,9,5,0,0.39036011695861816,5.331989879608154
1,100,7,7,0,0.39036011695861816,5.331989879608154
1,100,7,2,0,0.39036011695861816,5.331989879608154
1,100,7,4,0,0.39036011695861816,5.331989879608154
1,100,9,6,0,0.39036011695861816,5.331989879608154
1,100,9,5,0,0.39036011695861816,5.331989879608154
1,100,9,4,0,0.39036011695861816,5.331989879608154
1,100,9,5,0,0.39036011695861816,5.331989879608154
1,100,7,0,0,0.39036011695861816,5.331989879608154
1,100,9,0,0,0.39036011695861816,5.331989879608154
1,100,9,6,0,0.39036011695861816,5.331989879608154
1,100,9,6,0,0.39036011695861816,5.331989879608154
1,100,9,8,0,0.39036011695861816,5.331989879608154
1,100,9,3,0,0.39036011695861816,5.331989879608154
1,100,9,6,0,0.39036011695861816,5.331989879608154
1,100,9,3,0,0.39036011695861816,5.331989879608154
1,100,7,2,0,0.39036011695861816,5.331989879608154
1,100,9,3,0,0.39036011695861816,5.331989879608154
1,100,9,3,0,0.39036011695861816,5.331989879608154
1,100,9,7,0,0.39036011695861816,5.331989879608154
1,100,9,1,0,0.39036011695861816,5.331989879608154
1,100,9,1,0,0.39036011695861816,5.331989879608154
1,100,7,0,0,0.39036011695861816,5.331989879608154
1,100,9,5,0,0.39036011695861816,5.331989879608154
1,100,9,6,0,0.39036011695861816,5.331989879608154
1,100,9,0,2,0.39036011695861816,5.331989879608154
1,100,9,2,0,0.39036011695861816,5.331989879608154
1,100,9,4,0,0.39036011695861816,5.331989879608154
1,100,7,1,0,0.39036011695861816,5.331989879608154
1,100,9,2,0,0.39036011695861816,5.331989879608154
1,100,9,1,0,0.39036011695861816,5.331989879608154
1,100,9,5,0,0.39036011695861816,5.331989879608154
1,100,9,0,2,0.39036011695861816,5.331989879608154
1,100,9,6,0,0.39036011695861816,5.331989879608154
1,100,7,0,0,0.39036011695861816,5.331989879608154
1,100,9,4,0,0.39036011695861816,5.331989879608154
1,100,11,0,4,0.39036011695861816,5.331989879608154
1,100,10,0,3,0.39036011695861816,5.331989879608154
1,100,9,5,0,0.39036011695861816,5.331989879608154
1,100,9,1,0,0.39036011695861816,5.331989879608154
1,100,10,0,3,0.39036011695861816,5.331989879608154
0,100,9,13,0,0.39036011695861816,5.331989879608154
0,100,7,10,0,0.39036011695861816,5.331989879608154
0,100,9,20,0,0.39036011695861816,5.331989879608154
0,100,7,11,0,0.39036011695861816,5.331989879608154
0,100,7,9,0,0.39036011695861816,5.331989879608154
0,100,9,16,0,0.39036011695861816,5.331989879608154
0,100,9,16,0,0.39036011695861816,5.331989879608154
0,100,9,15,0,0.39036011695861816,5.331989879608154
0,100,7,3,0,0.39036011695861816,5.331989879608154
0,100,9,15,0,0.39036011695861816,5.331989879608154
0,100,9,15,0,0.39036011695861816,5.331989879608154
0,100,7,9,0,0.39036011695861816,5.331989879608154
0,100,9,11,0,0.39036011695861816,5.331989879608154
0,100,9,14,0,0.39036011695861816,5.331989879608154
0,100,9,18,0,0.39036011695861816,5.331989879608154
0,100,7,10,0,0.39036011695861816,5.331989879608154
0,100,7,14,0,0.39036011695861816,5.331989879608154
0,100,9,15,0,0.39036011695861816,5.331989879608154
0,100,9,11,0,0.39036011695861816,5.331989879608154
0,100,7,7,0,0.39036011695861816,5.331989879608154
0,100,7,11,0,0.39036011695861816,5.331989879608154
0,100,9,13,0,0.39036011695861816,5.331989879608154
0,100,7,9,0,0.39036011695861816,5.331989879608154
0,100,9,17,0,0.39036011695861816,5.331989879608154
0,100,9,16,0,0.39036011695861816,5.331989879608154
0,100,7,4,0,0.39036011695861816,5.331989879608154
0,100,9,14,0,0.39036011695861816,5.331989879608154
0,100,9,10,0,0.39036011695861816,5.331989879608154
0,100,9,15,0,0.39036011695861816,5.331989879608154
0,100,7,12,0,0.39036011695861816,5.331989879608154
0,100,9,16,0,0.39036011695861816,5.331989879608154
0,100,7,8,0,0.39036011695861816,5.331989879608154
0,100,7,8,0,0.39036011695861816,5.331989879608154
0,100,9,16,0,0.39036011695861816,5.331989879608154
0,100,9,15,0,0.39036011695861816,5.331989879608154
0,100,9,15,0,0.39036011695861816,5.331989879608154
0,100,9,10,0,0.39036011695861816,5.331989879608154
0,100,7,7,0,0.39036011695861816,5.331989879608154
0,100,9,16,0,0.39036011695861816,5.331989879608154
0,100,9,15,0,0.39036011695861816,5.331989879608154
0,100,9,16,0,0.39036011695861816,5.331989879608154
0,100,9,10,0,0.39036011695861816,5.331989879608154
0,100,7,9,0,0.39036011695861816,5.331989879608154
0,100,9,15,0,0.39036011695861816,5.331989879608154
0,100,9,10,0,0.39036011695861816,5.331989879608154
0,100,9,18,0,0.39036011695861816,5.331989879608154
0,100,9,17,0,0.39036011695861816,5.331989879608154
0,100,9,11,0,0.39036011695861816,5.331989879608154
0,100,7,8,0,0.39036011695861816,5.331989879608154
0,100,7,8,0,0.39036011695861816,5.331989879608154
0,100,9,15,0,0.39036011695861816,5.331989879608154
0,100,9,17,0,0.39036011695861816,5.331989879608154
0,100,7,11,0,0.39036011695861816,5.331989879608154
0,100,9,18,0,0.39036011695861816,5.331989879608154
0,100,9,8,0,0.39036011695861816,5.331989879608154
0,100,9,17,0,0.39036011695861816,5.331989879608154
0,100,7,10,0,0.39036011695861816,5.331989879608154
0,100,7,4,0,0.39036011695861816,5.331989879608154
0,100,7,11,0,0.39036011695861816,5.331989879608154
0,100,9,10,0,0.39036011695861816,5.331989879608154
0,100,9,10,0,0.39036011695861816,5.331989879608154
0,100,9,10,0,0.39036011695861816,5.331989879608154
0,100,7,2,0,0.39036011695861816,5.331989879608154
0,100,9,11,0,0.39036011695861816,5.331989879608154
0,100,7,10,0,0.39036011695861816,5.331989879608154
0,100,9,16,0,0.39036011695861816,5.331989879608154
0,100,7,10,0,0.39036011695861816,5.331989879608154
0,100,7,8,0,0.39036011695861816,5.331989879608154
0,100,9,13,0,0.39036011695861816,5.331989879608154
0,100,7,7,0,0.39036011695861816,5.331989879608154
0,100,9,11,0,0.39036011695861816,5.331989879608154
0,100,7,11,0,0.39036011695861816,5.331989879608154
0,100,9,10,0,0.39036011695861816,5.331989879608154
0,100,9,11,0,0.39036011695861816,5.331989879608154
0,100,9,15,0,0.39036011695861816,5.331989879608154
0,100,9,16,0,0.39036011695861816,5.331989879608154
0,100,7,9,0,0.39036011695861816,5.331989879608154
0,100,9,10,0,0.39036011695861816,5.331989879608154
0,100,7,7,0,0.39036011695861816,5.331989879608154
0,100,9,11,0,0.39036011695861816,5.331989879608154
0,100,7,7,0,0.39036011695861816,5.331989879608154
0,100,7,3,0,0.39036011695861816,5.331989879608154
0,100,9,16,0,0.39036011695861816,5.331989879608154
0,100,7,10,0,0.39036011695861816,5.331989879608154
0,100,7,7,0,0.39036011695861816,5.331989879608154
0,100,9,14,0,0.39036011695861816,5.331989879608154
0,100,9,10,0,0.39036011695861816,5.331989879608154
0,100,9,16,0,0.39036011695861816,5.331989879608154
0,100,7,10,0,0.39036011695861816,5.331989879608154
0,100,9,15,0,0.39036011695861816,5.331989879608154
0,100,7,3,0,0.39036011695861816,5.331989879608154
0,100,7,8,0,0.39036011695861816,5.331989879608154
0,100,7,3,0,0.39036011695861816,5.331989879608154
0,100,9,16,0,0.39036011695861816,5.331989879608154
0,100,9,13,0,0.39036011695861816,5.331989879608154
0,100,9,15,0,0.39036011695861816,5.331989879608154
0,100,9,16,0,0.39036011695861816,5.331989879608154
0,100,9,15,0,0.39036011695861816,5.331989879608154
0,100,9,11,0,0.39036011695861816,5.331989879608154
0,100,9,17,0,0.39036011695861816,5.331989879608154
Total DB Queries This Round: 21087
1,100,6,0,0,0.8638937473297119,5.47337911605835
1,100,4,2,0,0.8638937473297119,5.47337911605835
1,100,6,1,0,0.8638937473297119,5.47337911605835
1,100,6,1,0,0.8638937473297119,5.47337911605835
1,100,4,2,0,0.8638937473297119,5.47337911605835
1,100,8,0,2,0.8638937473297119,5.47337911605835
1,100,9,0,3,0.8638937473297119,5.47337911605835
1,100,4,1,0,0.8638937473297119,5.47337911605835
1,100,8,0,2,0.8638937473297119,5.47337911605835
1,100,9,0,3,0.8638937473297119,5.47337911605835
1,100,6,1,0,0.8638937473297119,5.47337911605835
1,100,7,0,1,0.8638937473297119,5.47337911605835
1,100,8,0,2,0.8638937473297119,5.47337911605835
1,100,4,2,0,0.8638937473297119,5.47337911605835
1,100,4,0,0,0.8638937473297119,5.47337911605835
1,100,6,1,0,0.8638937473297119,5.47337911605835
1,100,4,5,0,0.8638937473297119,5.47337911605835
1,100,4,1,0,0.8638937473297119,5.47337911605835
1,100,4,4,0,0.8638937473297119,5.47337911605835
1,100,7,0,1,0.8638937473297119,5.47337911605835
1,100,4,1,0,0.8638937473297119,5.47337911605835
1,100,4,0,0,0.8638937473297119,5.47337911605835
1,100,4,1,0,0.8638937473297119,5.47337911605835
1,100,7,0,1,0.8638937473297119,5.47337911605835
1,100,6,0,0,0.8638937473297119,5.47337911605835
1,100,4,2,0,0.8638937473297119,5.47337911605835
1,100,9,0,3,0.8638937473297119,5.47337911605835
1,100,4,1,0,0.8638937473297119,5.47337911605835
1,100,4,0,0,0.8638937473297119,5.47337911605835
1,100,4,3,0,0.8638937473297119,5.47337911605835
1,100,4,3,0,0.8638937473297119,5.47337911605835
1,100,4,1,0,0.8638937473297119,5.47337911605835
1,100,7,0,1,0.8638937473297119,5.47337911605835
1,100,4,0,0,0.8638937473297119,5.47337911605835
1,100,4,3,0,0.8638937473297119,5.47337911605835
1,100,6,1,0,0.8638937473297119,5.47337911605835
1,100,7,0,1,0.8638937473297119,5.47337911605835
1,100,6,0,0,0.8638937473297119,5.47337911605835
1,100,6,0,0,0.8638937473297119,5.47337911605835
1,100,4,0,0,0.8638937473297119,5.47337911605835
1,100,6,1,0,0.8638937473297119,5.47337911605835
1,100,7,0,1,0.8638937473297119,5.47337911605835
1,100,6,2,0,0.8638937473297119,5.47337911605835
1,100,4,4,0,0.8638937473297119,5.47337911605835
1,100,4,4,0,0.8638937473297119,5.47337911605835
1,100,6,1,0,0.8638937473297119,5.47337911605835
1,100,4,0,0,0.8638937473297119,5.47337911605835
1,100,8,0,2,0.8638937473297119,5.47337911605835
1,100,4,0,0,0.8638937473297119,5.47337911605835
1,100,4,5,0,0.8638937473297119,5.47337911605835
1,100,4,1,0,0.8638937473297119,5.47337911605835
1,100,4,3,0,0.8638937473297119,5.47337911605835
1,100,6,2,0,0.8638937473297119,5.47337911605835
1,100,4,2,0,0.8638937473297119,5.47337911605835
1,100,4,0,0,0.8638937473297119,5.47337911605835
1,100,6,1,0,0.8638937473297119,5.47337911605835
1,100,9,0,3,0.8638937473297119,5.47337911605835
1,100,4,7,0,0.8638937473297119,5.47337911605835
1,100,6,1,0,0.8638937473297119,5.47337911605835
1,100,4,3,0,0.8638937473297119,5.47337911605835
1,100,4,1,0,0.8638937473297119,5.47337911605835
1,100,4,4,0,0.8638937473297119,5.47337911605835
1,100,8,0,2,0.8638937473297119,5.47337911605835
1,100,6,1,0,0.8638937473297119,5.47337911605835
1,100,6,0,0,0.8638937473297119,5.47337911605835
1,100,6,1,0,0.8638937473297119,5.47337911605835
1,100,4,1,0,0.8638937473297119,5.47337911605835
1,100,7,0,1,0.8638937473297119,5.47337911605835
1,100,6,1,0,0.8638937473297119,5.47337911605835
1,100,6,2,0,0.8638937473297119,5.47337911605835
1,100,4,0,0,0.8638937473297119,5.47337911605835
1,100,8,0,2,0.8638937473297119,5.47337911605835
1,100,6,0,0,0.8638937473297119,5.47337911605835
1,100,6,1,0,0.8638937473297119,5.47337911605835
1,100,4,3,0,0.8638937473297119,5.47337911605835
1,100,7,0,1,0.8638937473297119,5.47337911605835
1,100,6,2,0,0.8638937473297119,5.47337911605835
1,100,4,0,0,0.8638937473297119,5.47337911605835
1,100,7,0,1,0.8638937473297119,5.47337911605835
1,100,6,0,0,0.8638937473297119,5.47337911605835
1,100,4,5,0,0.8638937473297119,5.47337911605835
1,100,6,1,0,0.8638937473297119,5.47337911605835
1,100,4,0,0,0.8638937473297119,5.47337911605835
1,100,4,4,0,0.8638937473297119,5.47337911605835
1,100,6,0,0,0.8638937473297119,5.47337911605835
1,100,6,0,0,0.8638937473297119,5.47337911605835
1,100,4,2,0,0.8638937473297119,5.47337911605835
1,100,6,1,0,0.8638937473297119,5.47337911605835
1,100,12,0,6,0.8638937473297119,5.47337911605835
1,100,6,1,0,0.8638937473297119,5.47337911605835
1,100,4,3,0,0.8638937473297119,5.47337911605835
1,100,6,3,0,0.8638937473297119,5.47337911605835
1,100,4,2,0,0.8638937473297119,5.47337911605835
1,100,6,1,0,0.8638937473297119,5.47337911605835
1,100,4,1,0,0.8638937473297119,5.47337911605835
1,100,4,0,0,0.8638937473297119,5.47337911605835
1,100,4,0,0,0.8638937473297119,5.47337911605835
1,100,7,0,1,0.8638937473297119,5.47337911605835
1,100,4,4,0,0.8638937473297119,5.47337911605835
1,100,6,1,0,0.8638937473297119,5.47337911605835
0,100,4,7,0,0.8638937473297119,5.47337911605835
0,100,6,10,0,0.8638937473297119,5.47337911605835
0,100,4,0,0,0.8638937473297119,5.47337911605835
0,100,4,8,0,0.8638937473297119,5.47337911605835
0,100,6,4,0,0.8638937473297119,5.47337911605835
0,100,4,6,0,0.8638937473297119,5.47337911605835
0,100,6,8,0,0.8638937473297119,5.47337911605835
0,100,4,5,0,0.8638937473297119,5.47337911605835
0,100,4,7,0,0.8638937473297119,5.47337911605835
0,100,6,7,0,0.8638937473297119,5.47337911605835
0,100,4,7,0,0.8638937473297119,5.47337911605835
0,100,6,6,0,0.8638937473297119,5.47337911605835
0,100,6,9,0,0.8638937473297119,5.47337911605835
0,100,6,5,0,0.8638937473297119,5.47337911605835
0,100,4,9,0,0.8638937473297119,5.47337911605835
0,100,4,7,0,0.8638937473297119,5.47337911605835
0,100,6,6,0,0.8638937473297119,5.47337911605835
0,100,4,3,0,0.8638937473297119,5.47337911605835
0,100,4,8,0,0.8638937473297119,5.47337911605835
0,100,4,8,0,0.8638937473297119,5.47337911605835
0,100,6,5,0,0.8638937473297119,5.47337911605835
0,100,4,3,0,0.8638937473297119,5.47337911605835
0,100,6,3,0,0.8638937473297119,5.47337911605835
0,100,4,2,0,0.8638937473297119,5.47337911605835
0,100,4,6,0,0.8638937473297119,5.47337911605835
0,100,6,8,0,0.8638937473297119,5.47337911605835
0,100,6,8,0,0.8638937473297119,5.47337911605835
0,100,6,6,0,0.8638937473297119,5.47337911605835
0,100,4,6,0,0.8638937473297119,5.47337911605835
0,100,6,5,0,0.8638937473297119,5.47337911605835
0,100,4,3,0,0.8638937473297119,5.47337911605835
0,100,4,7,0,0.8638937473297119,5.47337911605835
0,100,6,8,0,0.8638937473297119,5.47337911605835
0,100,4,5,0,0.8638937473297119,5.47337911605835
0,100,6,9,0,0.8638937473297119,5.47337911605835
0,100,6,6,0,0.8638937473297119,5.47337911605835
0,100,4,9,0,0.8638937473297119,5.47337911605835
0,100,4,6,0,0.8638937473297119,5.47337911605835
0,100,4,6,0,0.8638937473297119,5.47337911605835
0,100,6,9,0,0.8638937473297119,5.47337911605835
0,100,6,5,0,0.8638937473297119,5.47337911605835
0,100,4,8,0,0.8638937473297119,5.47337911605835
0,100,6,6,0,0.8638937473297119,5.47337911605835
0,100,6,7,0,0.8638937473297119,5.47337911605835
0,100,4,6,0,0.8638937473297119,5.47337911605835
0,100,4,9,0,0.8638937473297119,5.47337911605835
0,100,6,7,0,0.8638937473297119,5.47337911605835
0,100,4,2,0,0.8638937473297119,5.47337911605835
0,100,4,5,0,0.8638937473297119,5.47337911605835
0,100,4,7,0,0.8638937473297119,5.47337911605835
0,100,6,8,0,0.8638937473297119,5.47337911605835
0,100,4,6,0,0.8638937473297119,5.47337911605835
0,100,6,4,0,0.8638937473297119,5.47337911605835
0,100,6,6,0,0.8638937473297119,5.47337911605835
0,100,6,2,0,0.8638937473297119,5.47337911605835
0,100,4,4,0,0.8638937473297119,5.47337911605835
0,100,4,6,0,0.8638937473297119,5.47337911605835
0,100,4,9,0,0.8638937473297119,5.47337911605835
0,100,4,3,0,0.8638937473297119,5.47337911605835
0,100,6,1,0,0.8638937473297119,5.47337911605835
0,100,4,3,0,0.8638937473297119,5.47337911605835
0,100,4,3,0,0.8638937473297119,5.47337911605835
0,100,6,8,0,0.8638937473297119,5.47337911605835
0,100,4,3,0,0.8638937473297119,5.47337911605835
0,100,6,6,0,0.8638937473297119,5.47337911605835
0,100,4,6,0,0.8638937473297119,5.47337911605835
0,100,4,5,0,0.8638937473297119,5.47337911605835
0,100,4,2,0,0.8638937473297119,5.47337911605835
0,100,4,8,0,0.8638937473297119,5.47337911605835
0,100,4,6,0,0.8638937473297119,5.47337911605835
0,100,4,6,0,0.8638937473297119,5.47337911605835
0,100,6,6,0,0.8638937473297119,5.47337911605835
0,100,6,7,0,0.8638937473297119,5.47337911605835
0,100,6,5,0,0.8638937473297119,5.47337911605835
0,100,6,8,0,0.8638937473297119,5.47337911605835
0,100,4,8,0,0.8638937473297119,5.47337911605835
0,100,4,4,0,0.8638937473297119,5.47337911605835
0,100,4,4,0,0.8638937473297119,5.47337911605835
0,100,6,4,0,0.8638937473297119,5.47337911605835
0,100,4,4,0,0.8638937473297119,5.47337911605835
0,100,4,10,0,0.8638937473297119,5.47337911605835
0,100,4,3,0,0.8638937473297119,5.47337911605835
0,100,4,5,0,0.8638937473297119,5.47337911605835
0,100,4,7,0,0.8638937473297119,5.47337911605835
0,100,6,7,0,0.8638937473297119,5.47337911605835
0,100,6,6,0,0.8638937473297119,5.47337911605835
0,100,4,3,0,0.8638937473297119,5.47337911605835
0,100,4,5,0,0.8638937473297119,5.47337911605835
0,100,6,3,0,0.8638937473297119,5.47337911605835
0,100,4,8,0,0.8638937473297119,5.47337911605835
0,100,4,7,0,0.8638937473297119,5.47337911605835
0,100,4,1,0,0.8638937473297119,5.47337911605835
0,100,6,4,0,0.8638937473297119,5.47337911605835
0,100,6,3,0,0.8638937473297119,5.47337911605835
0,100,6,8,0,0.8638937473297119,5.47337911605835
0,100,6,7,0,0.8638937473297119,5.47337911605835
0,100,6,8,0,0.8638937473297119,5.47337911605835
0,100,6,3,0,0.8638937473297119,5.47337911605835
0,100,6,6,0,0.8638937473297119,5.47337911605835
0,100,6,7,0,0.8638937473297119,5.47337911605835
Total DB Queries This Round: 21786
1,100,9,7,0,1.0696423053741455,5.583838906288147
1,100,15,3,0,1.0696423053741455,5.583838906288147
1,100,15,0,0,1.0696423053741455,5.583838906288147
1,100,9,4,0,1.0696423053741455,5.583838906288147
1,100,15,0,0,1.0696423053741455,5.583838906288147
1,100,15,0,0,1.0696423053741455,5.583838906288147
1,100,9,2,0,1.0696423053741455,5.583838906288147
1,100,15,2,0,1.0696423053741455,5.583838906288147
1,100,16,0,1,1.0696423053741455,5.583838906288147
1,100,15,0,0,1.0696423053741455,5.583838906288147
1,100,19,0,4,1.0696423053741455,5.583838906288147
1,100,15,3,0,1.0696423053741455,5.583838906288147
1,100,9,2,0,1.0696423053741455,5.583838906288147
1,100,15,2,0,1.0696423053741455,5.583838906288147
1,100,15,1,0,1.0696423053741455,5.583838906288147
1,100,9,5,0,1.0696423053741455,5.583838906288147
1,100,12,0,3,1.0696423053741455,5.583838906288147
1,100,9,1,0,1.0696423053741455,5.583838906288147
1,100,17,0,2,1.0696423053741455,5.583838906288147
1,100,9,1,0,1.0696423053741455,5.583838906288147
1,100,10,0,1,1.0696423053741455,5.583838906288147
1,100,15,3,0,1.0696423053741455,5.583838906288147
1,100,15,1,0,1.0696423053741455,5.583838906288147
1,100,15,1,0,1.0696423053741455,5.583838906288147
1,100,15,1,0,1.0696423053741455,5.583838906288147
1,100,17,0,2,1.0696423053741455,5.583838906288147
1,100,9,1,0,1.0696423053741455,5.583838906288147
1,100,17,0,2,1.0696423053741455,5.583838906288147
1,100,9,9,0,1.0696423053741455,5.583838906288147
1,100,9,1,0,1.0696423053741455,5.583838906288147
1,100,9,2,0,1.0696423053741455,5.583838906288147
1,100,15,0,0,1.0696423053741455,5.583838906288147
1,100,9,1,0,1.0696423053741455,5.583838906288147
1,100,9,4,0,1.0696423053741455,5.583838906288147
1,100,15,2,0,1.0696423053741455,5.583838906288147
1,100,15,1,0,1.0696423053741455,5.583838906288147
1,100,15,0,0,1.0696423053741455,5.583838906288147
1,100,17,0,2,1.0696423053741455,5.583838906288147
1,100,9,2,0,1.0696423053741455,5.583838906288147
1,100,15,0,0,1.0696423053741455,5.583838906288147
1,100,15,1,0,1.0696423053741455,5.583838906288147
1,100,16,0,1,1.0696423053741455,5.583838906288147
1,100,9,1,0,1.0696423053741455,5.583838906288147
1,100,9,0,0,1.0696423053741455,5.583838906288147
1,100,15,2,0,1.0696423053741455,5.583838906288147
1,100,10,0,1,1.0696423053741455,5.583838906288147
1,100,15,0,0,1.0696423053741455,5.583838906288147
1,100,9,1,0,1.0696423053741455,5.583838906288147
1,100,9,2,0,1.0696423053741455,5.583838906288147
1,100,10,0,1,1.0696423053741455,5.583838906288147
1,100,9,0,0,1.0696423053741455,5.583838906288147
1,100,15,0,0,1.0696423053741455,5.583838906288147
1,100,9,0,0,1.0696423053741455,5.583838906288147
1,100,11,0,2,1.0696423053741455,5.583838906288147
1,100,15,3,0,1.0696423053741455,5.583838906288147
1,100,15,1,0,1.0696423053741455,5.583838906288147
1,100,9,2,0,1.0696423053741455,5.583838906288147
1,100,15,4,0,1.0696423053741455,5.583838906288147
1,100,9,5,0,1.0696423053741455,5.583838906288147
1,100,9,7,0,1.0696423053741455,5.583838906288147
1,100,9,4,0,1.0696423053741455,5.583838906288147
1,100,16,0,1,1.0696423053741455,5.583838906288147
1,100,15,2,0,1.0696423053741455,5.583838906288147
1,100,15,2,0,1.0696423053741455,5.583838906288147
1,100,15,4,0,1.0696423053741455,5.583838906288147
1,100,9,1,0,1.0696423053741455,5.583838906288147
1,100,15,2,0,1.0696423053741455,5.583838906288147
1,100,15,4,0,1.0696423053741455,5.583838906288147
1,100,15,4,0,1.0696423053741455,5.583838906288147
1,100,15,4,0,1.0696423053741455,5.583838906288147
1,100,16,0,1,1.0696423053741455,5.583838906288147
1,100,15,0,0,1.0696423053741455,5.583838906288147
1,100,15,0,0,1.0696423053741455,5.583838906288147
1,100,9,0,0,1.0696423053741455,5.583838906288147
1,100,18,0,3,1.0696423053741455,5.583838906288147
1,100,15,2,0,1.0696423053741455,5.583838906288147
1,100,15,3,0,1.0696423053741455,5.583838906288147
1,100,15,1,0,1.0696423053741455,5.583838906288147
1,100,16,0,1,1.0696423053741455,5.583838906288147
1,100,9,0,0,1.0696423053741455,5.583838906288147
1,100,17,0,2,1.0696423053741455,5.583838906288147
1,100,15,5,0,1.0696423053741455,5.583838906288147
1,100,9,5,0,1.0696423053741455,5.583838906288147
1,100,16,0,1,1.0696423053741455,5.583838906288147
1,100,15,1,0,1.0696423053741455,5.583838906288147
1,100,9,7,0,1.0696423053741455,5.583838906288147
1,100,15,2,0,1.0696423053741455,5.583838906288147
1,100,16,0,1,1.0696423053741455,5.583838906288147
1,100,15,1,0,1.0696423053741455,5.583838906288147
1,100,10,0,1,1.0696423053741455,5.583838906288147
1,100,17,0,2,1.0696423053741455,5.583838906288147
1,100,14,0,5,1.0696423053741455,5.583838906288147
1,100,19,0,4,1.0696423053741455,5.583838906288147
1,100,9,1,0,1.0696423053741455,5.583838906288147
1,100,9,1,0,1.0696423053741455,5.583838906288147
1,100,15,3,0,1.0696423053741455,5.583838906288147
1,100,15,0,0,1.0696423053741455,5.583838906288147
1,100,9,1,0,1.0696423053741455,5.583838906288147
1,100,17,0,2,1.0696423053741455,5.583838906288147
1,100,9,1,0,1.0696423053741455,5.583838906288147
0,100,15,15,0,1.0696423053741455,5.583838906288147
0,100,9,6,0,1.0696423053741455,5.583838906288147
0,100,9,13,0,1.0696423053741455,5.583838906288147
0,100,15,16,0,1.0696423053741455,5.583838906288147
0,100,15,17,0,1.0696423053741455,5.583838906288147
0,100,15,13,0,1.0696423053741455,5.583838906288147
0,100,9,12,0,1.0696423053741455,5.583838906288147
0,100,15,17,0,1.0696423053741455,5.583838906288147
0,100,15,14,0,1.0696423053741455,5.583838906288147
0,100,9,11,0,1.0696423053741455,5.583838906288147
0,100,15,13,0,1.0696423053741455,5.583838906288147
0,100,15,19,0,1.0696423053741455,5.583838906288147
0,100,15,16,0,1.0696423053741455,5.583838906288147
0,100,9,10,0,1.0696423053741455,5.583838906288147
0,100,9,12,0,1.0696423053741455,5.583838906288147
0,100,15,10,0,1.0696423053741455,5.583838906288147
0,100,15,19,0,1.0696423053741455,5.583838906288147
0,100,9,7,0,1.0696423053741455,5.583838906288147
0,100,9,12,0,1.0696423053741455,5.583838906288147
0,100,15,15,0,1.0696423053741455,5.583838906288147
0,100,9,10,0,1.0696423053741455,5.583838906288147
0,100,15,14,0,1.0696423053741455,5.583838906288147
0,100,15,16,0,1.0696423053741455,5.583838906288147
0,100,9,10,0,1.0696423053741455,5.583838906288147
0,100,15,12,0,1.0696423053741455,5.583838906288147
0,100,15,16,0,1.0696423053741455,5.583838906288147
0,100,15,14,0,1.0696423053741455,5.583838906288147
0,100,9,9,0,1.0696423053741455,5.583838906288147
0,100,15,19,0,1.0696423053741455,5.583838906288147
0,100,9,13,0,1.0696423053741455,5.583838906288147
0,100,9,14,0,1.0696423053741455,5.583838906288147
0,100,15,12,0,1.0696423053741455,5.583838906288147
0,100,15,16,0,1.0696423053741455,5.583838906288147
0,100,15,14,0,1.0696423053741455,5.583838906288147
0,100,15,17,0,1.0696423053741455,5.583838906288147
0,100,9,13,0,1.0696423053741455,5.583838906288147
0,100,15,15,0,1.0696423053741455,5.583838906288147
0,100,15,18,0,1.0696423053741455,5.583838906288147
0,100,15,15,0,1.0696423053741455,5.583838906288147
0,100,15,15,0,1.0696423053741455,5.583838906288147
0,100,9,14,0,1.0696423053741455,5.583838906288147
0,100,15,11,0,1.0696423053741455,5.583838906288147
0,100,15,11,0,1.0696423053741455,5.583838906288147
0,100,15,14,0,1.0696423053741455,5.583838906288147
0,100,15,13,0,1.0696423053741455,5.583838906288147
0,100,15,11,0,1.0696423053741455,5.583838906288147
0,100,9,13,0,1.0696423053741455,5.583838906288147
0,100,9,9,0,1.0696423053741455,5.583838906288147
0,100,15,14,0,1.0696423053741455,5.583838906288147
0,100,15,17,0,1.0696423053741455,5.583838906288147
0,100,9,13,0,1.0696423053741455,5.583838906288147
0,100,15,14,0,1.0696423053741455,5.583838906288147
0,100,15,15,0,1.0696423053741455,5.583838906288147
0,100,15,13,0,1.0696423053741455,5.583838906288147
0,100,9,10,0,1.0696423053741455,5.583838906288147
0,100,9,11,0,1.0696423053741455,5.583838906288147
0,100,9,6,0,1.0696423053741455,5.583838906288147
0,100,15,13,0,1.0696423053741455,5.583838906288147
0,100,15,5,0,1.0696423053741455,5.583838906288147
0,100,15,13,0,1.0696423053741455,5.583838906288147
0,100,9,13,0,1.0696423053741455,5.583838906288147
0,100,15,14,0,1.0696423053741455,5.583838906288147
0,100,9,11,0,1.0696423053741455,5.583838906288147
0,100,15,17,0,1.0696423053741455,5.583838906288147
0,100,9,14,0,1.0696423053741455,5.583838906288147
0,100,9,10,0,1.0696423053741455,5.583838906288147
0,100,15,5,0,1.0696423053741455,5.583838906288147
0,100,9,12,0,1.0696423053741455,5.583838906288147
0,100,15,15,0,1.0696423053741455,5.583838906288147
0,100,9,9,0,1.0696423053741455,5.583838906288147
0,100,15,14,0,1.0696423053741455,5.583838906288147
0,100,15,12,0,1.0696423053741455,5.583838906288147
0,100,15,16,0,1.0696423053741455,5.583838906288147
0,100,15,16,0,1.0696423053741455,5.583838906288147
0,100,9,10,0,1.0696423053741455,5.583838906288147
0,100,15,5,0,1.0696423053741455,5.583838906288147
0,100,9,7,0,1.0696423053741455,5.583838906288147
0,100,15,17,0,1.0696423053741455,5.583838906288147
0,100,9,12,0,1.0696423053741455,5.583838906288147
0,100,9,14,0,1.0696423053741455,5.583838906288147
0,100,15,15,0,1.0696423053741455,5.583838906288147
0,100,9,14,0,1.0696423053741455,5.583838906288147
0,100,9,13,0,1.0696423053741455,5.583838906288147
0,100,15,10,0,1.0696423053741455,5.583838906288147
0,100,15,17,0,1.0696423053741455,5.583838906288147
0,100,15,18,0,1.0696423053741455,5.583838906288147
0,100,9,14,0,1.0696423053741455,5.583838906288147
0,100,15,10,0,1.0696423053741455,5.583838906288147
0,100,9,9,0,1.0696423053741455,5.583838906288147
0,100,9,14,0,1.0696423053741455,5.583838906288147
0,100,9,14,0,1.0696423053741455,5.583838906288147
0,100,15,16,0,1.0696423053741455,5.583838906288147
0,100,15,13,0,1.0696423053741455,5.583838906288147
0,100,15,14,0,1.0696423053741455,5.583838906288147
0,100,15,13,0,1.0696423053741455,5.583838906288147
0,100,15,14,0,1.0696423053741455,5.583838906288147
0,100,15,12,0,1.0696423053741455,5.583838906288147
0,100,15,5,0,1.0696423053741455,5.583838906288147
0,100,15,13,0,1.0696423053741455,5.583838906288147
0,100,15,12,0,1.0696423053741455,5.583838906288147
Total DB Queries This Round: 21963
1,100,9,6,0,0.7691195011138916,5.424827919006348
1,100,9,6,0,0.7691195011138916,5.424827919006348
1,100,5,4,0,0.7691195011138916,5.424827919006348
1,100,9,8,0,0.7691195011138916,5.424827919006348
1,100,9,5,0,0.7691195011138916,5.424827919006348
1,100,5,3,0,0.7691195011138916,5.424827919006348
1,100,9,5,0,0.7691195011138916,5.424827919006348
1,100,9,2,0,0.7691195011138916,5.424827919006348
1,100,9,2,0,0.7691195011138916,5.424827919006348
1,100,9,1,0,0.7691195011138916,5.424827919006348
1,100,9,2,0,0.7691195011138916,5.424827919006348
1,100,5,2,0,0.7691195011138916,5.424827919006348
1,100,9,3,0,0.7691195011138916,5.424827919006348
1,100,9,0,0,0.7691195011138916,5.424827919006348
1,100,5,1,0,0.7691195011138916,5.424827919006348
1,100,5,1,0,0.7691195011138916,5.424827919006348
1,100,5,4,0,0.7691195011138916,5.424827919006348
1,100,9,0,0,0.7691195011138916,5.424827919006348
1,100,8,0,3,0.7691195011138916,5.424827919006348
1,100,5,1,0,0.7691195011138916,5.424827919006348
1,100,9,8,0,0.7691195011138916,5.424827919006348
1,100,9,0,0,0.7691195011138916,5.424827919006348
1,100,9,3,0,0.7691195011138916,5.424827919006348
1,100,9,4,0,0.7691195011138916,5.424827919006348
1,100,9,2,0,0.7691195011138916,5.424827919006348
1,100,5,1,0,0.7691195011138916,5.424827919006348
1,100,9,8,0,0.7691195011138916,5.424827919006348
1,100,5,1,0,0.7691195011138916,5.424827919006348
1,100,5,2,0,0.7691195011138916,5.424827919006348
1,100,8,0,3,0.7691195011138916,5.424827919006348
1,100,9,3,0,0.7691195011138916,5.424827919006348
1,100,5,1,0,0.7691195011138916,5.424827919006348
1,100,5,2,0,0.7691195011138916,5.424827919006348
1,100,9,3,0,0.7691195011138916,5.424827919006348
1,100,9,0,0,0.7691195011138916,5.424827919006348
1,100,9,2,0,0.7691195011138916,5.424827919006348
1,100,9,0,0,0.7691195011138916,5.424827919006348
1,100,5,2,0,0.7691195011138916,5.424827919006348
1,100,9,6,0,0.7691195011138916,5.424827919006348
1,100,9,5,0,0.7691195011138916,5.424827919006348
1,100,9,4,0,0.7691195011138916,5.424827919006348
1,100,5,2,0,0.7691195011138916,5.424827919006348
1,100,5,1,0,0.7691195011138916,5.424827919006348
1,100,9,3,0,0.7691195011138916,5.424827919006348
1,100,11,0,6,0.7691195011138916,5.424827919006348
1,100,9,0,0,0.7691195011138916,5.424827919006348
1,100,5,2,0,0.7691195011138916,5.424827919006348
1,100,5,3,0,0.7691195011138916,5.424827919006348
1,100,8,0,3,0.7691195011138916,5.424827919006348
1,100,6,0,1,0.7691195011138916,5.424827919006348
1,100,9,5,0,0.7691195011138916,5.424827919006348
1,100,5,4,0,0.7691195011138916,5.424827919006348
1,100,7,0,2,0.7691195011138916,5.424827919006348
1,100,9,5,0,0.7691195011138916,5.424827919006348
1,100,9,5,0,0.7691195011138916,5.424827919006348
1,100,5,1,0,0.7691195011138916,5.424827919006348
1,100,9,2,0,0.7691195011138916,5.424827919006348
1,100,5,4,0,0.7691195011138916,5.424827919006348
1,100,5,2,0,0.7691195011138916,5.424827919006348
1,100,5,3,0,0.7691195011138916,5.424827919006348
1,100,9,1,0,0.7691195011138916,5.424827919006348
1,100,9,2,0,0.7691195011138916,5.424827919006348
1,100,9,3,0,0.7691195011138916,5.424827919006348
1,100,9,3,0,0.7691195011138916,5.424827919006348
1,100,5,0,0,0.7691195011138916,5.424827919006348
1,100,9,0,0,0.7691195011138916,5.424827919006348
1,100,10,0,1,0.7691195011138916,5.424827919006348
1,100,9,4,0,0.7691195011138916,5.424827919006348
1,100,9,3,0,0.7691195011138916,5.424827919006348
1,100,9,3,0,0.7691195011138916,5.424827919006348
1,100,9,2,0,0.7691195011138916,5.424827919006348
1,100,9,0,0,0.7691195011138916,5.424827919006348
1,100,5,1,0,0.7691195011138916,5.424827919006348
1,100,9,0,0,0.7691195011138916,5.424827919006348
1,100,9,5,0,0.7691195011138916,5.424827919006348
1,100,9,6,0,0.7691195011138916,5.424827919006348
1,100,9,3,0,0.7691195011138916,5.424827919006348
1,100,9,7,0,0.7691195011138916,5.424827919006348
1,100,5,3,0,0.7691195011138916,5.424827919006348
1,100,9,4,0,0.7691195011138916,5.424827919006348
1,100,9,6,0,0.7691195011138916,5.424827919006348
1,100,5,3,0,0.7691195011138916,5.424827919006348
1,100,9,3,0,0.7691195011138916,5.424827919006348
1,100,9,1,0,0.7691195011138916,5.424827919006348
1,100,5,3,0,0.7691195011138916,5.424827919006348
1,100,9,3,0,0.7691195011138916,5.424827919006348
1,100,9,5,0,0.7691195011138916,5.424827919006348
1,100,9,5,0,0.7691195011138916,5.424827919006348
1,100,5,1,0,0.7691195011138916,5.424827919006348
1,100,9,6,0,0.7691195011138916,5.424827919006348
1,100,10,0,5,0.7691195011138916,5.424827919006348
1,100,9,3,0,0.7691195011138916,5.424827919006348
1,100,5,0,0,0.7691195011138916,5.424827919006348
1,100,5,2,0,0.7691195011138916,5.424827919006348
1,100,9,8,0,0.7691195011138916,5.424827919006348
1,100,9,2,0,0.7691195011138916,5.424827919006348
1,100,5,2,0,0.7691195011138916,5.424827919006348
1,100,9,0,0,0.7691195011138916,5.424827919006348
1,100,5,2,0,0.7691195011138916,5.424827919006348
1,100,9,2,0,0.7691195011138916,5.424827919006348
0,100,5,4,0,0.7691195011138916,5.424827919006348
0,100,5,7,0,0.7691195011138916,5.424827919006348
0,100,9,12,0,0.7691195011138916,5.424827919006348
0,100,9,13,0,0.7691195011138916,5.424827919006348
0,100,9,10,0,0.7691195011138916,5.424827919006348
0,100,5,8,0,0.7691195011138916,5.424827919006348
0,100,9,15,0,0.7691195011138916,5.424827919006348
0,100,9,14,0,0.7691195011138916,5.424827919006348
0,100,5,7,0,0.7691195011138916,5.424827919006348
0,100,9,10,0,0.7691195011138916,5.424827919006348
0,100,9,15,0,0.7691195011138916,5.424827919006348
0,100,9,12,0,0.7691195011138916,5.424827919006348
0,100,5,7,0,0.7691195011138916,5.424827919006348
0,100,5,8,0,0.7691195011138916,5.424827919006348
0,100,9,12,0,0.7691195011138916,5.424827919006348
0,100,9,14,0,0.7691195011138916,5.424827919006348
0,100,5,4,0,0.7691195011138916,5.424827919006348
0,100,5,4,0,0.7691195011138916,5.424827919006348
0,100,9,10,0,0.7691195011138916,5.424827919006348
0,100,5,3,0,0.7691195011138916,5.424827919006348
0,100,9,12,0,0.7691195011138916,5.424827919006348
0,100,9,15,0,0.7691195011138916,5.424827919006348
0,100,5,6,0,0.7691195011138916,5.424827919006348
0,100,9,12,0,0.7691195011138916,5.424827919006348
0,100,9,10,0,0.7691195011138916,5.424827919006348
0,100,9,13,0,0.7691195011138916,5.424827919006348
0,100,5,6,0,0.7691195011138916,5.424827919006348
0,100,9,14,0,0.7691195011138916,5.424827919006348
0,100,5,4,0,0.7691195011138916,5.424827919006348
0,100,5,2,0,0.7691195011138916,5.424827919006348
0,100,9,8,0,0.7691195011138916,5.424827919006348
0,100,9,11,0,0.7691195011138916,5.424827919006348
0,100,9,13,0,0.7691195011138916,5.424827919006348
0,100,9,12,0,0.7691195011138916,5.424827919006348
0,100,5,5,0,0.7691195011138916,5.424827919006348
0,100,9,12,0,0.7691195011138916,5.424827919006348
0,100,9,12,0,0.7691195011138916,5.424827919006348
0,100,9,12,0,0.7691195011138916,5.424827919006348
0,100,9,11,0,0.7691195011138916,5.424827919006348
0,100,5,5,0,0.7691195011138916,5.424827919006348
0,100,9,13,0,0.7691195011138916,5.424827919006348
0,100,9,14,0,0.7691195011138916,5.424827919006348
0,100,9,11,0,0.7691195011138916,5.424827919006348
0,100,9,14,0,0.7691195011138916,5.424827919006348
0,100,9,11,0,0.7691195011138916,5.424827919006348
0,100,5,5,0,0.7691195011138916,5.424827919006348
0,100,5,5,0,0.7691195011138916,5.424827919006348
0,100,9,12,0,0.7691195011138916,5.424827919006348
0,100,9,13,0,0.7691195011138916,5.424827919006348
0,100,5,6,0,0.7691195011138916,5.424827919006348
0,100,9,10,0,0.7691195011138916,5.424827919006348
0,100,9,10,0,0.7691195011138916,5.424827919006348
0,100,9,10,0,0.7691195011138916,5.424827919006348
0,100,5,2,0,0.7691195011138916,5.424827919006348
0,100,5,6,0,0.7691195011138916,5.424827919006348
0,100,5,8,0,0.7691195011138916,5.424827919006348
0,100,9,12,0,0.7691195011138916,5.424827919006348
0,100,9,9,0,0.7691195011138916,5.424827919006348
0,100,9,11,0,0.7691195011138916,5.424827919006348
0,100,5,4,0,0.7691195011138916,5.424827919006348
0,100,9,12,0,0.7691195011138916,5.424827919006348
0,100,5,8,0,0.7691195011138916,5.424827919006348
0,100,9,14,0,0.7691195011138916,5.424827919006348
0,100,5,6,0,0.7691195011138916,5.424827919006348
0,100,5,6,0,0.7691195011138916,5.424827919006348
0,100,9,11,0,0.7691195011138916,5.424827919006348
0,100,5,6,0,0.7691195011138916,5.424827919006348
0,100,9,15,0,0.7691195011138916,5.424827919006348
0,100,5,4,0,0.7691195011138916,5.424827919006348
0,100,9,10,0,0.7691195011138916,5.424827919006348
0,100,9,10,0,0.7691195011138916,5.424827919006348
0,100,9,9,0,0.7691195011138916,5.424827919006348
0,100,9,11,0,0.7691195011138916,5.424827919006348
0,100,5,3,0,0.7691195011138916,5.424827919006348
0,100,9,13,0,0.7691195011138916,5.424827919006348
0,100,5,9,0,0.7691195011138916,5.424827919006348
0,100,9,11,0,0.7691195011138916,5.424827919006348
0,100,5,6,0,0.7691195011138916,5.424827919006348
0,100,5,9,0,0.7691195011138916,5.424827919006348
0,100,9,12,0,0.7691195011138916,5.424827919006348
0,100,5,8,0,0.7691195011138916,5.424827919006348
0,100,5,6,0,0.7691195011138916,5.424827919006348
0,100,9,12,0,0.7691195011138916,5.424827919006348
0,100,9,12,0,0.7691195011138916,5.424827919006348
0,100,9,13,0,0.7691195011138916,5.424827919006348
0,100,5,6,0,0.7691195011138916,5.424827919006348
0,100,9,11,0,0.7691195011138916,5.424827919006348
0,100,5,4,0,0.7691195011138916,5.424827919006348
0,100,5,5,0,0.7691195011138916,5.424827919006348
0,100,5,6,0,0.7691195011138916,5.424827919006348
0,100,9,11,0,0.7691195011138916,5.424827919006348
0,100,9,9,0,0.7691195011138916,5.424827919006348
0,100,9,11,0,0.7691195011138916,5.424827919006348
0,100,9,10,0,0.7691195011138916,5.424827919006348
0,100,9,8,0,0.7691195011138916,5.424827919006348
0,100,9,11,0,0.7691195011138916,5.424827919006348
0,100,9,11,0,0.7691195011138916,5.424827919006348
0,100,9,11,0,0.7691195011138916,5.424827919006348
0,100,9,9,0,0.7691195011138916,5.424827919006348
0,100,5,6,0,0.7691195011138916,5.424827919006348
Total DB Queries This Round: 21307
1,100,13,3,0,0.3752169609069824,5.029762346744537
1,100,7,0,2,0.3752169609069824,5.029762346744537
1,100,13,2,0,0.3752169609069824,5.029762346744537
1,100,14,0,1,0.3752169609069824,5.029762346744537
1,100,9,0,4,0.3752169609069824,5.029762346744537
1,100,13,4,0,0.3752169609069824,5.029762346744537
1,100,13,1,0,0.3752169609069824,5.029762346744537
1,100,13,1,0,0.3752169609069824,5.029762346744537
1,100,14,0,1,0.3752169609069824,5.029762346744537
1,100,17,0,4,0.3752169609069824,5.029762346744537
1,100,7,0,2,0.3752169609069824,5.029762346744537
1,100,13,2,0,0.3752169609069824,5.029762346744537
1,100,13,0,0,0.3752169609069824,5.029762346744537
1,100,6,0,1,0.3752169609069824,5.029762346744537
1,100,9,0,4,0.3752169609069824,5.029762346744537
1,100,11,0,6,0.3752169609069824,5.029762346744537
1,100,13,1,0,0.3752169609069824,5.029762346744537
1,100,8,0,3,0.3752169609069824,5.029762346744537
1,100,13,3,0,0.3752169609069824,5.029762346744537
1,100,13,4,0,0.3752169609069824,5.029762346744537
1,100,15,0,2,0.3752169609069824,5.029762346744537
1,100,13,2,0,0.3752169609069824,5.029762346744537
1,100,13,1,0,0.3752169609069824,5.029762346744537
1,100,13,2,0,0.3752169609069824,5.029762346744537
1,100,8,0,3,0.3752169609069824,5.029762346744537
1,100,13,4,0,0.3752169609069824,5.029762346744537
1,100,8,0,3,0.3752169609069824,5.029762346744537
1,100,5,1,0,0.3752169609069824,5.029762346744537
1,100,13,5,0,0.3752169609069824,5.029762346744537
1,100,13,0,0,0.3752169609069824,5.029762346744537
1,100,9,0,4,0.3752169609069824,5.029762346744537
1,100,7,0,2,0.3752169609069824,5.029762346744537
1,100,13,2,0,0.3752169609069824,5.029762346744537
1,100,15,0,2,0.3752169609069824,5.029762346744537
1,100,13,4,0,0.3752169609069824,5.029762346744537
1,100,15,0,2,0.3752169609069824,5.029762346744537
1,100,8,0,3,0.3752169609069824,5.029762346744537
1,100,14,0,1,0.3752169609069824,5.029762346744537
1,100,13,2,0,0.3752169609069824,5.029762346744537
1,100,13,0,0,0.3752169609069824,5.029762346744537
1,100,6,0,1,0.3752169609069824,5.029762346744537
1,100,10,0,5,0.3752169609069824,5.029762346744537
1,100,17,0,4,0.3752169609069824,5.029762346744537
1,100,13,4,0,0.3752169609069824,5.029762346744537
1,100,13,1,0,0.3752169609069824,5.029762346744537
1,100,9,0,4,0.3752169609069824,5.029762346744537
1,100,10,0,5,0.3752169609069824,5.029762346744537
1,100,13,2,0,0.3752169609069824,5.029762346744537
1,100,13,6,0,0.3752169609069824,5.029762346744537
1,100,15,0,2,0.3752169609069824,5.029762346744537
1,100,6,0,1,0.3752169609069824,5.029762346744537
1,100,13,3,0,0.3752169609069824,5.029762346744537
1,100,13,0,0,0.3752169609069824,5.029762346744537
1,100,14,0,1,0.3752169609069824,5.029762346744537
1,100,6,0,1,0.3752169609069824,5.029762346744537
1,100,13,1,0,0.3752169609069824,5.029762346744537
1,100,7,0,2,0.3752169609069824,5.029762346744537
1,100,7,0,2,0.3752169609069824,5.029762346744537
1,100,9,0,4,0.3752169609069824,5.029762346744537
1,100,14,0,1,0.3752169609069824,5.029762346744537
1,100,15,0,2,0.3752169609069824,5.029762346744537
1,100,13,0,0,0.3752169609069824,5.029762346744537
1,100,14,0,1,0.3752169609069824,5.029762346744537
1,100,13,5,0,0.3752169609069824,5.029762346744537
1,100,13,1,0,0.3752169609069824,5.029762346744537
1,100,15,0,2,0.3752169609069824,5.029762346744537
1,100,18,0,5,0.3752169609069824,5.029762346744537
1,100,13,4,0,0.3752169609069824,5.029762346744537
1,100,16,0,3,0.3752169609069824,5.029762346744537
1,100,13,1,0,0.3752169609069824,5.029762346744537
1,100,13,0,0,0.3752169609069824,5.029762346744537
1,100,13,0,8,0.3752169609069824,5.029762346744537
1,100,14,0,1,0.3752169609069824,5.029762346744537
1,100,13,3,0,0.3752169609069824,5.029762346744537
1,100,13,1,0,0.3752169609069824,5.029762346744537
1,100,13,1,0,0.3752169609069824,5.029762346744537
1,100,13,2,0,0.3752169609069824,5.029762346744537
1,100,6,0,1,0.3752169609069824,5.029762346744537
1,100,17,0,4,0.3752169609069824,5.029762346744537
1,100,13,3,0,0.3752169609069824,5.029762346744537
1,100,8,0,3,0.3752169609069824,5.029762346744537
1,100,13,0,0,0.3752169609069824,5.029762346744537
1,100,13,0,0,0.3752169609069824,5.029762346744537
1,100,6,0,1,0.3752169609069824,5.029762346744537
1,100,13,1,0,0.3752169609069824,5.029762346744537
1,100,13,0,0,0.3752169609069824,5.029762346744537
1,100,13,5,0,0.3752169609069824,5.029762346744537
1,100,10,0,5,0.3752169609069824,5.029762346744537
1,100,13,0,0,0.3752169609069824,5.029762346744537
1,100,13,1,0,0.3752169609069824,5.029762346744537
1,100,13,0,0,0.3752169609069824,5.029762346744537
1,100,9,0,4,0.3752169609069824,5.029762346744537
1,100,12,0,7,0.3752169609069824,5.029762346744537
1,100,13,1,0,0.3752169609069824,5.029762346744537
1,100,13,0,0,0.3752169609069824,5.029762346744537
1,100,13,2,0,0.3752169609069824,5.029762346744537
1,100,16,0,3,0.3752169609069824,5.029762346744537
1,100,8,0,3,0.3752169609069824,5.029762346744537
1,100,13,4,0,0.3752169609069824,5.029762346744537
1,100,13,3,0,0.3752169609069824,5.029762346744537
0,100,5,2,0,0.3752169609069824,5.029762346744537
0,100,13,11,0,0.3752169609069824,5.029762346744537
0,100,13,9,0,0.3752169609069824,5.029762346744537
0,100,13,6,0,0.3752169609069824,5.029762346744537
0,100,5,3,0,0.3752169609069824,5.029762346744537
0,100,13,12,0,0.3752169609069824,5.029762346744537
0,100,13,13,0,0.3752169609069824,5.029762346744537
0,100,5,3,0,0.3752169609069824,5.029762346744537
0,100,13,13,0,0.3752169609069824,5.029762346744537
0,100,13,11,0,0.3752169609069824,5.029762346744537
0,100,13,12,0,0.3752169609069824,5.029762346744537
0,100,13,13,0,0.3752169609069824,5.029762346744537
0,100,5,5,0,0.3752169609069824,5.029762346744537
0,100,13,11,0,0.3752169609069824,5.029762346744537
0,100,13,12,0,0.3752169609069824,5.029762346744537
0,100,5,2,0,0.3752169609069824,5.029762346744537
0,100,5,4,0,0.3752169609069824,5.029762346744537
0,100,13,13,0,0.3752169609069824,5.029762346744537
0,100,5,6,0,0.3752169609069824,5.029762346744537
0,100,13,12,0,0.3752169609069824,5.029762346744537
0,100,13,12,0,0.3752169609069824,5.029762346744537
0,100,5,2,0,0.3752169609069824,5.029762346744537
0,100,13,10,0,0.3752169609069824,5.029762346744537
0,100,13,13,0,0.3752169609069824,5.029762346744537
0,100,13,13,0,0.3752169609069824,5.029762346744537
0,100,5,5,0,0.3752169609069824,5.029762346744537
0,100,13,13,0,0.3752169609069824,5.029762346744537
0,100,13,11,0,0.3752169609069824,5.029762346744537
0,100,5,5,0,0.3752169609069824,5.029762346744537
0,100,13,13,0,0.3752169609069824,5.029762346744537
0,100,13,10,0,0.3752169609069824,5.029762346744537
0,100,13,10,0,0.3752169609069824,5.029762346744537
0,100,13,13,0,0.3752169609069824,5.029762346744537
0,100,5,5,0,0.3752169609069824,5.029762346744537
0,100,13,10,0,0.3752169609069824,5.029762346744537
0,100,13,13,0,0.3752169609069824,5.029762346744537
0,100,13,13,0,0.3752169609069824,5.029762346744537
0,100,13,13,0,0.3752169609069824,5.029762346744537
0,100,5,5,0,0.3752169609069824,5.029762346744537
0,100,13,10,0,0.3752169609069824,5.029762346744537
0,100,13,12,0,0.3752169609069824,5.029762346744537
0,100,13,13,0,0.3752169609069824,5.029762346744537
0,100,13,12,0,0.3752169609069824,5.029762346744537
0,100,13,9,0,0.3752169609069824,5.029762346744537
0,100,5,5,0,0.3752169609069824,5.029762346744537
0,100,13,12,0,0.3752169609069824,5.029762346744537
0,100,13,10,0,0.3752169609069824,5.029762346744537
0,100,13,11,0,0.3752169609069824,5.029762346744537
0,100,5,5,0,0.3752169609069824,5.029762346744537
0,100,13,4,0,0.3752169609069824,5.029762346744537
0,100,13,11,0,0.3752169609069824,5.029762346744537
0,100,13,7,0,0.3752169609069824,5.029762346744537
0,100,13,12,0,0.3752169609069824,5.029762346744537
0,100,13,9,0,0.3752169609069824,5.029762346744537
0,100,5,1,0,0.3752169609069824,5.029762346744537
0,100,13,12,0,0.3752169609069824,5.029762346744537
0,100,13,10,0,0.3752169609069824,5.029762346744537
0,100,13,13,0,0.3752169609069824,5.029762346744537
0,100,5,6,0,0.3752169609069824,5.029762346744537
0,100,13,13,0,0.3752169609069824,5.029762346744537
0,100,5,5,0,0.3752169609069824,5.029762346744537
0,100,13,13,0,0.3752169609069824,5.029762346744537
0,100,13,12,0,0.3752169609069824,5.029762346744537
0,100,5,4,0,0.3752169609069824,5.029762346744537
0,100,13,11,0,0.3752169609069824,5.029762346744537
0,100,5,5,0,0.3752169609069824,5.029762346744537
0,100,13,12,0,0.3752169609069824,5.029762346744537
0,100,5,6,0,0.3752169609069824,5.029762346744537
0,100,13,13,0,0.3752169609069824,5.029762346744537
0,100,13,12,0,0.3752169609069824,5.029762346744537
0,100,13,12,0,0.3752169609069824,5.029762346744537
0,100,13,13,0,0.3752169609069824,5.029762346744537
0,100,5,5,0,0.3752169609069824,5.029762346744537
0,100,13,13,0,0.3752169609069824,5.029762346744537
0,100,13,13,0,0.3752169609069824,5.029762346744537
0,100,13,13,0,0.3752169609069824,5.029762346744537
0,100,5,5,0,0.3752169609069824,5.029762346744537
0,100,5,5,0,0.3752169609069824,5.029762346744537
0,100,13,12,0,0.3752169609069824,5.029762346744537
0,100,5,5,0,0.3752169609069824,5.029762346744537
0,100,5,5,0,0.3752169609069824,5.029762346744537
0,100,13,14,0,0.3752169609069824,5.029762346744537
0,100,13,13,0,0.3752169609069824,5.029762346744537
0,100,13,13,0,0.3752169609069824,5.029762346744537
0,100,5,5,0,0.3752169609069824,5.029762346744537
0,100,13,13,0,0.3752169609069824,5.029762346744537
0,100,5,4,0,0.3752169609069824,5.029762346744537
0,100,13,10,0,0.3752169609069824,5.029762346744537
0,100,5,3,0,0.3752169609069824,5.029762346744537
0,100,13,13,0,0.3752169609069824,5.029762346744537
0,100,13,9,0,0.3752169609069824,5.029762346744537
0,100,13,14,0,0.3752169609069824,5.029762346744537
0,100,13,11,0,0.3752169609069824,5.029762346744537
0,100,13,11,0,0.3752169609069824,5.029762346744537
0,100,13,10,0,0.3752169609069824,5.029762346744537
0,100,13,10,0,0.3752169609069824,5.029762346744537
0,100,13,13,0,0.3752169609069824,5.029762346744537
0,100,13,11,0,0.3752169609069824,5.029762346744537
0,100,5,3,0,0.3752169609069824,5.029762346744537
0,100,13,12,0,0.3752169609069824,5.029762346744537
Total DB Queries This Round: 19795
1,100,8,3,0,0.3907742500305176,4.748415811061859
1,100,11,0,1,0.3907742500305176,4.748415811061859
1,100,10,0,0,0.3907742500305176,4.748415811061859
1,100,8,5,0,0.3907742500305176,4.748415811061859
1,100,10,2,0,0.3907742500305176,4.748415811061859
1,100,11,0,1,0.3907742500305176,4.748415811061859
1,100,10,1,0,0.3907742500305176,4.748415811061859
1,100,12,0,2,0.3907742500305176,4.748415811061859
1,100,12,0,2,0.3907742500305176,4.748415811061859
1,100,8,2,0,0.3907742500305176,4.748415811061859
1,100,14,0,4,0.3907742500305176,4.748415811061859
1,100,10,0,0,0.3907742500305176,4.748415811061859
1,100,8,2,0,0.3907742500305176,4.748415811061859
1,100,9,0,1,0.3907742500305176,4.748415811061859
1,100,8,3,0,0.3907742500305176,4.748415811061859
1,100,10,0,0,0.3907742500305176,4.748415811061859
1,100,8,1,0,0.3907742500305176,4.748415811061859
1,100,8,3,0,0.3907742500305176,4.748415811061859
1,100,10,3,0,0.3907742500305176,4.748415811061859
1,100,11,0,1,0.3907742500305176,4.748415811061859
1,100,12,0,2,0.3907742500305176,4.748415811061859
1,100,10,0,0,0.3907742500305176,4.748415811061859
1,100,10,2,0,0.3907742500305176,4.748415811061859
1,100,8,5,0,0.3907742500305176,4.748415811061859
1,100,11,0,1,0.3907742500305176,4.748415811061859
1,100,8,6,0,0.3907742500305176,4.748415811061859
1,100,8,3,0,0.3907742500305176,4.748415811061859
1,100,10,0,2,0.3907742500305176,4.748415811061859
1,100,10,0,0,0.3907742500305176,4.748415811061859
1,100,8,0,0,0.3907742500305176,4.748415811061859
1,100,8,0,0,0.3907742500305176,4.748415811061859
1,100,10,2,0,0.3907742500305176,4.748415811061859
1,100,12,0,2,0.3907742500305176,4.748415811061859
1,100,12,0,2,0.3907742500305176,4.748415811061859
1,100,15,0,5,0.3907742500305176,4.748415811061859
1,100,8,0,0,0.3907742500305176,4.748415811061859
1,100,10,1,0,0.3907742500305176,4.748415811061859
1,100,12,0,2,0.3907742500305176,4.748415811061859
1,100,10,3,0,0.3907742500305176,4.748415811061859
1,100,8,0,0,0.3907742500305176,4.748415811061859
1,100,8,0,0,0.3907742500305176,4.748415811061859
1,100,10,0,0,0.3907742500305176,4.748415811061859
1,100,8,1,0,0.3907742500305176,4.748415811061859
1,100,10,0,0,0.3907742500305176,4.748415811061859
1,100,8,5,0,0.3907742500305176,4.748415811061859
1,100,8,4,0,0.3907742500305176,4.748415811061859
1,100,8,3,0,0.3907742500305176,4.748415811061859
1,100,8,0,0,0.3907742500305176,4.748415811061859
1,100,13,0,3,0.3907742500305176,4.748415811061859
1,100,8,0,0,0.3907742500305176,4.748415811061859
1,100,9,0,1,0.3907742500305176,4.748415811061859
1,100,10,0,0,0.3907742500305176,4.748415811061859
1,100,14,0,4,0.3907742500305176,4.748415811061859
1,100,9,0,1,0.3907742500305176,4.748415811061859
1,100,10,0,0,0.3907742500305176,4.748415811061859
1,100,8,0,0,0.3907742500305176,4.748415811061859
1,100,8,3,0,0.3907742500305176,4.748415811061859
1,100,8,3,0,0.3907742500305176,4.748415811061859
1,100,12,0,2,0.3907742500305176,4.748415811061859
1,100,10,0,0,0.3907742500305176,4.748415811061859
1,100,12,0,2,0.3907742500305176,4.748415811061859
1,100,11,0,1,0.3907742500305176,4.748415811061859
1,100,8,1,0,0.3907742500305176,4.748415811061859
1,100,12,0,2,0.3907742500305176,4.748415811061859
1,100,10,0,0,0.3907742500305176,4.748415811061859
1,100,13,0,3,0.3907742500305176,4.748415811061859
1,100,13,0,3,0.3907742500305176,4.748415811061859
1,100,13,0,3,0.3907742500305176,4.748415811061859
1,100,13,0,3,0.3907742500305176,4.748415811061859
1,100,14,0,4,0.3907742500305176,4.748415811061859
1,100,8,0,0,0.3907742500305176,4.748415811061859
1,100,14,0,4,0.3907742500305176,4.748415811061859
1,100,12,0,2,0.3907742500305176,4.748415811061859
1,100,10,1,0,0.3907742500305176,4.748415811061859
1,100,12,0,2,0.3907742500305176,4.748415811061859
1,100,10,0,0,0.3907742500305176,4.748415811061859
1,100,8,2,0,0.3907742500305176,4.748415811061859
1,100,12,0,2,0.3907742500305176,4.748415811061859
1,100,10,0,0,0.3907742500305176,4.748415811061859
1,100,8,0,0,0.3907742500305176,4.748415811061859
1,100,15,0,5,0.3907742500305176,4.748415811061859
1,100,12,0,2,0.3907742500305176,4.748415811061859
1,100,9,0,1,0.3907742500305176,4.748415811061859
1,100,12,0,2,0.3907742500305176,4.748415811061859
1,100,14,0,4,0.3907742500305176,4.748415811061859
1,100,10,0,0,0.3907742500305176,4.748415811061859
1,100,8,6,0,0.3907742500305176,4.748415811061859
1,100,10,2,0,0.3907742500305176,4.748415811061859
1,100,11,0,3,0.3907742500305176,4.748415811061859
1,100,10,0,0,0.3907742500305176,4.748415811061859
1,100,8,0,0,0.3907742500305176,4.748415811061859
1,100,12,0,4,0.3907742500305176,4.748415811061859
1,100,13,0,3,0.3907742500305176,4.748415811061859
1,100,14,0,4,0.3907742500305176,4.748415811061859
1,100,11,0,3,0.3907742500305176,4.748415811061859
1,100,15,0,5,0.3907742500305176,4.748415811061859
1,100,8,0,0,0.3907742500305176,4.748415811061859
1,100,11,0,1,0.3907742500305176,4.748415811061859
1,100,8,0,0,0.3907742500305176,4.748415811061859
1,100,8,0,0,0.3907742500305176,4.748415811061859
0,100,10,9,0,0.3907742500305176,4.748415811061859
0,100,10,10,0,0.3907742500305176,4.748415811061859
0,100,10,8,0,0.3907742500305176,4.748415811061859
0,100,8,7,0,0.3907742500305176,4.748415811061859
0,100,10,7,0,0.3907742500305176,4.748415811061859
0,100,10,7,0,0.3907742500305176,4.748415811061859
0,100,8,5,0,0.3907742500305176,4.748415811061859
0,100,10,8,0,0.3907742500305176,4.748415811061859
0,100,10,8,0,0.3907742500305176,4.748415811061859
0,100,10,7,0,0.3907742500305176,4.748415811061859
0,100,8,5,0,0.3907742500305176,4.748415811061859
0,100,8,7,0,0.3907742500305176,4.748415811061859
0,100,10,7,0,0.3907742500305176,4.748415811061859
0,100,10,9,0,0.3907742500305176,4.748415811061859
0,100,8,5,0,0.3907742500305176,4.748415811061859
0,100,8,6,0,0.3907742500305176,4.748415811061859
0,100,10,5,0,0.3907742500305176,4.748415811061859
0,100,8,9,0,0.3907742500305176,4.748415811061859
0,100,10,6,0,0.3907742500305176,4.748415811061859
0,100,10,9,0,0.3907742500305176,4.748415811061859
0,100,8,6,0,0.3907742500305176,4.748415811061859
0,100,10,8,0,0.3907742500305176,4.748415811061859
0,100,10,7,0,0.3907742500305176,4.748415811061859
0,100,10,9,0,0.3907742500305176,4.748415811061859
0,100,8,7,0,0.3907742500305176,4.748415811061859
0,100,10,9,0,0.3907742500305176,4.748415811061859
0,100,8,9,0,0.3907742500305176,4.748415811061859
0,100,8,4,0,0.3907742500305176,4.748415811061859
0,100,10,9,0,0.3907742500305176,4.748415811061859
0,100,10,12,0,0.3907742500305176,4.748415811061859
0,100,10,7,0,0.3907742500305176,4.748415811061859
0,100,10,10,0,0.3907742500305176,4.748415811061859
0,100,8,10,0,0.3907742500305176,4.748415811061859
0,100,10,8,0,0.3907742500305176,4.748415811061859
0,100,10,9,0,0.3907742500305176,4.748415811061859
0,100,10,9,0,0.3907742500305176,4.748415811061859
0,100,10,8,0,0.3907742500305176,4.748415811061859
0,100,8,8,0,0.3907742500305176,4.748415811061859
0,100,10,10,0,0.3907742500305176,4.748415811061859
0,100,10,8,0,0.3907742500305176,4.748415811061859
0,100,10,7,0,0.3907742500305176,4.748415811061859
0,100,10,10,0,0.3907742500305176,4.748415811061859
0,100,10,6,0,0.3907742500305176,4.748415811061859
0,100,8,5,0,0.3907742500305176,4.748415811061859
0,100,8,6,0,0.3907742500305176,4.748415811061859
0,100,10,10,0,0.3907742500305176,4.748415811061859
0,100,10,7,0,0.3907742500305176,4.748415811061859
0,100,8,3,0,0.3907742500305176,4.748415811061859
0,100,10,8,0,0.3907742500305176,4.748415811061859
0,100,10,10,0,0.3907742500305176,4.748415811061859
0,100,10,8,0,0.3907742500305176,4.748415811061859
0,100,8,8,0,0.3907742500305176,4.748415811061859
0,100,8,6,0,0.3907742500305176,4.748415811061859
0,100,8,8,0,0.3907742500305176,4.748415811061859
0,100,10,10,0,0.3907742500305176,4.748415811061859
0,100,10,6,0,0.3907742500305176,4.748415811061859
0,100,10,8,0,0.3907742500305176,4.748415811061859
0,100,8,12,0,0.3907742500305176,4.748415811061859
0,100,10,9,0,0.3907742500305176,4.748415811061859
0,100,8,7,0,0.3907742500305176,4.748415811061859
0,100,10,6,0,0.3907742500305176,4.748415811061859
0,100,8,7,0,0.3907742500305176,4.748415811061859
0,100,8,5,0,0.3907742500305176,4.748415811061859
0,100,10,9,0,0.3907742500305176,4.748415811061859
0,100,8,7,0,0.3907742500305176,4.748415811061859
0,100,10,10,0,0.3907742500305176,4.748415811061859
0,100,8,10,0,0.3907742500305176,4.748415811061859
0,100,10,11,0,0.3907742500305176,4.748415811061859
0,100,10,10,0,0.3907742500305176,4.748415811061859
0,100,10,10,0,0.3907742500305176,4.748415811061859
0,100,10,10,0,0.3907742500305176,4.748415811061859
0,100,8,9,0,0.3907742500305176,4.748415811061859
0,100,10,9,0,0.3907742500305176,4.748415811061859
0,100,8,11,0,0.3907742500305176,4.748415811061859
0,100,10,9,0,0.3907742500305176,4.748415811061859
0,100,8,8,0,0.3907742500305176,4.748415811061859
0,100,8,7,0,0.3907742500305176,4.748415811061859
0,100,10,13,0,0.3907742500305176,4.748415811061859
0,100,8,10,0,0.3907742500305176,4.748415811061859
0,100,8,9,0,0.3907742500305176,4.748415811061859
0,100,10,9,0,0.3907742500305176,4.748415811061859
0,100,10,13,0,0.3907742500305176,4.748415811061859
0,100,10,7,0,0.3907742500305176,4.748415811061859
0,100,8,7,0,0.3907742500305176,4.748415811061859
0,100,10,10,0,0.3907742500305176,4.748415811061859
0,100,8,4,0,0.3907742500305176,4.748415811061859
0,100,8,11,0,0.3907742500305176,4.748415811061859
0,100,8,10,0,0.3907742500305176,4.748415811061859
0,100,10,13,0,0.3907742500305176,4.748415811061859
0,100,10,10,0,0.3907742500305176,4.748415811061859
0,100,10,12,0,0.3907742500305176,4.748415811061859
0,100,10,9,0,0.3907742500305176,4.748415811061859
0,100,10,7,0,0.3907742500305176,4.748415811061859
0,100,10,10,0,0.3907742500305176,4.748415811061859
0,100,10,10,0,0.3907742500305176,4.748415811061859
0,100,10,11,0,0.3907742500305176,4.748415811061859
0,100,10,8,0,0.3907742500305176,4.748415811061859
0,100,8,7,0,0.3907742500305176,4.748415811061859
0,100,10,10,0,0.3907742500305176,4.748415811061859
0,100,10,8,0,0.3907742500305176,4.748415811061859
Total DB Queries This Round: 18538
1,100,14,4,0,0.9343478679656982,5.566185259819031
1,100,14,2,0,0.9343478679656982,5.566185259819031
1,100,8,4,0,0.9343478679656982,5.566185259819031
1,100,14,4,0,0.9343478679656982,5.566185259819031
1,100,14,1,0,0.9343478679656982,5.566185259819031
1,100,14,3,0,0.9343478679656982,5.566185259819031
1,100,14,3,0,0.9343478679656982,5.566185259819031
1,100,14,2,0,0.9343478679656982,5.566185259819031
1,100,8,4,0,0.9343478679656982,5.566185259819031
1,100,14,4,0,0.9343478679656982,5.566185259819031
1,100,14,2,0,0.9343478679656982,5.566185259819031
1,100,8,4,0,0.9343478679656982,5.566185259819031
1,100,8,1,0,0.9343478679656982,5.566185259819031
1,100,8,6,0,0.9343478679656982,5.566185259819031
1,100,14,0,0,0.9343478679656982,5.566185259819031
1,100,8,5,0,0.9343478679656982,5.566185259819031
1,100,9,0,1,0.9343478679656982,5.566185259819031
1,100,14,4,0,0.9343478679656982,5.566185259819031
1,100,14,3,0,0.9343478679656982,5.566185259819031
1,100,14,1,0,0.9343478679656982,5.566185259819031
1,100,14,3,0,0.9343478679656982,5.566185259819031
1,100,14,0,0,0.9343478679656982,5.566185259819031
1,100,10,0,2,0.9343478679656982,5.566185259819031
1,100,14,5,0,0.9343478679656982,5.566185259819031
1,100,8,0,0,0.9343478679656982,5.566185259819031
1,100,8,7,0,0.9343478679656982,5.566185259819031
1,100,10,0,2,0.9343478679656982,5.566185259819031
1,100,14,3,0,0.9343478679656982,5.566185259819031
1,100,9,0,1,0.9343478679656982,5.566185259819031
1,100,8,5,0,0.9343478679656982,5.566185259819031
1,100,14,2,0,0.9343478679656982,5.566185259819031
1,100,14,3,0,0.9343478679656982,5.566185259819031
1,100,14,3,0,0.9343478679656982,5.566185259819031
1,100,14,1,0,0.9343478679656982,5.566185259819031
1,100,8,0,0,0.9343478679656982,5.566185259819031
1,100,14,3,0,0.9343478679656982,5.566185259819031
1,100,16,0,2,0.9343478679656982,5.566185259819031
1,100,14,2,0,0.9343478679656982,5.566185259819031
1,100,8,8,0,0.9343478679656982,5.566185259819031
1,100,8,5,0,0.9343478679656982,5.566185259819031
1,100,14,0,0,0.9343478679656982,5.566185259819031
1,100,9,0,1,0.9343478679656982,5.566185259819031
1,100,14,1,0,0.9343478679656982,5.566185259819031
1,100,8,0,0,0.9343478679656982,5.566185259819031
1,100,8,5,0,0.9343478679656982,5.566185259819031
1,100,8,0,0,0.9343478679656982,5.566185259819031
1,100,9,0,1,0.9343478679656982,5.566185259819031
1,100,14,4,0,0.9343478679656982,5.566185259819031
1,100,8,3,0,0.9343478679656982,5.566185259819031
1,100,10,0,2,0.9343478679656982,5.566185259819031
1,100,14,1,0,0.9343478679656982,5.566185259819031
1,100,14,0,0,0.9343478679656982,5.566185259819031
1,100,9,0,1,0.9343478679656982,5.566185259819031
1,100,14,1,0,0.9343478679656982,5.566185259819031
1,100,8,4,0,0.9343478679656982,5.566185259819031
1,100,9,0,1,0.9343478679656982,5.566185259819031
1,100,8,4,0,0.9343478679656982,5.566185259819031
1,100,14,2,0,0.9343478679656982,5.566185259819031
1,100,14,0,0,0.9343478679656982,5.566185259819031
1,100,16,0,2,0.9343478679656982,5.566185259819031
1,100,15,0,1,0.9343478679656982,5.566185259819031
1,100,10,0,2,0.9343478679656982,5.566185259819031
1,100,15,0,1,0.9343478679656982,5.566185259819031
1,100,15,0,1,0.9343478679656982,5.566185259819031
1,100,14,1,0,0.9343478679656982,5.566185259819031
1,100,14,4,0,0.9343478679656982,5.566185259819031
1,100,17,0,3,0.9343478679656982,5.566185259819031
1,100,17,0,3,0.9343478679656982,5.566185259819031
1,100,14,2,0,0.9343478679656982,5.566185259819031
1,100,8,0,0,0.9343478679656982,5.566185259819031
1,100,15,0,1,0.9343478679656982,5.566185259819031
1,100,14,3,0,0.9343478679656982,5.566185259819031
1,100,14,4,0,0.9343478679656982,5.566185259819031
1,100,15,0,1,0.9343478679656982,5.566185259819031
1,100,19,0,5,0.9343478679656982,5.566185259819031
1,100,9,0,1,0.9343478679656982,5.566185259819031
1,100,18,0,4,0.9343478679656982,5.566185259819031
1,100,14,1,0,0.9343478679656982,5.566185259819031
1,100,9,0,1,0.9343478679656982,5.566185259819031
1,100,15,0,1,0.9343478679656982,5.566185259819031
1,100,14,0,0,0.9343478679656982,5.566185259819031
1,100,8,4,0,0.9343478679656982,5.566185259819031
1,100,19,0,5,0.9343478679656982,5.566185259819031
1,100,14,0,0,0.9343478679656982,5.566185259819031
1,100,15,0,1,0.9343478679656982,5.566185259819031
1,100,8,2,0,0.9343478679656982,5.566185259819031
1,100,14,1,0,0.9343478679656982,5.566185259819031
1,100,9,0,1,0.9343478679656982,5.566185259819031
1,100,17,0,3,0.9343478679656982,5.566185259819031
1,100,8,0,0,0.9343478679656982,5.566185259819031
1,100,9,0,1,0.9343478679656982,5.566185259819031
1,100,14,3,0,0.9343478679656982,5.566185259819031
1,100,14,1,0,0.9343478679656982,5.566185259819031
1,100,10,0,2,0.9343478679656982,5.566185259819031
1,100,17,0,3,0.9343478679656982,5.566185259819031
1,100,9,0,1,0.9343478679656982,5.566185259819031
1,100,15,0,1,0.9343478679656982,5.566185259819031
1,100,13,0,5,0.9343478679656982,5.566185259819031
1,100,9,0,1,0.9343478679656982,5.566185259819031
1,100,17,0,3,0.9343478679656982,5.566185259819031
0,100,14,13,0,0.9343478679656982,5.566185259819031
0,100,14,11,0,0.9343478679656982,5.566185259819031
0,100,8,6,0,0.9343478679656982,5.566185259819031
0,100,14,13,0,0.9343478679656982,5.566185259819031
0,100,14,10,0,0.9343478679656982,5.566185259819031
0,100,8,9,0,0.9343478679656982,5.566185259819031
0,100,14,12,0,0.9343478679656982,5.566185259819031
0,100,14,9,0,0.9343478679656982,5.566185259819031
0,100,14,16,0,0.9343478679656982,5.566185259819031
0,100,8,4,0,0.9343478679656982,5.566185259819031
0,100,8,7,0,0.9343478679656982,5.566185259819031
0,100,14,10,0,0.9343478679656982,5.566185259819031
0,100,14,7,0,0.9343478679656982,5.566185259819031
0,100,8,4,0,0.9343478679656982,5.566185259819031
0,100,8,12,0,0.9343478679656982,5.566185259819031
0,100,14,17,0,0.9343478679656982,5.566185259819031
0,100,8,7,0,0.9343478679656982,5.566185259819031
0,100,14,11,0,0.9343478679656982,5.566185259819031
0,100,14,13,0,0.9343478679656982,5.566185259819031
0,100,8,6,0,0.9343478679656982,5.566185259819031
0,100,14,11,0,0.9343478679656982,5.566185259819031
0,100,14,12,0,0.9343478679656982,5.566185259819031
0,100,14,13,0,0.9343478679656982,5.566185259819031
0,100,8,9,0,0.9343478679656982,5.566185259819031
0,100,14,13,0,0.9343478679656982,5.566185259819031
0,100,8,7,0,0.9343478679656982,5.566185259819031
0,100,8,8,0,0.9343478679656982,5.566185259819031
0,100,14,13,0,0.9343478679656982,5.566185259819031
0,100,14,12,0,0.9343478679656982,5.566185259819031
0,100,14,10,0,0.9343478679656982,5.566185259819031
0,100,14,4,0,0.9343478679656982,5.566185259819031
0,100,8,9,0,0.9343478679656982,5.566185259819031
0,100,14,14,0,0.9343478679656982,5.566185259819031
0,100,14,9,0,0.9343478679656982,5.566185259819031
0,100,14,12,0,0.9343478679656982,5.566185259819031
0,100,14,10,0,0.9343478679656982,5.566185259819031
0,100,8,6,0,0.9343478679656982,5.566185259819031
0,100,14,12,0,0.9343478679656982,5.566185259819031
0,100,14,12,0,0.9343478679656982,5.566185259819031
0,100,14,13,0,0.9343478679656982,5.566185259819031
0,100,14,13,0,0.9343478679656982,5.566185259819031
0,100,14,11,0,0.9343478679656982,5.566185259819031
0,100,8,9,0,0.9343478679656982,5.566185259819031
0,100,8,10,0,0.9343478679656982,5.566185259819031
0,100,14,12,0,0.9343478679656982,5.566185259819031
0,100,14,9,0,0.9343478679656982,5.566185259819031
0,100,8,6,0,0.9343478679656982,5.566185259819031
0,100,14,11,0,0.9343478679656982,5.566185259819031
0,100,14,13,0,0.9343478679656982,5.566185259819031
0,100,14,10,0,0.9343478679656982,5.566185259819031
0,100,8,3,0,0.9343478679656982,5.566185259819031
0,100,8,8,0,0.9343478679656982,5.566185259819031
0,100,8,7,0,0.9343478679656982,5.566185259819031
0,100,14,10,0,0.9343478679656982,5.566185259819031
0,100,14,10,0,0.9343478679656982,5.566185259819031
0,100,14,12,0,0.9343478679656982,5.566185259819031
0,100,8,10,0,0.9343478679656982,5.566185259819031
0,100,14,12,0,0.9343478679656982,5.566185259819031
0,100,8,10,0,0.9343478679656982,5.566185259819031
0,100,14,14,0,0.9343478679656982,5.566185259819031
0,100,8,10,0,0.9343478679656982,5.566185259819031
0,100,8,6,0,0.9343478679656982,5.566185259819031
0,100,14,12,0,0.9343478679656982,5.566185259819031
0,100,8,5,0,0.9343478679656982,5.566185259819031
0,100,14,13,0,0.9343478679656982,5.566185259819031
0,100,8,9,0,0.9343478679656982,5.566185259819031
0,100,14,14,0,0.9343478679656982,5.566185259819031
0,100,14,11,0,0.9343478679656982,5.566185259819031
0,100,14,10,0,0.9343478679656982,5.566185259819031
0,100,14,9,0,0.9343478679656982,5.566185259819031
0,100,8,9,0,0.9343478679656982,5.566185259819031
0,100,14,13,0,0.9343478679656982,5.566185259819031
0,100,8,5,0,0.9343478679656982,5.566185259819031
0,100,14,11,0,0.9343478679656982,5.566185259819031
0,100,8,12,0,0.9343478679656982,5.566185259819031
0,100,8,12,0,0.9343478679656982,5.566185259819031
0,100,14,14,0,0.9343478679656982,5.566185259819031
0,100,8,13,0,0.9343478679656982,5.566185259819031
0,100,8,13,0,0.9343478679656982,5.566185259819031
0,100,14,9,0,0.9343478679656982,5.566185259819031
0,100,14,10,0,0.9343478679656982,5.566185259819031
0,100,14,12,0,0.9343478679656982,5.566185259819031
0,100,8,10,0,0.9343478679656982,5.566185259819031
0,100,14,14,0,0.9343478679656982,5.566185259819031
0,100,8,11,0,0.9343478679656982,5.566185259819031
0,100,8,10,0,0.9343478679656982,5.566185259819031
0,100,8,6,0,0.9343478679656982,5.566185259819031
0,100,14,12,0,0.9343478679656982,5.566185259819031
0,100,14,14,0,0.9343478679656982,5.566185259819031
0,100,14,13,0,0.9343478679656982,5.566185259819031
0,100,14,14,0,0.9343478679656982,5.566185259819031
0,100,14,16,0,0.9343478679656982,5.566185259819031
0,100,14,17,0,0.9343478679656982,5.566185259819031
0,100,14,12,0,0.9343478679656982,5.566185259819031
0,100,14,15,0,0.9343478679656982,5.566185259819031
0,100,14,17,0,0.9343478679656982,5.566185259819031
0,100,8,11,0,0.9343478679656982,5.566185259819031
0,100,14,13,0,0.9343478679656982,5.566185259819031
0,100,14,5,0,0.9343478679656982,5.566185259819031
0,100,8,10,0,0.9343478679656982,5.566185259819031
Total DB Queries This Round: 22109
1,100,11,2,0,0.3715789318084717,5.144493000507355
1,100,5,0,0,0.3715789318084717,5.144493000507355
1,100,11,1,0,0.3715789318084717,5.144493000507355
1,100,11,1,0,0.3715789318084717,5.144493000507355
1,100,11,1,0,0.3715789318084717,5.144493000507355
1,100,11,4,0,0.3715789318084717,5.144493000507355
1,100,11,5,0,0.3715789318084717,5.144493000507355
1,100,5,1,0,0.3715789318084717,5.144493000507355
1,100,8,0,3,0.3715789318084717,5.144493000507355
1,100,11,7,0,0.3715789318084717,5.144493000507355
1,100,7,0,2,0.3715789318084717,5.144493000507355
1,100,9,0,4,0.3715789318084717,5.144493000507355
1,100,6,0,1,0.3715789318084717,5.144493000507355
1,100,11,1,0,0.3715789318084717,5.144493000507355
1,100,7,0,2,0.3715789318084717,5.144493000507355
1,100,9,0,4,0.3715789318084717,5.144493000507355
1,100,10,0,5,0.3715789318084717,5.144493000507355
1,100,11,1,0,0.3715789318084717,5.144493000507355
1,100,11,1,0,0.3715789318084717,5.144493000507355
1,100,10,0,5,0.3715789318084717,5.144493000507355
1,100,11,2,0,0.3715789318084717,5.144493000507355
1,100,5,1,0,0.3715789318084717,5.144493000507355
1,100,9,0,4,0.3715789318084717,5.144493000507355
1,100,5,2,0,0.3715789318084717,5.144493000507355
1,100,5,1,0,0.3715789318084717,5.144493000507355
1,100,7,0,2,0.3715789318084717,5.144493000507355
1,100,12,0,1,0.3715789318084717,5.144493000507355
1,100,8,0,3,0.3715789318084717,5.144493000507355
1,100,8,0,3,0.3715789318084717,5.144493000507355
1,100,11,0,0,0.3715789318084717,5.144493000507355
1,100,12,0,1,0.3715789318084717,5.144493000507355
1,100,11,1,0,0.3715789318084717,5.144493000507355
1,100,11,2,0,0.3715789318084717,5.144493000507355
1,100,8,0,3,0.3715789318084717,5.144493000507355
1,100,11,5,0,0.3715789318084717,5.144493000507355
1,100,11,3,0,0.3715789318084717,5.144493000507355
1,100,11,2,0,0.3715789318084717,5.144493000507355
1,100,7,0,2,0.3715789318084717,5.144493000507355
1,100,5,1,0,0.3715789318084717,5.144493000507355
1,100,11,3,0,0.3715789318084717,5.144493000507355
1,100,7,0,2,0.3715789318084717,5.144493000507355
1,100,11,0,0,0.3715789318084717,5.144493000507355
1,100,5,0,0,0.3715789318084717,5.144493000507355
1,100,5,2,0,0.3715789318084717,5.144493000507355
1,100,7,0,2,0.3715789318084717,5.144493000507355
1,100,5,0,0,0.3715789318084717,5.144493000507355
1,100,11,4,0,0.3715789318084717,5.144493000507355
1,100,8,0,3,0.3715789318084717,5.144493000507355
1,100,9,0,4,0.3715789318084717,5.144493000507355
1,100,11,5,0,0.3715789318084717,5.144493000507355
1,100,11,1,0,0.3715789318084717,5.144493000507355
1,100,7,0,2,0.3715789318084717,5.144493000507355
1,100,11,0,0,0.3715789318084717,5.144493000507355
1,100,7,0,2,0.3715789318084717,5.144493000507355
1,100,8,0,3,0.3715789318084717,5.144493000507355
1,100,5,0,0,0.3715789318084717,5.144493000507355
1,100,12,0,1,0.3715789318084717,5.144493000507355
1,100,13,0,2,0.3715789318084717,5.144493000507355
1,100,13,0,2,0.3715789318084717,5.144493000507355
1,100,11,4,0,0.3715789318084717,5.144493000507355
1,100,6,0,1,0.3715789318084717,5.144493000507355
1,100,11,5,0,0.3715789318084717,5.144493000507355
1,100,11,4,0,0.3715789318084717,5.144493000507355
1,100,11,3,0,0.3715789318084717,5.144493000507355
1,100,8,0,3,0.3715789318084717,5.144493000507355
1,100,12,0,1,0.3715789318084717,5.144493000507355
1,100,11,4,0,0.3715789318084717,5.144493000507355
1,100,11,3,0,0.3715789318084717,5.144493000507355
1,100,6,0,1,0.3715789318084717,5.144493000507355
1,100,11,0,0,0.3715789318084717,5.144493000507355
1,100,11,5,0,0.3715789318084717,5.144493000507355
1,100,9,0,4,0.3715789318084717,5.144493000507355
1,100,11,3,0,0.3715789318084717,5.144493000507355
1,100,11,1,0,0.3715789318084717,5.144493000507355
1,100,5,0,0,0.3715789318084717,5.144493000507355
1,100,11,1,0,0.3715789318084717,5.144493000507355
1,100,11,0,6,0.3715789318084717,5.144493000507355
1,100,8,0,3,0.3715789318084717,5.144493000507355
1,100,11,0,0,0.3715789318084717,5.144493000507355
1,100,11,4,0,0.3715789318084717,5.144493000507355
1,100,6,0,1,0.3715789318084717,5.144493000507355
1,100,11,1,0,0.3715789318084717,5.144493000507355
1,100,11,0,0,0.3715789318084717,5.144493000507355
1,100,11,3,0,0.3715789318084717,5.144493000507355
1,100,9,0,4,0.3715789318084717,5.144493000507355
1,100,11,3,0,0.3715789318084717,5.144493000507355
1,100,8,0,3,0.3715789318084717,5.144493000507355
1,100,11,1,0,0.3715789318084717,5.144493000507355
1,100,8,0,3,0.3715789318084717,5.144493000507355
1,100,5,0,0,0.3715789318084717,5.144493000507355
1,100,11,0,6,0.3715789318084717,5.144493000507355
1,100,11,1,0,0.3715789318084717,5.144493000507355
1,100,7,0,2,0.3715789318084717,5.144493000507355
1,100,11,0,0,0.3715789318084717,5.144493000507355
1,100,7,0,2,0.3715789318084717,5.144493000507355
1,100,14,0,3,0.3715789318084717,5.144493000507355
1,100,9,0,4,0.3715789318084717,5.144493000507355
1,100,11,0,6,0.3715789318084717,5.144493000507355
1,100,11,2,0,0.3715789318084717,5.144493000507355
1,100,12,0,7,0.3715789318084717,5.144493000507355
0,100,11,11,0,0.3715789318084717,5.144493000507355
0,100,5,2,0,0.3715789318084717,5.144493000507355
0,100,5,2,0,0.3715789318084717,5.144493000507355
0,100,11,11,0,0.3715789318084717,5.144493000507355
0,100,5,2,0,0.3715789318084717,5.144493000507355
0,100,11,11,0,0.3715789318084717,5.144493000507355
0,100,11,9,0,0.3715789318084717,5.144493000507355
0,100,11,11,0,0.3715789318084717,5.144493000507355
0,100,5,2,0,0.3715789318084717,5.144493000507355
0,100,5,2,0,0.3715789318084717,5.144493000507355
0,100,11,11,0,0.3715789318084717,5.144493000507355
0,100,5,2,0,0.3715789318084717,5.144493000507355
0,100,5,2,0,0.3715789318084717,5.144493000507355
0,100,5,3,0,0.3715789318084717,5.144493000507355
0,100,11,12,0,0.3715789318084717,5.144493000507355
0,100,5,7,0,0.3715789318084717,5.144493000507355
0,100,11,10,0,0.3715789318084717,5.144493000507355
0,100,5,2,0,0.3715789318084717,5.144493000507355
0,100,5,2,0,0.3715789318084717,5.144493000507355
0,100,11,6,0,0.3715789318084717,5.144493000507355
0,100,11,11,0,0.3715789318084717,5.144493000507355
0,100,11,12,0,0.3715789318084717,5.144493000507355
0,100,5,2,0,0.3715789318084717,5.144493000507355
0,100,11,11,0,0.3715789318084717,5.144493000507355
0,100,5,2,0,0.3715789318084717,5.144493000507355
0,100,5,3,0,0.3715789318084717,5.144493000507355
0,100,11,11,0,0.3715789318084717,5.144493000507355
0,100,5,1,0,0.3715789318084717,5.144493000507355
0,100,11,9,0,0.3715789318084717,5.144493000507355
0,100,11,11,0,0.3715789318084717,5.144493000507355
0,100,5,2,0,0.3715789318084717,5.144493000507355
0,100,5,3,0,0.3715789318084717,5.144493000507355
0,100,5,2,0,0.3715789318084717,5.144493000507355
0,100,11,11,0,0.3715789318084717,5.144493000507355
0,100,11,11,0,0.3715789318084717,5.144493000507355
0,100,5,2,0,0.3715789318084717,5.144493000507355
0,100,11,10,0,0.3715789318084717,5.144493000507355
0,100,11,11,0,0.3715789318084717,5.144493000507355
0,100,5,2,0,0.3715789318084717,5.144493000507355
0,100,5,5,0,0.3715789318084717,5.144493000507355
0,100,11,11,0,0.3715789318084717,5.144493000507355
0,100,5,6,0,0.3715789318084717,5.144493000507355
0,100,5,2,0,0.3715789318084717,5.144493000507355
0,100,5,2,0,0.3715789318084717,5.144493000507355
0,100,11,11,0,0.3715789318084717,5.144493000507355
0,100,5,2,0,0.3715789318084717,5.144493000507355
0,100,11,11,0,0.3715789318084717,5.144493000507355
0,100,11,14,0,0.3715789318084717,5.144493000507355
0,100,11,9,0,0.3715789318084717,5.144493000507355
0,100,5,2,0,0.3715789318084717,5.144493000507355
0,100,5,2,0,0.3715789318084717,5.144493000507355
0,100,5,2,0,0.3715789318084717,5.144493000507355
0,100,5,3,0,0.3715789318084717,5.144493000507355
0,100,11,11,0,0.3715789318084717,5.144493000507355
0,100,5,3,0,0.3715789318084717,5.144493000507355
0,100,5,2,0,0.3715789318084717,5.144493000507355
0,100,11,11,0,0.3715789318084717,5.144493000507355
0,100,5,2,0,0.3715789318084717,5.144493000507355
0,100,11,11,0,0.3715789318084717,5.144493000507355
0,100,5,2,0,0.3715789318084717,5.144493000507355
0,100,5,2,0,0.3715789318084717,5.144493000507355
0,100,5,1,0,0.3715789318084717,5.144493000507355
0,100,5,2,0,0.3715789318084717,5.144493000507355
0,100,5,3,0,0.3715789318084717,5.144493000507355
0,100,5,2,0,0.3715789318084717,5.144493000507355
0,100,11,11,0,0.3715789318084717,5.144493000507355
0,100,11,13,0,0.3715789318084717,5.144493000507355
0,100,11,11,0,0.3715789318084717,5.144493000507355
0,100,11,9,0,0.3715789318084717,5.144493000507355
0,100,5,3,0,0.3715789318084717,5.144493000507355
0,100,5,3,0,0.3715789318084717,5.144493000507355
0,100,5,2,0,0.3715789318084717,5.144493000507355
0,100,11,10,0,0.3715789318084717,5.144493000507355
0,100,5,2,0,0.3715789318084717,5.144493000507355
0,100,5,2,0,0.3715789318084717,5.144493000507355
0,100,5,2,0,0.3715789318084717,5.144493000507355
0,100,5,2,0,0.3715789318084717,5.144493000507355
0,100,6,0,1,0.3715789318084717,5.144493000507355
0,100,11,12,0,0.3715789318084717,5.144493000507355
0,100,11,8,0,0.3715789318084717,5.144493000507355
0,100,5,2,0,0.3715789318084717,5.144493000507355
0,100,5,2,0,0.3715789318084717,5.144493000507355
0,100,11,12,0,0.3715789318084717,5.144493000507355
0,100,5,2,0,0.3715789318084717,5.144493000507355
0,100,5,2,0,0.3715789318084717,5.144493000507355
0,100,5,2,0,0.3715789318084717,5.144493000507355
0,100,11,8,0,0.3715789318084717,5.144493000507355
0,100,11,8,0,0.3715789318084717,5.144493000507355
0,100,11,10,0,0.3715789318084717,5.144493000507355
0,100,11,11,0,0.3715789318084717,5.144493000507355
0,100,11,11,0,0.3715789318084717,5.144493000507355
0,100,11,11,0,0.3715789318084717,5.144493000507355
0,100,11,11,0,0.3715789318084717,5.144493000507355
0,100,11,11,0,0.3715789318084717,5.144493000507355
0,100,11,11,0,0.3715789318084717,5.144493000507355
0,100,5,1,0,0.3715789318084717,5.144493000507355
0,100,11,11,0,0.3715789318084717,5.144493000507355
0,100,11,11,0,0.3715789318084717,5.144493000507355
0,100,5,2,0,0.3715789318084717,5.144493000507355
0,100,11,10,0,0.3715789318084717,5.144493000507355
Total DB Queries This Round: 20353
