true_label,num_secrets,b_no,b_guess,b_yes,setup_time,per_guess_time
1,100,14,5,0,0.9351940155029297,5.984233527183533
1,100,14,4,0,0.9351940155029297,5.984233527183533
1,100,15,3,0,0.9351940155029297,5.984233527183533
1,100,14,3,0,0.9351940155029297,5.984233527183533
1,100,7,1,0,0.9351940155029297,5.984233527183533
1,100,15,7,0,0.9351940155029297,5.984233527183533
1,100,7,0,3,0.9351940155029297,5.984233527183533
1,100,7,2,0,0.9351940155029297,5.984233527183533
1,100,15,2,0,0.9351940155029297,5.984233527183533
1,100,14,4,0,0.9351940155029297,5.984233527183533
1,100,6,0,0,0.9351940155029297,5.984233527183533
1,100,15,5,0,0.9351940155029297,5.984233527183533
1,100,11,0,0,0.9351940155029297,5.984233527183533
1,100,5,0,1,0.9351940155029297,5.984233527183533
1,100,11,2,0,0.9351940155029297,5.984233527183533
1,100,11,4,0,0.9351940155029297,5.984233527183533
1,100,7,2,0,0.9351940155029297,5.984233527183533
1,100,11,2,0,0.9351940155029297,5.984233527183533
1,100,15,3,0,0.9351940155029297,5.984233527183533
1,100,7,5,0,0.9351940155029297,5.984233527183533
1,100,8,5,0,0.9351940155029297,5.984233527183533
1,100,7,0,0,0.9351940155029297,5.984233527183533
1,100,12,0,1,0.9351940155029297,5.984233527183533
1,100,8,2,0,0.9351940155029297,5.984233527183533
1,100,10,0,1,0.9351940155029297,5.984233527183533
1,100,11,3,0,0.9351940155029297,5.984233527183533
1,100,11,2,0,0.9351940155029297,5.984233527183533
1,100,11,0,1,0.9351940155029297,5.984233527183533
1,100,11,0,0,0.9351940155029297,5.984233527183533
1,100,14,2,0,0.9351940155029297,5.984233527183533
1,100,6,0,0,0.9351940155029297,5.984233527183533
1,100,11,1,0,0.9351940155029297,5.984233527183533
1,100,9,0,3,0.9351940155029297,5.984233527183533
1,100,9,0,3,0.9351940155029297,5.984233527183533
1,100,9,1,0,0.9351940155029297,5.984233527183533
1,100,14,1,0,0.9351940155029297,5.984233527183533
1,100,7,1,0,0.9351940155029297,5.984233527183533
1,100,7,1,0,0.9351940155029297,5.984233527183533
1,100,15,5,0,0.9351940155029297,5.984233527183533
1,100,11,0,1,0.9351940155029297,5.984233527183533
1,100,11,0,1,0.9351940155029297,5.984233527183533
1,100,14,3,0,0.9351940155029297,5.984233527183533
1,100,8,1,0,0.9351940155029297,5.984233527183533
1,100,8,0,4,0.9351940155029297,5.984233527183533
1,100,10,0,0,0.9351940155029297,5.984233527183533
1,100,15,7,0,0.9351940155029297,5.984233527183533
1,100,9,0,3,0.9351940155029297,5.984233527183533
1,100,7,1,0,0.9351940155029297,5.984233527183533
1,100,10,1,0,0.9351940155029297,5.984233527183533
1,100,10,0,1,0.9351940155029297,5.984233527183533
1,100,15,0,1,0.9351940155029297,5.984233527183533
1,100,7,0,0,0.9351940155029297,5.984233527183533
1,100,10,0,4,0.9351940155029297,5.984233527183533
1,100,9,1,0,0.9351940155029297,5.984233527183533
1,100,11,0,2,0.9351940155029297,5.984233527183533
1,100,4,0,0,0.9351940155029297,5.984233527183533
1,100,7,1,0,0.9351940155029297,5.984233527183533
1,100,9,0,0,0.9351940155029297,5.984233527183533
1,100,15,1,0,0.9351940155029297,5.984233527183533
1,100,11,0,0,0.9351940155029297,5.984233527183533
1,100,7,1,0,0.9351940155029297,5.984233527183533
1,100,8,0,4,0.9351940155029297,5.984233527183533
1,100,8,0,1,0.9351940155029297,5.984233527183533
1,100,8,0,1,0.9351940155029297,5.984233527183533
1,100,8,0,2,0.9351940155029297,5.984233527183533
1,100,13,0,2,0.9351940155029297,5.984233527183533
1,100,15,2,0,0.9351940155029297,5.984233527183533
1,100,12,0,1,0.9351940155029297,5.984233527183533
1,100,10,3,0,0.9351940155029297,5.984233527183533
1,100,9,0,0,0.9351940155029297,5.984233527183533
1,100,11,2,0,0.9351940155029297,5.984233527183533
1,100,15,4,0,0.9351940155029297,5.984233527183533
1,100,15,3,0,0.9351940155029297,5.984233527183533
1,100,11,0,0,0.9351940155029297,5.984233527183533
1,100,14,1,0,0.9351940155029297,5.984233527183533
1,100,12,0,2,0.9351940155029297,5.984233527183533
1,100,14,0,0,0.9351940155029297,5.984233527183533
1,100,9,0,1,0.9351940155029297,5.984233527183533
1,100,12,0,1,0.9351940155029297,5.984233527183533
1,100,6,0,2,0.9351940155029297,5.984233527183533
1,100,12,0,1,0.9351940155029297,5.984233527183533
1,100,14,0,0,0.9351940155029297,5.984233527183533
1,100,14,3,0,0.9351940155029297,5.984233527183533
1,100,6,1,0,0.9351940155029297,5.984233527183533
1,100,14,3,0,0.9351940155029297,5.984233527183533
1,100,11,1,0,0.9351940155029297,5.984233527183533
1,100,8,2,0,0.9351940155029297,5.984233527183533
1,100,12,0,1,0.9351940155029297,5.984233527183533
1,100,15,0,4,0.9351940155029297,5.984233527183533
1,100,10,0,4,0.9351940155029297,5.984233527183533
1,100,16,0,5,0.9351940155029297,5.984233527183533
1,100,15,0,4,0.9351940155029297,5.984233527183533
1,100,4,1,0,0.9351940155029297,5.984233527183533
1,100,9,0,1,0.9351940155029297,5.984233527183533
1,100,6,0,2,0.9351940155029297,5.984233527183533
1,100,9,0,0,0.9351940155029297,5.984233527183533
1,100,15,5,0,0.9351940155029297,5.984233527183533
1,100,8,1,0,0.9351940155029297,5.984233527183533
1,100,8,2,0,0.9351940155029297,5.984233527183533
1,100,11,3,0,0.9351940155029297,5.984233527183533
0,100,10,9,0,0.9351940155029297,5.984233527183533
0,100,9,9,0,0.9351940155029297,5.984233527183533
0,100,11,12,0,0.9351940155029297,5.984233527183533
0,100,8,13,0,0.9351940155029297,5.984233527183533
0,100,15,16,0,0.9351940155029297,5.984233527183533
0,100,9,12,0,0.9351940155029297,5.984233527183533
0,100,8,9,0,0.9351940155029297,5.984233527183533
0,100,10,16,0,0.9351940155029297,5.984233527183533
0,100,11,15,0,0.9351940155029297,5.984233527183533
0,100,15,17,0,0.9351940155029297,5.984233527183533
0,100,8,10,0,0.9351940155029297,5.984233527183533
0,100,11,12,0,0.9351940155029297,5.984233527183533
0,100,4,10,0,0.9351940155029297,5.984233527183533
0,100,7,9,0,0.9351940155029297,5.984233527183533
0,100,10,13,0,0.9351940155029297,5.984233527183533
0,100,4,7,0,0.9351940155029297,5.984233527183533
0,100,11,14,0,0.9351940155029297,5.984233527183533
0,100,9,14,0,0.9351940155029297,5.984233527183533
0,100,7,10,0,0.9351940155029297,5.984233527183533
0,100,11,15,0,0.9351940155029297,5.984233527183533
0,100,11,12,0,0.9351940155029297,5.984233527183533
0,100,8,12,0,0.9351940155029297,5.984233527183533
0,100,7,11,0,0.9351940155029297,5.984233527183533
0,100,14,14,0,0.9351940155029297,5.984233527183533
0,100,7,8,0,0.9351940155029297,5.984233527183533
0,100,11,15,0,0.9351940155029297,5.984233527183533
0,100,11,14,0,0.9351940155029297,5.984233527183533
0,100,8,11,0,0.9351940155029297,5.984233527183533
0,100,4,8,0,0.9351940155029297,5.984233527183533
0,100,14,15,0,0.9351940155029297,5.984233527183533
0,100,14,18,0,0.9351940155029297,5.984233527183533
0,100,6,4,0,0.9351940155029297,5.984233527183533
0,100,15,18,0,0.9351940155029297,5.984233527183533
0,100,9,9,0,0.9351940155029297,5.984233527183533
0,100,7,13,0,0.9351940155029297,5.984233527183533
0,100,10,9,0,0.9351940155029297,5.984233527183533
0,100,11,11,0,0.9351940155029297,5.984233527183533
0,100,4,9,0,0.9351940155029297,5.984233527183533
0,100,10,13,0,0.9351940155029297,5.984233527183533
0,100,6,8,0,0.9351940155029297,5.984233527183533
0,100,11,13,0,0.9351940155029297,5.984233527183533
0,100,11,8,0,0.9351940155029297,5.984233527183533
0,100,10,9,0,0.9351940155029297,5.984233527183533
0,100,4,9,0,0.9351940155029297,5.984233527183533
0,100,6,7,0,0.9351940155029297,5.984233527183533
0,100,14,12,0,0.9351940155029297,5.984233527183533
0,100,11,13,0,0.9351940155029297,5.984233527183533
0,100,11,10,0,0.9351940155029297,5.984233527183533
0,100,11,11,0,0.9351940155029297,5.984233527183533
0,100,11,14,0,0.9351940155029297,5.984233527183533
0,100,6,5,0,0.9351940155029297,5.984233527183533
0,100,9,7,0,0.9351940155029297,5.984233527183533
0,100,11,11,0,0.9351940155029297,5.984233527183533
0,100,15,14,0,0.9351940155029297,5.984233527183533
0,100,6,2,0,0.9351940155029297,5.984233527183533
0,100,11,10,0,0.9351940155029297,5.984233527183533
0,100,10,13,0,0.9351940155029297,5.984233527183533
0,100,14,13,0,0.9351940155029297,5.984233527183533
0,100,9,9,0,0.9351940155029297,5.984233527183533
0,100,9,10,0,0.9351940155029297,5.984233527183533
0,100,6,6,0,0.9351940155029297,5.984233527183533
0,100,11,12,0,0.9351940155029297,5.984233527183533
0,100,10,5,0,0.9351940155029297,5.984233527183533
0,100,11,13,0,0.9351940155029297,5.984233527183533
0,100,7,12,0,0.9351940155029297,5.984233527183533
0,100,4,11,0,0.9351940155029297,5.984233527183533
0,100,7,9,0,0.9351940155029297,5.984233527183533
0,100,11,13,0,0.9351940155029297,5.984233527183533
0,100,9,10,0,0.9351940155029297,5.984233527183533
0,100,8,12,0,0.9351940155029297,5.984233527183533
0,100,11,10,0,0.9351940155029297,5.984233527183533
0,100,8,8,0,0.9351940155029297,5.984233527183533
0,100,11,14,0,0.9351940155029297,5.984233527183533
0,100,8,10,0,0.9351940155029297,5.984233527183533
0,100,10,11,0,0.9351940155029297,5.984233527183533
0,100,15,12,0,0.9351940155029297,5.984233527183533
0,100,14,13,0,0.9351940155029297,5.984233527183533
0,100,4,10,0,0.9351940155029297,5.984233527183533
0,100,6,4,0,0.9351940155029297,5.984233527183533
0,100,11,12,0,0.9351940155029297,5.984233527183533
0,100,9,10,0,0.9351940155029297,5.984233527183533
0,100,10,12,0,0.9351940155029297,5.984233527183533
0,100,6,6,0,0.9351940155029297,5.984233527183533
0,100,6,5,0,0.9351940155029297,5.984233527183533
0,100,11,12,0,0.9351940155029297,5.984233527183533
0,100,6,8,0,0.9351940155029297,5.984233527183533
0,100,6,4,0,0.9351940155029297,5.984233527183533
0,100,10,12,0,0.9351940155029297,5.984233527183533
0,100,11,11,0,0.9351940155029297,5.984233527183533
0,100,11,11,0,0.9351940155029297,5.984233527183533
0,100,6,5,0,0.9351940155029297,5.984233527183533
0,100,10,15,0,0.9351940155029297,5.984233527183533
0,100,6,5,0,0.9351940155029297,5.984233527183533
0,100,9,10,0,0.9351940155029297,5.984233527183533
0,100,7,8,0,0.9351940155029297,5.984233527183533
0,100,10,10,0,0.9351940155029297,5.984233527183533
0,100,11,15,0,0.9351940155029297,5.984233527183533
0,100,15,15,0,0.9351940155029297,5.984233527183533
0,100,4,7,0,0.9351940155029297,5.984233527183533
0,100,4,7,0,0.9351940155029297,5.984233527183533
Total DB Queries This Round: 23652
Total time spent this round in seconds: 604.2303831577301
1,100,14,0,2,0.9725878238677979,0.851274905204773
1,100,13,0,2,0.9725878238677979,0.851274905204773
1,100,13,0,1,0.9725878238677979,0.851274905204773
1,100,9,0,2,0.9725878238677979,0.851274905204773
1,100,11,4,0,0.9725878238677979,0.851274905204773
1,100,9,2,0,0.9725878238677979,0.851274905204773
1,100,11,0,4,0.9725878238677979,0.851274905204773
1,100,11,4,0,0.9725878238677979,0.851274905204773
1,100,12,3,0,0.9725878238677979,0.851274905204773
1,100,7,0,4,0.9725878238677979,0.851274905204773
1,100,11,4,0,0.9725878238677979,0.851274905204773
1,100,12,3,0,0.9725878238677979,0.851274905204773
1,100,9,2,0,0.9725878238677979,0.851274905204773
1,100,12,1,0,0.9725878238677979,0.851274905204773
1,100,13,0,1,0.9725878238677979,0.851274905204773
1,100,7,1,0,0.9725878238677979,0.851274905204773
1,100,3,3,0,0.9725878238677979,0.851274905204773
1,100,11,4,0,0.9725878238677979,0.851274905204773
1,100,7,0,0,0.9725878238677979,0.851274905204773
1,100,10,0,4,0.9725878238677979,0.851274905204773
1,100,7,1,0,0.9725878238677979,0.851274905204773
1,100,12,1,0,0.9725878238677979,0.851274905204773
1,100,9,0,3,0.9725878238677979,0.851274905204773
1,100,9,0,4,0.9725878238677979,0.851274905204773
1,100,4,0,1,0.9725878238677979,0.851274905204773
1,100,12,1,0,0.9725878238677979,0.851274905204773
1,100,9,0,0,0.9725878238677979,0.851274905204773
1,100,3,0,0,0.9725878238677979,0.851274905204773
1,100,12,1,0,0.9725878238677979,0.851274905204773
1,100,4,0,1,0.9725878238677979,0.851274905204773
1,100,4,0,1,0.9725878238677979,0.851274905204773
1,100,4,0,1,0.9725878238677979,0.851274905204773
1,100,3,1,0,0.9725878238677979,0.851274905204773
1,100,8,0,3,0.9725878238677979,0.851274905204773
1,100,12,0,0,0.9725878238677979,0.851274905204773
1,100,12,0,5,0.9725878238677979,0.851274905204773
1,100,9,0,2,0.9725878238677979,0.851274905204773
1,100,12,0,1,0.9725878238677979,0.851274905204773
1,100,11,0,2,0.9725878238677979,0.851274905204773
1,100,10,0,1,0.9725878238677979,0.851274905204773
1,100,13,0,1,0.9725878238677979,0.851274905204773
1,100,6,2,0,0.9725878238677979,0.851274905204773
1,100,9,0,0,0.9725878238677979,0.851274905204773
1,100,12,0,3,0.9725878238677979,0.851274905204773
1,100,12,0,1,0.9725878238677979,0.851274905204773
1,100,6,0,3,0.9725878238677979,0.851274905204773
1,100,11,0,4,0.9725878238677979,0.851274905204773
1,100,9,0,0,0.9725878238677979,0.851274905204773
1,100,5,1,0,0.9725878238677979,0.851274905204773
1,100,12,3,0,0.9725878238677979,0.851274905204773
1,100,7,0,0,0.9725878238677979,0.851274905204773
1,100,3,1,0,0.9725878238677979,0.851274905204773
1,100,9,0,4,0.9725878238677979,0.851274905204773
1,100,6,0,1,0.9725878238677979,0.851274905204773
1,100,9,2,0,0.9725878238677979,0.851274905204773
1,100,8,0,1,0.9725878238677979,0.851274905204773
1,100,6,0,1,0.9725878238677979,0.851274905204773
1,100,11,3,0,0.9725878238677979,0.851274905204773
1,100,12,0,0,0.9725878238677979,0.851274905204773
1,100,7,2,0,0.9725878238677979,0.851274905204773
1,100,9,0,0,0.9725878238677979,0.851274905204773
1,100,10,0,3,0.9725878238677979,0.851274905204773
1,100,12,0,5,0.9725878238677979,0.851274905204773
1,100,5,0,2,0.9725878238677979,0.851274905204773
1,100,12,2,0,0.9725878238677979,0.851274905204773
1,100,11,3,0,0.9725878238677979,0.851274905204773
1,100,12,0,0,0.9725878238677979,0.851274905204773
1,100,9,0,0,0.9725878238677979,0.851274905204773
1,100,8,0,3,0.9725878238677979,0.851274905204773
1,100,12,1,0,0.9725878238677979,0.851274905204773
1,100,11,4,0,0.9725878238677979,0.851274905204773
1,100,11,4,0,0.9725878238677979,0.851274905204773
1,100,3,3,0,0.9725878238677979,0.851274905204773
1,100,12,2,0,0.9725878238677979,0.851274905204773
1,100,9,2,0,0.9725878238677979,0.851274905204773
1,100,12,0,0,0.9725878238677979,0.851274905204773
1,100,7,0,1,0.9725878238677979,0.851274905204773
1,100,12,0,0,0.9725878238677979,0.851274905204773
1,100,9,0,0,0.9725878238677979,0.851274905204773
1,100,3,2,0,0.9725878238677979,0.851274905204773
1,100,12,4,0,0.9725878238677979,0.851274905204773
1,100,14,0,2,0.9725878238677979,0.851274905204773
1,100,7,0,4,0.9725878238677979,0.851274905204773
1,100,12,1,0,0.9725878238677979,0.851274905204773
1,100,4,0,1,0.9725878238677979,0.851274905204773
1,100,8,0,2,0.9725878238677979,0.851274905204773
1,100,12,1,0,0.9725878238677979,0.851274905204773
1,100,12,0,0,0.9725878238677979,0.851274905204773
1,100,3,1,0,0.9725878238677979,0.851274905204773
1,100,12,0,0,0.9725878238677979,0.851274905204773
1,100,13,0,1,0.9725878238677979,0.851274905204773
1,100,9,0,0,0.9725878238677979,0.851274905204773
1,100,6,0,0,0.9725878238677979,0.851274905204773
1,100,9,3,0,0.9725878238677979,0.851274905204773
1,100,5,0,0,0.9725878238677979,0.851274905204773
1,100,11,0,0,0.9725878238677979,0.851274905204773
1,100,9,0,3,0.9725878238677979,0.851274905204773
1,100,9,0,3,0.9725878238677979,0.851274905204773
1,100,6,0,3,0.9725878238677979,0.851274905204773
1,100,11,0,2,0.9725878238677979,0.851274905204773
0,100,5,7,0,0.9725878238677979,0.851274905204773
0,100,12,12,0,0.9725878238677979,0.851274905204773
0,100,6,4,0,0.9725878238677979,0.851274905204773
0,100,11,9,0,0.9725878238677979,0.851274905204773
0,100,5,3,0,0.9725878238677979,0.851274905204773
0,100,6,5,0,0.9725878238677979,0.851274905204773
0,100,9,11,0,0.9725878238677979,0.851274905204773
0,100,3,6,0,0.9725878238677979,0.851274905204773
0,100,11,9,0,0.9725878238677979,0.851274905204773
0,100,6,2,0,0.9725878238677979,0.851274905204773
0,100,3,5,0,0.9725878238677979,0.851274905204773
0,100,9,12,0,0.9725878238677979,0.851274905204773
0,100,7,6,0,0.9725878238677979,0.851274905204773
0,100,9,6,0,0.9725878238677979,0.851274905204773
0,100,9,11,0,0.9725878238677979,0.851274905204773
0,100,12,10,0,0.9725878238677979,0.851274905204773
0,100,5,10,0,0.9725878238677979,0.851274905204773
0,100,7,7,0,0.9725878238677979,0.851274905204773
0,100,12,13,0,0.9725878238677979,0.851274905204773
0,100,3,9,0,0.9725878238677979,0.851274905204773
0,100,6,4,0,0.9725878238677979,0.851274905204773
0,100,7,6,0,0.9725878238677979,0.851274905204773
0,100,12,10,0,0.9725878238677979,0.851274905204773
0,100,7,5,0,0.9725878238677979,0.851274905204773
0,100,12,16,0,0.9725878238677979,0.851274905204773
0,100,3,9,0,0.9725878238677979,0.851274905204773
0,100,6,5,0,0.9725878238677979,0.851274905204773
0,100,9,6,0,0.9725878238677979,0.851274905204773
0,100,12,13,0,0.9725878238677979,0.851274905204773
0,100,12,18,0,0.9725878238677979,0.851274905204773
0,100,3,5,0,0.9725878238677979,0.851274905204773
0,100,11,10,0,0.9725878238677979,0.851274905204773
0,100,5,4,0,0.9725878238677979,0.851274905204773
0,100,7,7,0,0.9725878238677979,0.851274905204773
0,100,9,13,0,0.9725878238677979,0.851274905204773
0,100,3,9,0,0.9725878238677979,0.851274905204773
0,100,9,6,0,0.9725878238677979,0.851274905204773
0,100,9,11,0,0.9725878238677979,0.851274905204773
0,100,3,4,0,0.9725878238677979,0.851274905204773
0,100,3,6,0,0.9725878238677979,0.851274905204773
0,100,3,9,0,0.9725878238677979,0.851274905204773
0,100,9,9,0,0.9725878238677979,0.851274905204773
0,100,9,10,0,0.9725878238677979,0.851274905204773
0,100,3,4,0,0.9725878238677979,0.851274905204773
0,100,12,12,0,0.9725878238677979,0.851274905204773
0,100,12,15,0,0.9725878238677979,0.851274905204773
0,100,3,8,0,0.9725878238677979,0.851274905204773
0,100,3,9,0,0.9725878238677979,0.851274905204773
0,100,12,12,0,0.9725878238677979,0.851274905204773
0,100,3,1,0,0.9725878238677979,0.851274905204773
0,100,5,1,0,0.9725878238677979,0.851274905204773
0,100,3,6,0,0.9725878238677979,0.851274905204773
0,100,11,8,0,0.9725878238677979,0.851274905204773
0,100,3,6,0,0.9725878238677979,0.851274905204773
0,100,12,9,0,0.9725878238677979,0.851274905204773
0,100,9,10,0,0.9725878238677979,0.851274905204773
0,100,12,11,0,0.9725878238677979,0.851274905204773
0,100,5,4,0,0.9725878238677979,0.851274905204773
0,100,5,3,0,0.9725878238677979,0.851274905204773
0,100,3,1,0,0.9725878238677979,0.851274905204773
0,100,3,5,0,0.9725878238677979,0.851274905204773
0,100,9,8,0,0.9725878238677979,0.851274905204773
0,100,3,9,0,0.9725878238677979,0.851274905204773
0,100,7,7,0,0.9725878238677979,0.851274905204773
0,100,9,9,0,0.9725878238677979,0.851274905204773
0,100,7,1,0,0.9725878238677979,0.851274905204773
0,100,12,14,0,0.9725878238677979,0.851274905204773
0,100,5,8,0,0.9725878238677979,0.851274905204773
0,100,6,2,0,0.9725878238677979,0.851274905204773
0,100,3,11,0,0.9725878238677979,0.851274905204773
0,100,6,7,0,0.9725878238677979,0.851274905204773
0,100,3,8,0,0.9725878238677979,0.851274905204773
0,100,6,5,0,0.9725878238677979,0.851274905204773
0,100,9,12,0,0.9725878238677979,0.851274905204773
0,100,11,12,0,0.9725878238677979,0.851274905204773
0,100,12,11,0,0.9725878238677979,0.851274905204773
0,100,9,13,0,0.9725878238677979,0.851274905204773
0,100,3,1,0,0.9725878238677979,0.851274905204773
0,100,3,9,0,0.9725878238677979,0.851274905204773
0,100,5,4,0,0.9725878238677979,0.851274905204773
0,100,9,13,0,0.9725878238677979,0.851274905204773
0,100,3,4,0,0.9725878238677979,0.851274905204773
0,100,3,5,0,0.9725878238677979,0.851274905204773
0,100,3,5,0,0.9725878238677979,0.851274905204773
0,100,3,0,0,0.9725878238677979,0.851274905204773
0,100,3,1,0,0.9725878238677979,0.851274905204773
0,100,9,7,0,0.9725878238677979,0.851274905204773
0,100,12,15,0,0.9725878238677979,0.851274905204773
0,100,3,7,0,0.9725878238677979,0.851274905204773
0,100,3,2,0,0.9725878238677979,0.851274905204773
0,100,9,9,0,0.9725878238677979,0.851274905204773
0,100,3,3,0,0.9725878238677979,0.851274905204773
0,100,5,8,0,0.9725878238677979,0.851274905204773
0,100,7,7,0,0.9725878238677979,0.851274905204773
0,100,9,8,0,0.9725878238677979,0.851274905204773
0,100,12,10,0,0.9725878238677979,0.851274905204773
0,100,11,14,0,0.9725878238677979,0.851274905204773
0,100,9,11,0,0.9725878238677979,0.851274905204773
0,100,9,11,0,0.9725878238677979,0.851274905204773
0,100,12,11,0,0.9725878238677979,0.851274905204773
Total DB Queries This Round: 54630
Total time spent this round in seconds: 1057.5830833911896
1,100,10,1,0,0.8662519454956055,6.255293064117431
1,100,15,3,0,0.8662519454956055,6.255293064117431
1,100,9,1,0,0.8662519454956055,6.255293064117431
1,100,10,1,0,0.8662519454956055,6.255293064117431
1,100,10,3,0,0.8662519454956055,6.255293064117431
1,100,9,2,0,0.8662519454956055,6.255293064117431
1,100,10,1,0,0.8662519454956055,6.255293064117431
1,100,15,0,0,0.8662519454956055,6.255293064117431
1,100,7,2,0,0.8662519454956055,6.255293064117431
1,100,12,0,2,0.8662519454956055,6.255293064117431
1,100,14,0,1,0.8662519454956055,6.255293064117431
1,100,10,0,0,0.8662519454956055,6.255293064117431
1,100,13,3,0,0.8662519454956055,6.255293064117431
1,100,13,0,0,0.8662519454956055,6.255293064117431
1,100,9,3,0,0.8662519454956055,6.255293064117431
1,100,6,0,0,0.8662519454956055,6.255293064117431
1,100,10,2,0,0.8662519454956055,6.255293064117431
1,100,9,3,0,0.8662519454956055,6.255293064117431
1,100,13,0,4,0.8662519454956055,6.255293064117431
1,100,9,2,0,0.8662519454956055,6.255293064117431
1,100,13,1,0,0.8662519454956055,6.255293064117431
1,100,10,0,1,0.8662519454956055,6.255293064117431
1,100,12,0,1,0.8662519454956055,6.255293064117431
1,100,7,0,1,0.8662519454956055,6.255293064117431
1,100,14,0,1,0.8662519454956055,6.255293064117431
1,100,6,1,0,0.8662519454956055,6.255293064117431
1,100,8,0,2,0.8662519454956055,6.255293064117431
1,100,16,0,1,0.8662519454956055,6.255293064117431
1,100,7,3,0,0.8662519454956055,6.255293064117431
1,100,7,0,1,0.8662519454956055,6.255293064117431
1,100,11,0,4,0.8662519454956055,6.255293064117431
1,100,7,2,0,0.8662519454956055,6.255293064117431
1,100,11,3,0,0.8662519454956055,6.255293064117431
1,100,16,0,1,0.8662519454956055,6.255293064117431
1,100,9,2,0,0.8662519454956055,6.255293064117431
1,100,9,2,0,0.8662519454956055,6.255293064117431
1,100,11,0,1,0.8662519454956055,6.255293064117431
1,100,6,3,0,0.8662519454956055,6.255293064117431
1,100,6,0,0,0.8662519454956055,6.255293064117431
1,100,15,1,0,0.8662519454956055,6.255293064117431
1,100,12,0,3,0.8662519454956055,6.255293064117431
1,100,10,1,0,0.8662519454956055,6.255293064117431
1,100,6,0,0,0.8662519454956055,6.255293064117431
1,100,14,0,4,0.8662519454956055,6.255293064117431
1,100,7,1,0,0.8662519454956055,6.255293064117431
1,100,9,2,0,0.8662519454956055,6.255293064117431
1,100,7,0,1,0.8662519454956055,6.255293064117431
1,100,11,3,0,0.8662519454956055,6.255293064117431
1,100,17,0,2,0.8662519454956055,6.255293064117431
1,100,10,0,1,0.8662519454956055,6.255293064117431
1,100,7,2,0,0.8662519454956055,6.255293064117431
1,100,11,2,0,0.8662519454956055,6.255293064117431
1,100,11,1,0,0.8662519454956055,6.255293064117431
1,100,10,0,0,0.8662519454956055,6.255293064117431
1,100,10,0,1,0.8662519454956055,6.255293064117431
1,100,11,2,0,0.8662519454956055,6.255293064117431
1,100,11,0,1,0.8662519454956055,6.255293064117431
1,100,13,0,0,0.8662519454956055,6.255293064117431
1,100,9,2,0,0.8662519454956055,6.255293064117431
1,100,10,0,0,0.8662519454956055,6.255293064117431
1,100,11,0,2,0.8662519454956055,6.255293064117431
1,100,9,2,0,0.8662519454956055,6.255293064117431
1,100,7,2,0,0.8662519454956055,6.255293064117431
1,100,14,0,1,0.8662519454956055,6.255293064117431
1,100,12,0,2,0.8662519454956055,6.255293064117431
1,100,13,1,0,0.8662519454956055,6.255293064117431
1,100,6,0,0,0.8662519454956055,6.255293064117431
1,100,11,3,0,0.8662519454956055,6.255293064117431
1,100,13,0,0,0.8662519454956055,6.255293064117431
1,100,12,0,2,0.8662519454956055,6.255293064117431
1,100,12,0,2,0.8662519454956055,6.255293064117431
1,100,7,0,1,0.8662519454956055,6.255293064117431
1,100,20,0,5,0.8662519454956055,6.255293064117431
1,100,9,0,3,0.8662519454956055,6.255293064117431
1,100,20,0,5,0.8662519454956055,6.255293064117431
1,100,10,0,1,0.8662519454956055,6.255293064117431
1,100,15,0,2,0.8662519454956055,6.255293064117431
1,100,11,0,1,0.8662519454956055,6.255293064117431
1,100,6,0,0,0.8662519454956055,6.255293064117431
1,100,17,0,2,0.8662519454956055,6.255293064117431
1,100,17,0,2,0.8662519454956055,6.255293064117431
1,100,7,2,0,0.8662519454956055,6.255293064117431
1,100,19,0,4,0.8662519454956055,6.255293064117431
1,100,7,0,1,0.8662519454956055,6.255293064117431
1,100,10,0,1,0.8662519454956055,6.255293064117431
1,100,14,0,1,0.8662519454956055,6.255293064117431
1,100,13,0,0,0.8662519454956055,6.255293064117431
1,100,7,2,0,0.8662519454956055,6.255293064117431
1,100,15,0,2,0.8662519454956055,6.255293064117431
1,100,15,0,2,0.8662519454956055,6.255293064117431
1,100,10,1,0,0.8662519454956055,6.255293064117431
1,100,13,0,4,0.8662519454956055,6.255293064117431
1,100,12,0,2,0.8662519454956055,6.255293064117431
1,100,13,0,2,0.8662519454956055,6.255293064117431
1,100,11,0,1,0.8662519454956055,6.255293064117431
1,100,11,0,2,0.8662519454956055,6.255293064117431
1,100,12,0,3,0.8662519454956055,6.255293064117431
1,100,13,0,7,0.8662519454956055,6.255293064117431
1,100,7,0,1,0.8662519454956055,6.255293064117431
1,100,13,0,2,0.8662519454956055,6.255293064117431
0,100,13,13,0,0.8662519454956055,6.255293064117431
0,100,9,1,0,0.8662519454956055,6.255293064117431
0,100,10,12,0,0.8662519454956055,6.255293064117431
0,100,11,10,0,0.8662519454956055,6.255293064117431
0,100,9,7,0,0.8662519454956055,6.255293064117431
0,100,6,12,0,0.8662519454956055,6.255293064117431
0,100,6,6,0,0.8662519454956055,6.255293064117431
0,100,10,9,0,0.8662519454956055,6.255293064117431
0,100,9,1,0,0.8662519454956055,6.255293064117431
0,100,6,8,0,0.8662519454956055,6.255293064117431
0,100,10,11,0,0.8662519454956055,6.255293064117431
0,100,9,2,0,0.8662519454956055,6.255293064117431
0,100,6,9,0,0.8662519454956055,6.255293064117431
0,100,10,10,0,0.8662519454956055,6.255293064117431
0,100,13,8,0,0.8662519454956055,6.255293064117431
0,100,11,4,0,0.8662519454956055,6.255293064117431
0,100,9,11,0,0.8662519454956055,6.255293064117431
0,100,13,14,0,0.8662519454956055,6.255293064117431
0,100,6,7,0,0.8662519454956055,6.255293064117431
0,100,9,4,0,0.8662519454956055,6.255293064117431
0,100,9,3,0,0.8662519454956055,6.255293064117431
0,100,15,6,0,0.8662519454956055,6.255293064117431
0,100,9,8,0,0.8662519454956055,6.255293064117431
0,100,13,8,0,0.8662519454956055,6.255293064117431
0,100,6,7,0,0.8662519454956055,6.255293064117431
0,100,9,5,0,0.8662519454956055,6.255293064117431
0,100,10,12,0,0.8662519454956055,6.255293064117431
0,100,15,12,0,0.8662519454956055,6.255293064117431
0,100,15,11,0,0.8662519454956055,6.255293064117431
0,100,7,7,0,0.8662519454956055,6.255293064117431
0,100,10,13,0,0.8662519454956055,6.255293064117431
0,100,11,11,0,0.8662519454956055,6.255293064117431
0,100,9,5,0,0.8662519454956055,6.255293064117431
0,100,6,16,0,0.8662519454956055,6.255293064117431
0,100,6,5,0,0.8662519454956055,6.255293064117431
0,100,10,11,0,0.8662519454956055,6.255293064117431
0,100,6,6,0,0.8662519454956055,6.255293064117431
0,100,7,5,0,0.8662519454956055,6.255293064117431
0,100,6,9,0,0.8662519454956055,6.255293064117431
0,100,6,10,0,0.8662519454956055,6.255293064117431
0,100,6,10,0,0.8662519454956055,6.255293064117431
0,100,10,11,0,0.8662519454956055,6.255293064117431
0,100,7,3,0,0.8662519454956055,6.255293064117431
0,100,15,11,0,0.8662519454956055,6.255293064117431
0,100,13,14,0,0.8662519454956055,6.255293064117431
0,100,6,7,0,0.8662519454956055,6.255293064117431
0,100,6,9,0,0.8662519454956055,6.255293064117431
0,100,13,13,0,0.8662519454956055,6.255293064117431
0,100,7,11,0,0.8662519454956055,6.255293064117431
0,100,11,11,0,0.8662519454956055,6.255293064117431
0,100,6,9,0,0.8662519454956055,6.255293064117431
0,100,10,13,0,0.8662519454956055,6.255293064117431
0,100,7,7,0,0.8662519454956055,6.255293064117431
0,100,13,14,0,0.8662519454956055,6.255293064117431
0,100,6,13,0,0.8662519454956055,6.255293064117431
0,100,15,14,0,0.8662519454956055,6.255293064117431
0,100,11,7,0,0.8662519454956055,6.255293064117431
0,100,11,9,0,0.8662519454956055,6.255293064117431
0,100,7,10,0,0.8662519454956055,6.255293064117431
0,100,6,10,0,0.8662519454956055,6.255293064117431
0,100,6,15,0,0.8662519454956055,6.255293064117431
0,100,6,9,0,0.8662519454956055,6.255293064117431
0,100,9,11,0,0.8662519454956055,6.255293064117431
0,100,10,15,0,0.8662519454956055,6.255293064117431
0,100,9,12,0,0.8662519454956055,6.255293064117431
0,100,13,8,0,0.8662519454956055,6.255293064117431
0,100,11,8,0,0.8662519454956055,6.255293064117431
0,100,9,7,0,0.8662519454956055,6.255293064117431
0,100,6,4,0,0.8662519454956055,6.255293064117431
0,100,9,9,0,0.8662519454956055,6.255293064117431
0,100,6,10,0,0.8662519454956055,6.255293064117431
0,100,9,9,0,0.8662519454956055,6.255293064117431
0,100,6,7,0,0.8662519454956055,6.255293064117431
0,100,10,14,0,0.8662519454956055,6.255293064117431
0,100,15,15,0,0.8662519454956055,6.255293064117431
0,100,10,15,0,0.8662519454956055,6.255293064117431
0,100,7,11,0,0.8662519454956055,6.255293064117431
0,100,6,8,0,0.8662519454956055,6.255293064117431
0,100,11,13,0,0.8662519454956055,6.255293064117431
0,100,6,12,0,0.8662519454956055,6.255293064117431
0,100,7,6,0,0.8662519454956055,6.255293064117431
0,100,7,8,0,0.8662519454956055,6.255293064117431
0,100,6,10,0,0.8662519454956055,6.255293064117431
0,100,7,14,0,0.8662519454956055,6.255293064117431
0,100,7,8,0,0.8662519454956055,6.255293064117431
0,100,6,9,0,0.8662519454956055,6.255293064117431
0,100,13,12,0,0.8662519454956055,6.255293064117431
0,100,6,9,0,0.8662519454956055,6.255293064117431
0,100,7,7,0,0.8662519454956055,6.255293064117431
0,100,6,11,0,0.8662519454956055,6.255293064117431
0,100,7,7,0,0.8662519454956055,6.255293064117431
0,100,11,9,0,0.8662519454956055,6.255293064117431
0,100,9,6,0,0.8662519454956055,6.255293064117431
0,100,6,15,0,0.8662519454956055,6.255293064117431
0,100,13,8,0,0.8662519454956055,6.255293064117431
0,100,10,14,0,0.8662519454956055,6.255293064117431
0,100,10,9,0,0.8662519454956055,6.255293064117431
0,100,10,13,0,0.8662519454956055,6.255293064117431
0,100,15,11,0,0.8662519454956055,6.255293064117431
0,100,15,12,0,0.8662519454956055,6.255293064117431
Total DB Queries This Round: 23351
Total time spent this round in seconds: 633.0140514373779
1,100,15,0,2,0.9614744186401367,6.29460844039917
1,100,9,0,0,0.9614744186401367,6.29460844039917
1,100,20,0,2,0.9614744186401367,6.29460844039917
1,100,13,6,0,0.9614744186401367,6.29460844039917
1,100,9,0,0,0.9614744186401367,6.29460844039917
1,100,18,2,0,0.9614744186401367,6.29460844039917
1,100,13,0,0,0.9614744186401367,6.29460844039917
1,100,7,0,0,0.9614744186401367,6.29460844039917
1,100,18,1,0,0.9614744186401367,6.29460844039917
1,100,11,1,0,0.9614744186401367,6.29460844039917
1,100,13,4,0,0.9614744186401367,6.29460844039917
1,100,11,0,0,0.9614744186401367,6.29460844039917
1,100,13,0,2,0.9614744186401367,6.29460844039917
1,100,11,0,2,0.9614744186401367,6.29460844039917
1,100,5,1,0,0.9614744186401367,6.29460844039917
1,100,18,4,0,0.9614744186401367,6.29460844039917
1,100,11,0,2,0.9614744186401367,6.29460844039917
1,100,1,1,0,0.9614744186401367,6.29460844039917
1,100,9,0,0,0.9614744186401367,6.29460844039917
1,100,12,0,1,0.9614744186401367,6.29460844039917
1,100,1,0,0,0.9614744186401367,6.29460844039917
1,100,5,0,0,0.9614744186401367,6.29460844039917
1,100,5,2,0,0.9614744186401367,6.29460844039917
1,100,13,0,2,0.9614744186401367,6.29460844039917
1,100,14,2,0,0.9614744186401367,6.29460844039917
1,100,5,3,0,0.9614744186401367,6.29460844039917
1,100,17,0,4,0.9614744186401367,6.29460844039917
1,100,8,0,1,0.9614744186401367,6.29460844039917
1,100,5,1,0,0.9614744186401367,6.29460844039917
1,100,7,2,0,0.9614744186401367,6.29460844039917
1,100,7,0,0,0.9614744186401367,6.29460844039917
1,100,7,0,2,0.9614744186401367,6.29460844039917
1,100,16,0,3,0.9614744186401367,6.29460844039917
1,100,9,0,0,0.9614744186401367,6.29460844039917
1,100,12,0,3,0.9614744186401367,6.29460844039917
1,100,18,1,0,0.9614744186401367,6.29460844039917
1,100,14,0,0,0.9614744186401367,6.29460844039917
1,100,14,2,0,0.9614744186401367,6.29460844039917
1,100,15,0,2,0.9614744186401367,6.29460844039917
1,100,1,1,0,0.9614744186401367,6.29460844039917
1,100,13,2,0,0.9614744186401367,6.29460844039917
1,100,14,2,0,0.9614744186401367,6.29460844039917
1,100,18,0,0,0.9614744186401367,6.29460844039917
1,100,7,0,0,0.9614744186401367,6.29460844039917
1,100,9,0,0,0.9614744186401367,6.29460844039917
1,100,14,2,0,0.9614744186401367,6.29460844039917
1,100,6,0,1,0.9614744186401367,6.29460844039917
1,100,13,0,0,0.9614744186401367,6.29460844039917
1,100,10,0,1,0.9614744186401367,6.29460844039917
1,100,7,0,0,0.9614744186401367,6.29460844039917
1,100,7,0,2,0.9614744186401367,6.29460844039917
1,100,8,0,3,0.9614744186401367,6.29460844039917
1,100,13,2,0,0.9614744186401367,6.29460844039917
1,100,13,0,4,0.9614744186401367,6.29460844039917
1,100,9,0,4,0.9614744186401367,6.29460844039917
1,100,18,0,0,0.9614744186401367,6.29460844039917
1,100,13,0,2,0.9614744186401367,6.29460844039917
1,100,10,0,1,0.9614744186401367,6.29460844039917
1,100,13,0,0,0.9614744186401367,6.29460844039917
1,100,11,0,2,0.9614744186401367,6.29460844039917
1,100,10,0,1,0.9614744186401367,6.29460844039917
1,100,7,4,0,0.9614744186401367,6.29460844039917
1,100,11,0,0,0.9614744186401367,6.29460844039917
1,100,18,1,0,0.9614744186401367,6.29460844039917
1,100,12,0,1,0.9614744186401367,6.29460844039917
1,100,14,0,0,0.9614744186401367,6.29460844039917
1,100,8,0,3,0.9614744186401367,6.29460844039917
1,100,15,0,4,0.9614744186401367,6.29460844039917
1,100,18,0,0,0.9614744186401367,6.29460844039917
1,100,18,2,0,0.9614744186401367,6.29460844039917
1,100,5,1,0,0.9614744186401367,6.29460844039917
1,100,16,0,3,0.9614744186401367,6.29460844039917
1,100,14,0,0,0.9614744186401367,6.29460844039917
1,100,16,0,3,0.9614744186401367,6.29460844039917
1,100,4,0,3,0.9614744186401367,6.29460844039917
1,100,15,0,4,0.9614744186401367,6.29460844039917
1,100,13,2,0,0.9614744186401367,6.29460844039917
1,100,5,1,0,0.9614744186401367,6.29460844039917
1,100,13,0,0,0.9614744186401367,6.29460844039917
1,100,13,0,0,0.9614744186401367,6.29460844039917
1,100,7,4,0,0.9614744186401367,6.29460844039917
1,100,13,0,0,0.9614744186401367,6.29460844039917
1,100,5,1,0,0.9614744186401367,6.29460844039917
1,100,1,0,0,0.9614744186401367,6.29460844039917
1,100,13,0,2,0.9614744186401367,6.29460844039917
1,100,15,0,4,0.9614744186401367,6.29460844039917
1,100,7,0,0,0.9614744186401367,6.29460844039917
1,100,13,0,2,0.9614744186401367,6.29460844039917
1,100,16,0,5,0.9614744186401367,6.29460844039917
1,100,13,2,0,0.9614744186401367,6.29460844039917
1,100,4,0,3,0.9614744186401367,6.29460844039917
1,100,13,1,0,0.9614744186401367,6.29460844039917
1,100,7,0,2,0.9614744186401367,6.29460844039917
1,100,18,0,0,0.9614744186401367,6.29460844039917
1,100,6,0,5,0.9614744186401367,6.29460844039917
1,100,1,0,0,0.9614744186401367,6.29460844039917
1,100,8,0,3,0.9614744186401367,6.29460844039917
1,100,14,2,0,0.9614744186401367,6.29460844039917
1,100,7,0,2,0.9614744186401367,6.29460844039917
1,100,17,0,6,0.9614744186401367,6.29460844039917
0,100,1,6,0,0.9614744186401367,6.29460844039917
0,100,18,14,0,0.9614744186401367,6.29460844039917
0,100,5,1,0,0.9614744186401367,6.29460844039917
0,100,1,7,0,0.9614744186401367,6.29460844039917
0,100,14,10,0,0.9614744186401367,6.29460844039917
0,100,5,14,0,0.9614744186401367,6.29460844039917
0,100,18,13,0,0.9614744186401367,6.29460844039917
0,100,1,1,0,0.9614744186401367,6.29460844039917
0,100,5,9,0,0.9614744186401367,6.29460844039917
0,100,13,15,0,0.9614744186401367,6.29460844039917
0,100,9,6,0,0.9614744186401367,6.29460844039917
0,100,14,11,0,0.9614744186401367,6.29460844039917
0,100,13,7,0,0.9614744186401367,6.29460844039917
0,100,11,12,0,0.9614744186401367,6.29460844039917
0,100,5,7,0,0.9614744186401367,6.29460844039917
0,100,9,11,0,0.9614744186401367,6.29460844039917
0,100,11,14,0,0.9614744186401367,6.29460844039917
0,100,5,5,0,0.9614744186401367,6.29460844039917
0,100,1,1,0,0.9614744186401367,6.29460844039917
0,100,9,5,0,0.9614744186401367,6.29460844039917
0,100,13,10,0,0.9614744186401367,6.29460844039917
0,100,9,4,0,0.9614744186401367,6.29460844039917
0,100,11,10,0,0.9614744186401367,6.29460844039917
0,100,5,5,0,0.9614744186401367,6.29460844039917
0,100,1,4,0,0.9614744186401367,6.29460844039917
0,100,13,8,0,0.9614744186401367,6.29460844039917
0,100,13,6,0,0.9614744186401367,6.29460844039917
0,100,13,5,0,0.9614744186401367,6.29460844039917
0,100,7,0,0,0.9614744186401367,6.29460844039917
0,100,18,17,0,0.9614744186401367,6.29460844039917
0,100,5,9,0,0.9614744186401367,6.29460844039917
0,100,9,4,0,0.9614744186401367,6.29460844039917
0,100,14,5,0,0.9614744186401367,6.29460844039917
0,100,5,10,0,0.9614744186401367,6.29460844039917
0,100,13,13,0,0.9614744186401367,6.29460844039917
0,100,14,8,0,0.9614744186401367,6.29460844039917
0,100,7,7,0,0.9614744186401367,6.29460844039917
0,100,5,14,0,0.9614744186401367,6.29460844039917
0,100,5,16,0,0.9614744186401367,6.29460844039917
0,100,14,16,0,0.9614744186401367,6.29460844039917
0,100,13,18,0,0.9614744186401367,6.29460844039917
0,100,7,9,0,0.9614744186401367,6.29460844039917
0,100,13,9,0,0.9614744186401367,6.29460844039917
0,100,11,14,0,0.9614744186401367,6.29460844039917
0,100,5,16,0,0.9614744186401367,6.29460844039917
0,100,5,5,0,0.9614744186401367,6.29460844039917
0,100,11,11,0,0.9614744186401367,6.29460844039917
0,100,7,3,0,0.9614744186401367,6.29460844039917
0,100,5,10,0,0.9614744186401367,6.29460844039917
0,100,5,12,0,0.9614744186401367,6.29460844039917
0,100,18,13,0,0.9614744186401367,6.29460844039917
0,100,7,5,0,0.9614744186401367,6.29460844039917
0,100,11,6,0,0.9614744186401367,6.29460844039917
0,100,14,14,0,0.9614744186401367,6.29460844039917
0,100,13,14,0,0.9614744186401367,6.29460844039917
0,100,5,12,0,0.9614744186401367,6.29460844039917
0,100,5,7,0,0.9614744186401367,6.29460844039917
0,100,7,7,0,0.9614744186401367,6.29460844039917
0,100,5,15,0,0.9614744186401367,6.29460844039917
0,100,14,18,0,0.9614744186401367,6.29460844039917
0,100,5,11,0,0.9614744186401367,6.29460844039917
0,100,9,7,0,0.9614744186401367,6.29460844039917
0,100,13,16,0,0.9614744186401367,6.29460844039917
0,100,9,8,0,0.9614744186401367,6.29460844039917
0,100,11,13,0,0.9614744186401367,6.29460844039917
0,100,5,9,0,0.9614744186401367,6.29460844039917
0,100,1,2,0,0.9614744186401367,6.29460844039917
0,100,5,11,0,0.9614744186401367,6.29460844039917
0,100,1,10,0,0.9614744186401367,6.29460844039917
0,100,5,17,0,0.9614744186401367,6.29460844039917
0,100,1,8,0,0.9614744186401367,6.29460844039917
0,100,14,13,0,0.9614744186401367,6.29460844039917
0,100,18,17,0,0.9614744186401367,6.29460844039917
0,100,13,13,0,0.9614744186401367,6.29460844039917
0,100,13,13,0,0.9614744186401367,6.29460844039917
0,100,7,10,0,0.9614744186401367,6.29460844039917
0,100,5,10,0,0.9614744186401367,6.29460844039917
0,100,5,9,0,0.9614744186401367,6.29460844039917
0,100,14,15,0,0.9614744186401367,6.29460844039917
0,100,7,9,0,0.9614744186401367,6.29460844039917
0,100,7,7,0,0.9614744186401367,6.29460844039917
0,100,5,12,0,0.9614744186401367,6.29460844039917
0,100,7,10,0,0.9614744186401367,6.29460844039917
0,100,7,9,0,0.9614744186401367,6.29460844039917
0,100,14,12,0,0.9614744186401367,6.29460844039917
0,100,11,12,0,0.9614744186401367,6.29460844039917
0,100,5,6,0,0.9614744186401367,6.29460844039917
0,100,7,10,0,0.9614744186401367,6.29460844039917
0,100,14,13,0,0.9614744186401367,6.29460844039917
0,100,7,6,0,0.9614744186401367,6.29460844039917
0,100,5,10,0,0.9614744186401367,6.29460844039917
0,100,9,8,0,0.9614744186401367,6.29460844039917
0,100,14,16,0,0.9614744186401367,6.29460844039917
0,100,11,17,0,0.9614744186401367,6.29460844039917
0,100,18,14,0,0.9614744186401367,6.29460844039917
0,100,13,15,0,0.9614744186401367,6.29460844039917
0,100,13,15,0,0.9614744186401367,6.29460844039917
0,100,13,13,0,0.9614744186401367,6.29460844039917
0,100,13,10,0,0.9614744186401367,6.29460844039917
0,100,18,9,0,0.9614744186401367,6.29460844039917
Total DB Queries This Round: 23472
Total time spent this round in seconds: 639.0305488109589
1,100,3,2,0,0.8870072364807129,6.46105678319931
1,100,4,0,1,0.8870072364807129,6.46105678319931
1,100,3,2,0,0.8870072364807129,6.46105678319931
1,100,3,2,0,0.8870072364807129,6.46105678319931
1,100,3,0,0,0.8870072364807129,6.46105678319931
1,100,9,0,3,0.8870072364807129,6.46105678319931
1,100,6,3,0,0.8870072364807129,6.46105678319931
1,100,3,1,0,0.8870072364807129,6.46105678319931
1,100,5,0,0,0.8870072364807129,6.46105678319931
1,100,3,1,0,0.8870072364807129,6.46105678319931
1,100,5,0,0,0.8870072364807129,6.46105678319931
1,100,5,0,0,0.8870072364807129,6.46105678319931
1,100,3,2,0,0.8870072364807129,6.46105678319931
1,100,6,0,1,0.8870072364807129,6.46105678319931
1,100,3,0,0,0.8870072364807129,6.46105678319931
1,100,3,0,0,0.8870072364807129,6.46105678319931
1,100,5,0,2,0.8870072364807129,6.46105678319931
1,100,5,0,2,0.8870072364807129,6.46105678319931
1,100,5,0,0,0.8870072364807129,6.46105678319931
1,100,3,0,0,0.8870072364807129,6.46105678319931
1,100,7,2,0,0.8870072364807129,6.46105678319931
1,100,5,1,0,0.8870072364807129,6.46105678319931
1,100,5,1,0,0.8870072364807129,6.46105678319931
1,100,6,2,0,0.8870072364807129,6.46105678319931
1,100,5,3,0,0.8870072364807129,6.46105678319931
1,100,8,0,2,0.8870072364807129,6.46105678319931
1,100,6,2,0,0.8870072364807129,6.46105678319931
1,100,5,2,0,0.8870072364807129,6.46105678319931
1,100,6,1,0,0.8870072364807129,6.46105678319931
1,100,8,0,2,0.8870072364807129,6.46105678319931
1,100,7,0,0,0.8870072364807129,6.46105678319931
1,100,6,0,0,0.8870072364807129,6.46105678319931
1,100,6,0,3,0.8870072364807129,6.46105678319931
1,100,4,0,1,0.8870072364807129,6.46105678319931
1,100,3,0,0,0.8870072364807129,6.46105678319931
1,100,6,2,0,0.8870072364807129,6.46105678319931
1,100,6,3,0,0.8870072364807129,6.46105678319931
1,100,6,0,0,0.8870072364807129,6.46105678319931
1,100,4,0,1,0.8870072364807129,6.46105678319931
1,100,3,1,0,0.8870072364807129,6.46105678319931
1,100,6,2,0,0.8870072364807129,6.46105678319931
1,100,3,0,0,0.8870072364807129,6.46105678319931
1,100,6,3,0,0.8870072364807129,6.46105678319931
1,100,3,1,0,0.8870072364807129,6.46105678319931
1,100,6,3,0,0.8870072364807129,6.46105678319931
1,100,7,0,0,0.8870072364807129,6.46105678319931
1,100,7,0,1,0.8870072364807129,6.46105678319931
1,100,5,0,2,0.8870072364807129,6.46105678319931
1,100,7,0,1,0.8870072364807129,6.46105678319931
1,100,7,2,0,0.8870072364807129,6.46105678319931
1,100,7,4,0,0.8870072364807129,6.46105678319931
1,100,3,1,0,0.8870072364807129,6.46105678319931
1,100,4,0,1,0.8870072364807129,6.46105678319931
1,100,7,2,0,0.8870072364807129,6.46105678319931
1,100,5,0,2,0.8870072364807129,6.46105678319931
1,100,6,0,1,0.8870072364807129,6.46105678319931
1,100,3,0,0,0.8870072364807129,6.46105678319931
1,100,3,2,0,0.8870072364807129,6.46105678319931
1,100,5,0,2,0.8870072364807129,6.46105678319931
1,100,4,0,1,0.8870072364807129,6.46105678319931
1,100,8,0,2,0.8870072364807129,6.46105678319931
1,100,5,0,0,0.8870072364807129,6.46105678319931
1,100,4,0,1,0.8870072364807129,6.46105678319931
1,100,5,0,0,0.8870072364807129,6.46105678319931
1,100,6,5,0,0.8870072364807129,6.46105678319931
1,100,7,0,0,0.8870072364807129,6.46105678319931
1,100,5,0,0,0.8870072364807129,6.46105678319931
1,100,4,0,1,0.8870072364807129,6.46105678319931
1,100,4,0,1,0.8870072364807129,6.46105678319931
1,100,5,0,0,0.8870072364807129,6.46105678319931
1,100,7,0,1,0.8870072364807129,6.46105678319931
1,100,6,4,0,0.8870072364807129,6.46105678319931
1,100,7,0,1,0.8870072364807129,6.46105678319931
1,100,4,0,1,0.8870072364807129,6.46105678319931
1,100,5,0,0,0.8870072364807129,6.46105678319931
1,100,3,1,0,0.8870072364807129,6.46105678319931
1,100,5,1,0,0.8870072364807129,6.46105678319931
1,100,7,0,1,0.8870072364807129,6.46105678319931
1,100,8,0,2,0.8870072364807129,6.46105678319931
1,100,6,1,0,0.8870072364807129,6.46105678319931
1,100,7,0,1,0.8870072364807129,6.46105678319931
1,100,5,2,0,0.8870072364807129,6.46105678319931
1,100,5,0,2,0.8870072364807129,6.46105678319931
1,100,5,1,0,0.8870072364807129,6.46105678319931
1,100,5,0,0,0.8870072364807129,6.46105678319931
1,100,8,0,2,0.8870072364807129,6.46105678319931
1,100,5,0,0,0.8870072364807129,6.46105678319931
1,100,5,0,0,0.8870072364807129,6.46105678319931
1,100,3,0,0,0.8870072364807129,6.46105678319931
1,100,6,0,3,0.8870072364807129,6.46105678319931
1,100,3,0,0,0.8870072364807129,6.46105678319931
1,100,7,0,0,0.8870072364807129,6.46105678319931
1,100,3,0,0,0.8870072364807129,6.46105678319931
1,100,8,0,5,0.8870072364807129,6.46105678319931
1,100,7,0,4,0.8870072364807129,6.46105678319931
1,100,5,0,0,0.8870072364807129,6.46105678319931
1,100,6,3,0,0.8870072364807129,6.46105678319931
1,100,7,1,0,0.8870072364807129,6.46105678319931
1,100,5,0,0,0.8870072364807129,6.46105678319931
1,100,5,0,2,0.8870072364807129,6.46105678319931
0,100,3,7,0,0.8870072364807129,6.46105678319931
0,100,7,6,0,0.8870072364807129,6.46105678319931
0,100,4,0,1,0.8870072364807129,6.46105678319931
0,100,6,7,0,0.8870072364807129,6.46105678319931
0,100,5,5,0,0.8870072364807129,6.46105678319931
0,100,3,3,0,0.8870072364807129,6.46105678319931
0,100,3,0,0,0.8870072364807129,6.46105678319931
0,100,5,7,0,0.8870072364807129,6.46105678319931
0,100,3,2,0,0.8870072364807129,6.46105678319931
0,100,3,2,0,0.8870072364807129,6.46105678319931
0,100,6,11,0,0.8870072364807129,6.46105678319931
0,100,3,4,0,0.8870072364807129,6.46105678319931
0,100,5,6,0,0.8870072364807129,6.46105678319931
0,100,7,8,0,0.8870072364807129,6.46105678319931
0,100,3,3,0,0.8870072364807129,6.46105678319931
0,100,5,2,0,0.8870072364807129,6.46105678319931
0,100,5,7,0,0.8870072364807129,6.46105678319931
0,100,3,1,0,0.8870072364807129,6.46105678319931
0,100,3,2,0,0.8870072364807129,6.46105678319931
0,100,6,1,0,0.8870072364807129,6.46105678319931
0,100,3,2,0,0.8870072364807129,6.46105678319931
0,100,5,3,0,0.8870072364807129,6.46105678319931
0,100,5,8,0,0.8870072364807129,6.46105678319931
0,100,3,0,0,0.8870072364807129,6.46105678319931
0,100,3,6,0,0.8870072364807129,6.46105678319931
0,100,6,3,0,0.8870072364807129,6.46105678319931
0,100,6,2,0,0.8870072364807129,6.46105678319931
0,100,6,4,0,0.8870072364807129,6.46105678319931
0,100,3,5,0,0.8870072364807129,6.46105678319931
0,100,7,4,0,0.8870072364807129,6.46105678319931
0,100,3,2,0,0.8870072364807129,6.46105678319931
0,100,6,10,0,0.8870072364807129,6.46105678319931
0,100,5,6,0,0.8870072364807129,6.46105678319931
0,100,3,10,0,0.8870072364807129,6.46105678319931
0,100,6,9,0,0.8870072364807129,6.46105678319931
0,100,6,5,0,0.8870072364807129,6.46105678319931
0,100,5,5,0,0.8870072364807129,6.46105678319931
0,100,5,9,0,0.8870072364807129,6.46105678319931
0,100,6,7,0,0.8870072364807129,6.46105678319931
0,100,3,7,0,0.8870072364807129,6.46105678319931
0,100,6,2,0,0.8870072364807129,6.46105678319931
0,100,6,1,0,0.8870072364807129,6.46105678319931
0,100,5,6,0,0.8870072364807129,6.46105678319931
0,100,5,5,0,0.8870072364807129,6.46105678319931
0,100,5,11,0,0.8870072364807129,6.46105678319931
0,100,5,6,0,0.8870072364807129,6.46105678319931
0,100,6,1,0,0.8870072364807129,6.46105678319931
0,100,7,6,0,0.8870072364807129,6.46105678319931
0,100,5,6,0,0.8870072364807129,6.46105678319931
0,100,3,5,0,0.8870072364807129,6.46105678319931
0,100,6,0,0,0.8870072364807129,6.46105678319931
0,100,5,3,0,0.8870072364807129,6.46105678319931
0,100,6,13,0,0.8870072364807129,6.46105678319931
0,100,6,10,0,0.8870072364807129,6.46105678319931
0,100,7,9,0,0.8870072364807129,6.46105678319931
0,100,7,4,0,0.8870072364807129,6.46105678319931
0,100,6,1,0,0.8870072364807129,6.46105678319931
0,100,5,6,0,0.8870072364807129,6.46105678319931
0,100,6,9,0,0.8870072364807129,6.46105678319931
0,100,5,10,0,0.8870072364807129,6.46105678319931
0,100,3,4,0,0.8870072364807129,6.46105678319931
0,100,3,6,0,0.8870072364807129,6.46105678319931
0,100,3,7,0,0.8870072364807129,6.46105678319931
0,100,5,9,0,0.8870072364807129,6.46105678319931
0,100,7,7,0,0.8870072364807129,6.46105678319931
0,100,3,3,0,0.8870072364807129,6.46105678319931
0,100,5,11,0,0.8870072364807129,6.46105678319931
0,100,3,3,0,0.8870072364807129,6.46105678319931
0,100,5,11,0,0.8870072364807129,6.46105678319931
0,100,3,6,0,0.8870072364807129,6.46105678319931
0,100,6,9,0,0.8870072364807129,6.46105678319931
0,100,3,5,0,0.8870072364807129,6.46105678319931
0,100,6,11,0,0.8870072364807129,6.46105678319931
0,100,3,5,0,0.8870072364807129,6.46105678319931
0,100,6,2,0,0.8870072364807129,6.46105678319931
0,100,5,7,0,0.8870072364807129,6.46105678319931
0,100,7,11,0,0.8870072364807129,6.46105678319931
0,100,6,8,0,0.8870072364807129,6.46105678319931
0,100,6,1,0,0.8870072364807129,6.46105678319931
0,100,6,5,0,0.8870072364807129,6.46105678319931
0,100,5,7,0,0.8870072364807129,6.46105678319931
0,100,6,4,0,0.8870072364807129,6.46105678319931
0,100,6,2,0,0.8870072364807129,6.46105678319931
0,100,6,7,0,0.8870072364807129,6.46105678319931
0,100,5,7,0,0.8870072364807129,6.46105678319931
0,100,5,11,0,0.8870072364807129,6.46105678319931
0,100,6,5,0,0.8870072364807129,6.46105678319931
0,100,6,7,0,0.8870072364807129,6.46105678319931
0,100,7,0,1,0.8870072364807129,6.46105678319931
0,100,7,9,0,0.8870072364807129,6.46105678319931
0,100,3,3,0,0.8870072364807129,6.46105678319931
0,100,6,10,0,0.8870072364807129,6.46105678319931
0,100,5,8,0,0.8870072364807129,6.46105678319931
0,100,3,2,0,0.8870072364807129,6.46105678319931
0,100,3,9,0,0.8870072364807129,6.46105678319931
0,100,3,7,0,0.8870072364807129,6.46105678319931
0,100,6,4,0,0.8870072364807129,6.46105678319931
0,100,6,4,0,0.8870072364807129,6.46105678319931
0,100,3,5,0,0.8870072364807129,6.46105678319931
0,100,6,5,0,0.8870072364807129,6.46105678319931
Total DB Queries This Round: 24038
Total time spent this round in seconds: 651.3540740013123
1,100,8,1,0,1.0650551319122314,6.557318241596222
1,100,9,0,0,1.0650551319122314,6.557318241596222
1,100,9,6,0,1.0650551319122314,6.557318241596222
1,100,8,3,0,1.0650551319122314,6.557318241596222
1,100,8,0,0,1.0650551319122314,6.557318241596222
1,100,0,1,0,1.0650551319122314,6.557318241596222
1,100,8,2,0,1.0650551319122314,6.557318241596222
1,100,6,0,1,1.0650551319122314,6.557318241596222
1,100,9,1,0,1.0650551319122314,6.557318241596222
1,100,6,0,1,1.0650551319122314,6.557318241596222
1,100,7,0,2,1.0650551319122314,6.557318241596222
1,100,9,2,0,1.0650551319122314,6.557318241596222
1,100,7,4,0,1.0650551319122314,6.557318241596222
1,100,8,2,0,1.0650551319122314,6.557318241596222
1,100,9,3,0,1.0650551319122314,6.557318241596222
1,100,3,1,0,1.0650551319122314,6.557318241596222
1,100,9,5,0,1.0650551319122314,6.557318241596222
1,100,7,0,2,1.0650551319122314,6.557318241596222
1,100,3,1,0,1.0650551319122314,6.557318241596222
1,100,9,5,0,1.0650551319122314,6.557318241596222
1,100,7,2,0,1.0650551319122314,6.557318241596222
1,100,7,0,2,1.0650551319122314,6.557318241596222
1,100,6,0,0,1.0650551319122314,6.557318241596222
1,100,7,2,0,1.0650551319122314,6.557318241596222
1,100,8,0,0,1.0650551319122314,6.557318241596222
1,100,2,0,2,1.0650551319122314,6.557318241596222
1,100,7,2,0,1.0650551319122314,6.557318241596222
1,100,0,1,0,1.0650551319122314,6.557318241596222
1,100,3,0,3,1.0650551319122314,6.557318241596222
1,100,9,3,0,1.0650551319122314,6.557318241596222
1,100,8,0,0,1.0650551319122314,6.557318241596222
1,100,9,3,0,1.0650551319122314,6.557318241596222
1,100,9,4,0,1.0650551319122314,6.557318241596222
1,100,8,2,0,1.0650551319122314,6.557318241596222
1,100,6,2,0,1.0650551319122314,6.557318241596222
1,100,6,1,0,1.0650551319122314,6.557318241596222
1,100,8,0,0,1.0650551319122314,6.557318241596222
1,100,3,1,0,1.0650551319122314,6.557318241596222
1,100,9,0,0,1.0650551319122314,6.557318241596222
1,100,6,1,0,1.0650551319122314,6.557318241596222
1,100,8,3,0,1.0650551319122314,6.557318241596222
1,100,5,0,5,1.0650551319122314,6.557318241596222
1,100,9,7,0,1.0650551319122314,6.557318241596222
1,100,6,1,0,1.0650551319122314,6.557318241596222
1,100,9,2,0,1.0650551319122314,6.557318241596222
1,100,8,2,0,1.0650551319122314,6.557318241596222
1,100,9,6,0,1.0650551319122314,6.557318241596222
1,100,1,0,1,1.0650551319122314,6.557318241596222
1,100,9,3,0,1.0650551319122314,6.557318241596222
1,100,9,6,0,1.0650551319122314,6.557318241596222
1,100,9,1,0,1.0650551319122314,6.557318241596222
1,100,9,3,0,1.0650551319122314,6.557318241596222
1,100,9,3,0,1.0650551319122314,6.557318241596222
1,100,8,1,0,1.0650551319122314,6.557318241596222
1,100,7,0,2,1.0650551319122314,6.557318241596222
1,100,9,6,0,1.0650551319122314,6.557318241596222
1,100,10,0,1,1.0650551319122314,6.557318241596222
1,100,9,8,0,1.0650551319122314,6.557318241596222
1,100,9,5,0,1.0650551319122314,6.557318241596222
1,100,1,0,1,1.0650551319122314,6.557318241596222
1,100,10,0,5,1.0650551319122314,6.557318241596222
1,100,8,1,0,1.0650551319122314,6.557318241596222
1,100,9,0,4,1.0650551319122314,6.557318241596222
1,100,6,0,0,1.0650551319122314,6.557318241596222
1,100,9,4,0,1.0650551319122314,6.557318241596222
1,100,6,0,1,1.0650551319122314,6.557318241596222
1,100,8,3,0,1.0650551319122314,6.557318241596222
1,100,8,4,0,1.0650551319122314,6.557318241596222
1,100,7,3,0,1.0650551319122314,6.557318241596222
1,100,8,0,0,1.0650551319122314,6.557318241596222
1,100,7,0,1,1.0650551319122314,6.557318241596222
1,100,8,1,0,1.0650551319122314,6.557318241596222
1,100,4,0,1,1.0650551319122314,6.557318241596222
1,100,6,0,1,1.0650551319122314,6.557318241596222
1,100,9,0,0,1.0650551319122314,6.557318241596222
1,100,7,4,0,1.0650551319122314,6.557318241596222
1,100,9,0,1,1.0650551319122314,6.557318241596222
1,100,8,0,0,1.0650551319122314,6.557318241596222
1,100,6,0,6,1.0650551319122314,6.557318241596222
1,100,8,0,0,1.0650551319122314,6.557318241596222
1,100,7,2,0,1.0650551319122314,6.557318241596222
1,100,3,2,0,1.0650551319122314,6.557318241596222
1,100,6,0,1,1.0650551319122314,6.557318241596222
1,100,6,0,1,1.0650551319122314,6.557318241596222
1,100,1,0,1,1.0650551319122314,6.557318241596222
1,100,8,0,3,1.0650551319122314,6.557318241596222
1,100,6,0,1,1.0650551319122314,6.557318241596222
1,100,9,0,0,1.0650551319122314,6.557318241596222
1,100,4,0,1,1.0650551319122314,6.557318241596222
1,100,9,0,0,1.0650551319122314,6.557318241596222
1,100,9,3,0,1.0650551319122314,6.557318241596222
1,100,8,2,0,1.0650551319122314,6.557318241596222
1,100,5,0,2,1.0650551319122314,6.557318241596222
1,100,3,0,0,1.0650551319122314,6.557318241596222
1,100,7,1,0,1.0650551319122314,6.557318241596222
1,100,6,0,0,1.0650551319122314,6.557318241596222
1,100,9,3,0,1.0650551319122314,6.557318241596222
1,100,5,0,0,1.0650551319122314,6.557318241596222
1,100,3,0,0,1.0650551319122314,6.557318241596222
1,100,8,1,0,1.0650551319122314,6.557318241596222
0,100,9,7,0,1.0650551319122314,6.557318241596222
0,100,3,2,0,1.0650551319122314,6.557318241596222
0,100,6,7,0,1.0650551319122314,6.557318241596222
0,100,7,8,0,1.0650551319122314,6.557318241596222
0,100,8,5,0,1.0650551319122314,6.557318241596222
0,100,3,4,0,1.0650551319122314,6.557318241596222
0,100,7,13,0,1.0650551319122314,6.557318241596222
0,100,9,7,0,1.0650551319122314,6.557318241596222
0,100,9,7,0,1.0650551319122314,6.557318241596222
0,100,6,7,0,1.0650551319122314,6.557318241596222
0,100,9,8,0,1.0650551319122314,6.557318241596222
0,100,5,4,0,1.0650551319122314,6.557318241596222
0,100,9,10,0,1.0650551319122314,6.557318241596222
0,100,9,7,0,1.0650551319122314,6.557318241596222
0,100,5,0,0,1.0650551319122314,6.557318241596222
0,100,7,7,0,1.0650551319122314,6.557318241596222
0,100,4,0,1,1.0650551319122314,6.557318241596222
0,100,9,8,0,1.0650551319122314,6.557318241596222
0,100,8,8,0,1.0650551319122314,6.557318241596222
0,100,9,11,0,1.0650551319122314,6.557318241596222
0,100,5,5,0,1.0650551319122314,6.557318241596222
0,100,7,9,0,1.0650551319122314,6.557318241596222
0,100,3,1,0,1.0650551319122314,6.557318241596222
0,100,9,8,0,1.0650551319122314,6.557318241596222
0,100,8,10,0,1.0650551319122314,6.557318241596222
0,100,8,9,0,1.0650551319122314,6.557318241596222
0,100,0,3,0,1.0650551319122314,6.557318241596222
0,100,8,11,0,1.0650551319122314,6.557318241596222
0,100,9,11,0,1.0650551319122314,6.557318241596222
0,100,9,10,0,1.0650551319122314,6.557318241596222
0,100,6,7,0,1.0650551319122314,6.557318241596222
0,100,7,7,0,1.0650551319122314,6.557318241596222
0,100,9,9,0,1.0650551319122314,6.557318241596222
0,100,6,7,0,1.0650551319122314,6.557318241596222
0,100,0,3,0,1.0650551319122314,6.557318241596222
0,100,7,7,0,1.0650551319122314,6.557318241596222
0,100,7,9,0,1.0650551319122314,6.557318241596222
0,100,6,6,0,1.0650551319122314,6.557318241596222
0,100,9,10,0,1.0650551319122314,6.557318241596222
0,100,0,5,0,1.0650551319122314,6.557318241596222
0,100,8,8,0,1.0650551319122314,6.557318241596222
0,100,5,9,0,1.0650551319122314,6.557318241596222
0,100,7,7,0,1.0650551319122314,6.557318241596222
0,100,7,11,0,1.0650551319122314,6.557318241596222
0,100,5,7,0,1.0650551319122314,6.557318241596222
0,100,0,1,0,1.0650551319122314,6.557318241596222
0,100,9,11,0,1.0650551319122314,6.557318241596222
0,100,7,13,0,1.0650551319122314,6.557318241596222
0,100,8,10,0,1.0650551319122314,6.557318241596222
0,100,0,2,0,1.0650551319122314,6.557318241596222
0,100,5,7,0,1.0650551319122314,6.557318241596222
0,100,6,11,0,1.0650551319122314,6.557318241596222
0,100,8,7,0,1.0650551319122314,6.557318241596222
0,100,9,15,0,1.0650551319122314,6.557318241596222
0,100,9,8,0,1.0650551319122314,6.557318241596222
0,100,0,2,0,1.0650551319122314,6.557318241596222
0,100,7,11,0,1.0650551319122314,6.557318241596222
0,100,6,5,0,1.0650551319122314,6.557318241596222
0,100,7,8,0,1.0650551319122314,6.557318241596222
0,100,9,11,0,1.0650551319122314,6.557318241596222
0,100,9,9,0,1.0650551319122314,6.557318241596222
0,100,9,11,0,1.0650551319122314,6.557318241596222
0,100,5,8,0,1.0650551319122314,6.557318241596222
0,100,9,8,0,1.0650551319122314,6.557318241596222
0,100,3,5,0,1.0650551319122314,6.557318241596222
0,100,7,9,0,1.0650551319122314,6.557318241596222
0,100,3,8,0,1.0650551319122314,6.557318241596222
0,100,7,10,0,1.0650551319122314,6.557318241596222
0,100,3,6,0,1.0650551319122314,6.557318241596222
0,100,6,9,0,1.0650551319122314,6.557318241596222
0,100,8,9,0,1.0650551319122314,6.557318241596222
0,100,8,9,0,1.0650551319122314,6.557318241596222
0,100,9,9,0,1.0650551319122314,6.557318241596222
0,100,0,5,0,1.0650551319122314,6.557318241596222
0,100,7,13,0,1.0650551319122314,6.557318241596222
0,100,9,8,0,1.0650551319122314,6.557318241596222
0,100,6,7,0,1.0650551319122314,6.557318241596222
0,100,0,2,0,1.0650551319122314,6.557318241596222
0,100,0,4,0,1.0650551319122314,6.557318241596222
0,100,7,11,0,1.0650551319122314,6.557318241596222
0,100,0,5,0,1.0650551319122314,6.557318241596222
0,100,0,3,0,1.0650551319122314,6.557318241596222
0,100,6,6,0,1.0650551319122314,6.557318241596222
0,100,5,6,0,1.0650551319122314,6.557318241596222
0,100,7,11,0,1.0650551319122314,6.557318241596222
0,100,0,6,0,1.0650551319122314,6.557318241596222
0,100,6,9,0,1.0650551319122314,6.557318241596222
0,100,0,3,0,1.0650551319122314,6.557318241596222
0,100,9,5,0,1.0650551319122314,6.557318241596222
0,100,9,8,0,1.0650551319122314,6.557318241596222
0,100,6,8,0,1.0650551319122314,6.557318241596222
0,100,5,10,0,1.0650551319122314,6.557318241596222
0,100,8,11,0,1.0650551319122314,6.557318241596222
0,100,9,11,0,1.0650551319122314,6.557318241596222
0,100,9,6,0,1.0650551319122314,6.557318241596222
0,100,8,8,0,1.0650551319122314,6.557318241596222
0,100,8,10,0,1.0650551319122314,6.557318241596222
0,100,8,5,0,1.0650551319122314,6.557318241596222
0,100,8,7,0,1.0650551319122314,6.557318241596222
0,100,9,5,0,1.0650551319122314,6.557318241596222
Total DB Queries This Round: 24573
Total time spent this round in seconds: 666.0006437301636
1,100,10,3,0,0.4046595096588135,5.7432626080513
1,100,5,0,0,0.4046595096588135,5.7432626080513
1,100,10,6,0,0.4046595096588135,5.7432626080513
1,100,12,1,0,0.4046595096588135,5.7432626080513
1,100,8,8,0,0.4046595096588135,5.7432626080513
1,100,10,6,0,0.4046595096588135,5.7432626080513
1,100,11,1,0,0.4046595096588135,5.7432626080513
1,100,10,3,0,0.4046595096588135,5.7432626080513
1,100,12,0,1,0.4046595096588135,5.7432626080513
1,100,11,0,0,0.4046595096588135,5.7432626080513
1,100,5,6,0,0.4046595096588135,5.7432626080513
1,100,9,2,0,0.4046595096588135,5.7432626080513
1,100,10,4,0,0.4046595096588135,5.7432626080513
1,100,5,3,0,0.4046595096588135,5.7432626080513
1,100,7,5,0,0.4046595096588135,5.7432626080513
1,100,5,4,0,0.4046595096588135,5.7432626080513
1,100,12,0,1,0.4046595096588135,5.7432626080513
1,100,7,1,0,0.4046595096588135,5.7432626080513
1,100,8,0,0,0.4046595096588135,5.7432626080513
1,100,11,0,2,0.4046595096588135,5.7432626080513
1,100,11,1,0,0.4046595096588135,5.7432626080513
1,100,14,0,4,0.4046595096588135,5.7432626080513
1,100,9,0,0,0.4046595096588135,5.7432626080513
1,100,14,0,2,0.4046595096588135,5.7432626080513
1,100,8,1,0,0.4046595096588135,5.7432626080513
1,100,9,0,0,0.4046595096588135,5.7432626080513
1,100,12,0,4,0.4046595096588135,5.7432626080513
1,100,8,0,0,0.4046595096588135,5.7432626080513
1,100,8,3,0,0.4046595096588135,5.7432626080513
1,100,16,0,4,0.4046595096588135,5.7432626080513
1,100,5,1,0,0.4046595096588135,5.7432626080513
1,100,5,0,0,0.4046595096588135,5.7432626080513
1,100,10,1,0,0.4046595096588135,5.7432626080513
1,100,10,1,0,0.4046595096588135,5.7432626080513
1,100,10,1,0,0.4046595096588135,5.7432626080513
1,100,13,0,1,0.4046595096588135,5.7432626080513
1,100,9,0,2,0.4046595096588135,5.7432626080513
1,100,10,0,0,0.4046595096588135,5.7432626080513
1,100,10,0,0,0.4046595096588135,5.7432626080513
1,100,10,5,0,0.4046595096588135,5.7432626080513
1,100,8,1,0,0.4046595096588135,5.7432626080513
1,100,5,2,0,0.4046595096588135,5.7432626080513
1,100,10,2,0,0.4046595096588135,5.7432626080513
1,100,8,0,0,0.4046595096588135,5.7432626080513
1,100,12,1,0,0.4046595096588135,5.7432626080513
1,100,5,3,0,0.4046595096588135,5.7432626080513
1,100,8,2,0,0.4046595096588135,5.7432626080513
1,100,10,0,2,0.4046595096588135,5.7432626080513
1,100,8,0,0,0.4046595096588135,5.7432626080513
1,100,10,1,0,0.4046595096588135,5.7432626080513
1,100,5,0,0,0.4046595096588135,5.7432626080513
1,100,10,0,2,0.4046595096588135,5.7432626080513
1,100,10,0,0,0.4046595096588135,5.7432626080513
1,100,13,0,2,0.4046595096588135,5.7432626080513
1,100,5,0,0,0.4046595096588135,5.7432626080513
1,100,11,0,1,0.4046595096588135,5.7432626080513
1,100,5,0,0,0.4046595096588135,5.7432626080513
1,100,5,1,0,0.4046595096588135,5.7432626080513
1,100,10,0,2,0.4046595096588135,5.7432626080513
1,100,11,0,0,0.4046595096588135,5.7432626080513
1,100,10,2,0,0.4046595096588135,5.7432626080513
1,100,14,0,3,0.4046595096588135,5.7432626080513
1,100,11,0,1,0.4046595096588135,5.7432626080513
1,100,8,0,0,0.4046595096588135,5.7432626080513
1,100,11,0,0,0.4046595096588135,5.7432626080513
1,100,15,0,5,0.4046595096588135,5.7432626080513
1,100,11,0,1,0.4046595096588135,5.7432626080513
1,100,11,0,2,0.4046595096588135,5.7432626080513
1,100,15,0,3,0.4046595096588135,5.7432626080513
1,100,12,0,2,0.4046595096588135,5.7432626080513
1,100,16,0,4,0.4046595096588135,5.7432626080513
1,100,11,0,4,0.4046595096588135,5.7432626080513
1,100,12,0,1,0.4046595096588135,5.7432626080513
1,100,10,0,0,0.4046595096588135,5.7432626080513
1,100,10,0,1,0.4046595096588135,5.7432626080513
1,100,15,0,3,0.4046595096588135,5.7432626080513
1,100,13,0,1,0.4046595096588135,5.7432626080513
1,100,8,0,0,0.4046595096588135,5.7432626080513
1,100,13,0,1,0.4046595096588135,5.7432626080513
1,100,10,0,1,0.4046595096588135,5.7432626080513
1,100,8,0,1,0.4046595096588135,5.7432626080513
1,100,12,0,1,0.4046595096588135,5.7432626080513
1,100,12,0,1,0.4046595096588135,5.7432626080513
1,100,8,0,0,0.4046595096588135,5.7432626080513
1,100,13,0,2,0.4046595096588135,5.7432626080513
1,100,16,0,5,0.4046595096588135,5.7432626080513
1,100,10,0,0,0.4046595096588135,5.7432626080513
1,100,7,1,0,0.4046595096588135,5.7432626080513
1,100,13,0,3,0.4046595096588135,5.7432626080513
1,100,8,0,0,0.4046595096588135,5.7432626080513
1,100,12,0,2,0.4046595096588135,5.7432626080513
1,100,12,0,5,0.4046595096588135,5.7432626080513
1,100,12,0,5,0.4046595096588135,5.7432626080513
1,100,11,0,2,0.4046595096588135,5.7432626080513
1,100,13,0,3,0.4046595096588135,5.7432626080513
1,100,9,0,1,0.4046595096588135,5.7432626080513
1,100,16,0,5,0.4046595096588135,5.7432626080513
1,100,10,0,3,0.4046595096588135,5.7432626080513
1,100,12,0,2,0.4046595096588135,5.7432626080513
1,100,8,0,0,0.4046595096588135,5.7432626080513
0,100,7,2,0,0.4046595096588135,5.7432626080513
0,100,10,10,0,0.4046595096588135,5.7432626080513
0,100,9,7,0,0.4046595096588135,5.7432626080513
0,100,10,10,0,0.4046595096588135,5.7432626080513
0,100,7,3,0,0.4046595096588135,5.7432626080513
0,100,9,6,0,0.4046595096588135,5.7432626080513
0,100,10,8,0,0.4046595096588135,5.7432626080513
0,100,5,4,0,0.4046595096588135,5.7432626080513
0,100,10,10,0,0.4046595096588135,5.7432626080513
0,100,10,6,0,0.4046595096588135,5.7432626080513
0,100,11,14,0,0.4046595096588135,5.7432626080513
0,100,8,9,0,0.4046595096588135,5.7432626080513
0,100,5,4,0,0.4046595096588135,5.7432626080513
0,100,11,10,0,0.4046595096588135,5.7432626080513
0,100,9,6,0,0.4046595096588135,5.7432626080513
0,100,7,0,0,0.4046595096588135,5.7432626080513
0,100,5,4,0,0.4046595096588135,5.7432626080513
0,100,12,11,0,0.4046595096588135,5.7432626080513
0,100,5,3,0,0.4046595096588135,5.7432626080513
0,100,11,9,0,0.4046595096588135,5.7432626080513
0,100,9,5,0,0.4046595096588135,5.7432626080513
0,100,7,4,0,0.4046595096588135,5.7432626080513
0,100,10,9,0,0.4046595096588135,5.7432626080513
0,100,12,11,0,0.4046595096588135,5.7432626080513
0,100,12,9,0,0.4046595096588135,5.7432626080513
0,100,8,5,0,0.4046595096588135,5.7432626080513
0,100,10,12,0,0.4046595096588135,5.7432626080513
0,100,8,8,0,0.4046595096588135,5.7432626080513
0,100,5,5,0,0.4046595096588135,5.7432626080513
0,100,10,11,0,0.4046595096588135,5.7432626080513
0,100,9,5,0,0.4046595096588135,5.7432626080513
0,100,10,9,0,0.4046595096588135,5.7432626080513
0,100,10,7,0,0.4046595096588135,5.7432626080513
0,100,8,5,0,0.4046595096588135,5.7432626080513
0,100,9,5,0,0.4046595096588135,5.7432626080513
0,100,9,6,0,0.4046595096588135,5.7432626080513
0,100,10,8,0,0.4046595096588135,5.7432626080513
0,100,10,6,0,0.4046595096588135,5.7432626080513
0,100,8,2,0,0.4046595096588135,5.7432626080513
0,100,12,11,0,0.4046595096588135,5.7432626080513
0,100,11,5,0,0.4046595096588135,5.7432626080513
0,100,9,7,0,0.4046595096588135,5.7432626080513
0,100,9,8,0,0.4046595096588135,5.7432626080513
0,100,11,10,0,0.4046595096588135,5.7432626080513
0,100,8,5,0,0.4046595096588135,5.7432626080513
0,100,8,10,0,0.4046595096588135,5.7432626080513
0,100,9,7,0,0.4046595096588135,5.7432626080513
0,100,10,11,0,0.4046595096588135,5.7432626080513
0,100,8,6,0,0.4046595096588135,5.7432626080513
0,100,11,9,0,0.4046595096588135,5.7432626080513
0,100,10,10,0,0.4046595096588135,5.7432626080513
0,100,12,11,0,0.4046595096588135,5.7432626080513
0,100,8,9,0,0.4046595096588135,5.7432626080513
0,100,8,8,0,0.4046595096588135,5.7432626080513
0,100,8,6,0,0.4046595096588135,5.7432626080513
0,100,9,6,0,0.4046595096588135,5.7432626080513
0,100,10,8,0,0.4046595096588135,5.7432626080513
0,100,9,6,0,0.4046595096588135,5.7432626080513
0,100,5,7,0,0.4046595096588135,5.7432626080513
0,100,10,12,0,0.4046595096588135,5.7432626080513
0,100,5,6,0,0.4046595096588135,5.7432626080513
0,100,11,11,0,0.4046595096588135,5.7432626080513
0,100,8,9,0,0.4046595096588135,5.7432626080513
0,100,7,7,0,0.4046595096588135,5.7432626080513
0,100,9,7,0,0.4046595096588135,5.7432626080513
0,100,7,6,0,0.4046595096588135,5.7432626080513
0,100,9,8,0,0.4046595096588135,5.7432626080513
0,100,7,8,0,0.4046595096588135,5.7432626080513
0,100,10,11,0,0.4046595096588135,5.7432626080513
0,100,10,9,0,0.4046595096588135,5.7432626080513
0,100,12,13,0,0.4046595096588135,5.7432626080513
0,100,10,11,0,0.4046595096588135,5.7432626080513
0,100,8,1,0,0.4046595096588135,5.7432626080513
0,100,9,11,0,0.4046595096588135,5.7432626080513
0,100,8,8,0,0.4046595096588135,5.7432626080513
0,100,10,11,0,0.4046595096588135,5.7432626080513
0,100,8,0,0,0.4046595096588135,5.7432626080513
0,100,8,6,0,0.4046595096588135,5.7432626080513
0,100,9,11,0,0.4046595096588135,5.7432626080513
0,100,8,5,0,0.4046595096588135,5.7432626080513
0,100,8,4,0,0.4046595096588135,5.7432626080513
0,100,10,11,0,0.4046595096588135,5.7432626080513
0,100,11,12,0,0.4046595096588135,5.7432626080513
0,100,9,9,0,0.4046595096588135,5.7432626080513
0,100,8,5,0,0.4046595096588135,5.7432626080513
0,100,10,11,0,0.4046595096588135,5.7432626080513
0,100,8,4,0,0.4046595096588135,5.7432626080513
0,100,8,11,0,0.4046595096588135,5.7432626080513
0,100,5,5,0,0.4046595096588135,5.7432626080513
0,100,10,11,0,0.4046595096588135,5.7432626080513
0,100,11,13,0,0.4046595096588135,5.7432626080513
0,100,10,14,0,0.4046595096588135,5.7432626080513
0,100,10,10,0,0.4046595096588135,5.7432626080513
0,100,10,11,0,0.4046595096588135,5.7432626080513
0,100,12,11,0,0.4046595096588135,5.7432626080513
0,100,12,10,0,0.4046595096588135,5.7432626080513
0,100,10,11,0,0.4046595096588135,5.7432626080513
0,100,12,11,0,0.4046595096588135,5.7432626080513
0,100,5,7,0,0.4046595096588135,5.7432626080513
0,100,10,8,0,0.4046595096588135,5.7432626080513
Total DB Queries This Round: 20865
Total time spent this round in seconds: 574.7313313484192
1,100,6,2,0,0.34812450408935547,5.574022414684296
1,100,11,0,0,0.34812450408935547,5.574022414684296
1,100,14,2,0,0.34812450408935547,5.574022414684296
1,100,8,0,0,0.34812450408935547,5.574022414684296
1,100,11,0,0,0.34812450408935547,5.574022414684296
1,100,14,0,1,0.34812450408935547,5.574022414684296
1,100,8,2,0,0.34812450408935547,5.574022414684296
1,100,13,1,0,0.34812450408935547,5.574022414684296
1,100,13,3,0,0.34812450408935547,5.574022414684296
1,100,6,1,0,0.34812450408935547,5.574022414684296
1,100,11,0,4,0.34812450408935547,5.574022414684296
1,100,12,0,1,0.34812450408935547,5.574022414684296
1,100,6,3,0,0.34812450408935547,5.574022414684296
1,100,6,0,0,0.34812450408935547,5.574022414684296
1,100,6,5,0,0.34812450408935547,5.574022414684296
1,100,15,0,2,0.34812450408935547,5.574022414684296
1,100,7,0,1,0.34812450408935547,5.574022414684296
1,100,6,2,0,0.34812450408935547,5.574022414684296
1,100,9,0,2,0.34812450408935547,5.574022414684296
1,100,13,0,0,0.34812450408935547,5.574022414684296
1,100,10,0,1,0.34812450408935547,5.574022414684296
1,100,10,0,3,0.34812450408935547,5.574022414684296
1,100,14,1,0,0.34812450408935547,5.574022414684296
1,100,8,0,0,0.34812450408935547,5.574022414684296
1,100,9,0,2,0.34812450408935547,5.574022414684296
1,100,8,2,0,0.34812450408935547,5.574022414684296
1,100,8,3,0,0.34812450408935547,5.574022414684296
1,100,6,5,0,0.34812450408935547,5.574022414684296
1,100,14,3,0,0.34812450408935547,5.574022414684296
1,100,6,2,0,0.34812450408935547,5.574022414684296
1,100,6,1,0,0.34812450408935547,5.574022414684296
1,100,11,0,0,0.34812450408935547,5.574022414684296
1,100,11,0,2,0.34812450408935547,5.574022414684296
1,100,10,0,1,0.34812450408935547,5.574022414684296
1,100,14,0,0,0.34812450408935547,5.574022414684296
1,100,6,1,0,0.34812450408935547,5.574022414684296
1,100,9,0,1,0.34812450408935547,5.574022414684296
1,100,10,0,1,0.34812450408935547,5.574022414684296
1,100,11,1,0,0.34812450408935547,5.574022414684296
1,100,8,2,0,0.34812450408935547,5.574022414684296
1,100,6,2,0,0.34812450408935547,5.574022414684296
1,100,9,1,0,0.34812450408935547,5.574022414684296
1,100,6,1,0,0.34812450408935547,5.574022414684296
1,100,14,2,0,0.34812450408935547,5.574022414684296
1,100,6,2,0,0.34812450408935547,5.574022414684296
1,100,8,3,0,0.34812450408935547,5.574022414684296
1,100,6,0,0,0.34812450408935547,5.574022414684296
1,100,6,4,0,0.34812450408935547,5.574022414684296
1,100,10,0,2,0.34812450408935547,5.574022414684296
1,100,6,1,0,0.34812450408935547,5.574022414684296
1,100,6,4,0,0.34812450408935547,5.574022414684296
1,100,11,1,0,0.34812450408935547,5.574022414684296
1,100,13,1,0,0.34812450408935547,5.574022414684296
1,100,6,2,0,0.34812450408935547,5.574022414684296
1,100,8,2,0,0.34812450408935547,5.574022414684296
1,100,6,5,0,0.34812450408935547,5.574022414684296
1,100,6,0,0,0.34812450408935547,5.574022414684296
1,100,8,5,0,0.34812450408935547,5.574022414684296
1,100,13,1,0,0.34812450408935547,5.574022414684296
1,100,12,0,1,0.34812450408935547,5.574022414684296
1,100,19,0,6,0.34812450408935547,5.574022414684296
1,100,12,0,3,0.34812450408935547,5.574022414684296
1,100,6,2,0,0.34812450408935547,5.574022414684296
1,100,14,0,1,0.34812450408935547,5.574022414684296
1,100,11,1,0,0.34812450408935547,5.574022414684296
1,100,11,0,0,0.34812450408935547,5.574022414684296
1,100,8,0,1,0.34812450408935547,5.574022414684296
1,100,14,1,0,0.34812450408935547,5.574022414684296
1,100,9,3,0,0.34812450408935547,5.574022414684296
1,100,14,0,0,0.34812450408935547,5.574022414684296
1,100,6,2,0,0.34812450408935547,5.574022414684296
1,100,13,1,0,0.34812450408935547,5.574022414684296
1,100,8,0,0,0.34812450408935547,5.574022414684296
1,100,9,0,2,0.34812450408935547,5.574022414684296
1,100,15,0,1,0.34812450408935547,5.574022414684296
1,100,14,2,0,0.34812450408935547,5.574022414684296
1,100,10,0,2,0.34812450408935547,5.574022414684296
1,100,15,0,1,0.34812450408935547,5.574022414684296
1,100,13,0,6,0.34812450408935547,5.574022414684296
1,100,6,0,0,0.34812450408935547,5.574022414684296
1,100,16,0,3,0.34812450408935547,5.574022414684296
1,100,14,0,1,0.34812450408935547,5.574022414684296
1,100,8,1,0,0.34812450408935547,5.574022414684296
1,100,16,0,3,0.34812450408935547,5.574022414684296
1,100,13,2,0,0.34812450408935547,5.574022414684296
1,100,8,1,0,0.34812450408935547,5.574022414684296
1,100,6,3,0,0.34812450408935547,5.574022414684296
1,100,9,0,1,0.34812450408935547,5.574022414684296
1,100,6,2,0,0.34812450408935547,5.574022414684296
1,100,11,3,0,0.34812450408935547,5.574022414684296
1,100,7,0,1,0.34812450408935547,5.574022414684296
1,100,6,2,0,0.34812450408935547,5.574022414684296
1,100,9,0,2,0.34812450408935547,5.574022414684296
1,100,10,0,1,0.34812450408935547,5.574022414684296
1,100,6,0,0,0.34812450408935547,5.574022414684296
1,100,15,0,2,0.34812450408935547,5.574022414684296
1,100,7,0,1,0.34812450408935547,5.574022414684296
1,100,11,0,0,0.34812450408935547,5.574022414684296
1,100,9,0,3,0.34812450408935547,5.574022414684296
1,100,8,0,2,0.34812450408935547,5.574022414684296
0,100,9,11,0,0.34812450408935547,5.574022414684296
0,100,7,7,0,0.34812450408935547,5.574022414684296
0,100,11,9,0,0.34812450408935547,5.574022414684296
0,100,6,7,0,0.34812450408935547,5.574022414684296
0,100,7,5,0,0.34812450408935547,5.574022414684296
0,100,8,8,0,0.34812450408935547,5.574022414684296
0,100,6,5,0,0.34812450408935547,5.574022414684296
0,100,9,9,0,0.34812450408935547,5.574022414684296
0,100,8,8,0,0.34812450408935547,5.574022414684296
0,100,13,10,0,0.34812450408935547,5.574022414684296
0,100,6,7,0,0.34812450408935547,5.574022414684296
0,100,6,7,0,0.34812450408935547,5.574022414684296
0,100,13,12,0,0.34812450408935547,5.574022414684296
0,100,7,4,0,0.34812450408935547,5.574022414684296
0,100,6,9,0,0.34812450408935547,5.574022414684296
0,100,6,8,0,0.34812450408935547,5.574022414684296
0,100,14,14,0,0.34812450408935547,5.574022414684296
0,100,6,5,0,0.34812450408935547,5.574022414684296
0,100,13,12,0,0.34812450408935547,5.574022414684296
0,100,7,4,0,0.34812450408935547,5.574022414684296
0,100,6,10,0,0.34812450408935547,5.574022414684296
0,100,8,7,0,0.34812450408935547,5.574022414684296
0,100,14,13,0,0.34812450408935547,5.574022414684296
0,100,14,13,0,0.34812450408935547,5.574022414684296
0,100,8,6,0,0.34812450408935547,5.574022414684296
0,100,11,9,0,0.34812450408935547,5.574022414684296
0,100,6,8,0,0.34812450408935547,5.574022414684296
0,100,6,10,0,0.34812450408935547,5.574022414684296
0,100,9,7,0,0.34812450408935547,5.574022414684296
0,100,7,4,0,0.34812450408935547,5.574022414684296
0,100,8,7,0,0.34812450408935547,5.574022414684296
0,100,9,8,0,0.34812450408935547,5.574022414684296
0,100,8,3,0,0.34812450408935547,5.574022414684296
0,100,7,2,0,0.34812450408935547,5.574022414684296
0,100,7,1,0,0.34812450408935547,5.574022414684296
0,100,9,11,0,0.34812450408935547,5.574022414684296
0,100,8,7,0,0.34812450408935547,5.574022414684296
0,100,8,2,0,0.34812450408935547,5.574022414684296
0,100,14,11,0,0.34812450408935547,5.574022414684296
0,100,13,12,0,0.34812450408935547,5.574022414684296
0,100,7,8,0,0.34812450408935547,5.574022414684296
0,100,7,4,0,0.34812450408935547,5.574022414684296
0,100,13,12,0,0.34812450408935547,5.574022414684296
0,100,8,7,0,0.34812450408935547,5.574022414684296
0,100,6,8,0,0.34812450408935547,5.574022414684296
0,100,7,7,0,0.34812450408935547,5.574022414684296
0,100,11,8,0,0.34812450408935547,5.574022414684296
0,100,8,4,0,0.34812450408935547,5.574022414684296
0,100,13,10,0,0.34812450408935547,5.574022414684296
0,100,9,10,0,0.34812450408935547,5.574022414684296
0,100,14,11,0,0.34812450408935547,5.574022414684296
0,100,6,8,0,0.34812450408935547,5.574022414684296
0,100,6,10,0,0.34812450408935547,5.574022414684296
0,100,8,1,0,0.34812450408935547,5.574022414684296
0,100,7,2,0,0.34812450408935547,5.574022414684296
0,100,9,8,0,0.34812450408935547,5.574022414684296
0,100,7,6,0,0.34812450408935547,5.574022414684296
0,100,6,7,0,0.34812450408935547,5.574022414684296
0,100,8,6,0,0.34812450408935547,5.574022414684296
0,100,6,7,0,0.34812450408935547,5.574022414684296
0,100,13,9,0,0.34812450408935547,5.574022414684296
0,100,6,7,0,0.34812450408935547,5.574022414684296
0,100,6,4,0,0.34812450408935547,5.574022414684296
0,100,7,5,0,0.34812450408935547,5.574022414684296
0,100,6,9,0,0.34812450408935547,5.574022414684296
0,100,7,5,0,0.34812450408935547,5.574022414684296
0,100,6,4,0,0.34812450408935547,5.574022414684296
0,100,9,11,0,0.34812450408935547,5.574022414684296
0,100,11,8,0,0.34812450408935547,5.574022414684296
0,100,14,11,0,0.34812450408935547,5.574022414684296
0,100,8,9,0,0.34812450408935547,5.574022414684296
0,100,8,6,0,0.34812450408935547,5.574022414684296
0,100,7,5,0,0.34812450408935547,5.574022414684296
0,100,6,6,0,0.34812450408935547,5.574022414684296
0,100,9,9,0,0.34812450408935547,5.574022414684296
0,100,8,3,0,0.34812450408935547,5.574022414684296
0,100,8,6,0,0.34812450408935547,5.574022414684296
0,100,7,7,0,0.34812450408935547,5.574022414684296
0,100,8,11,0,0.34812450408935547,5.574022414684296
0,100,8,7,0,0.34812450408935547,5.574022414684296
0,100,9,11,0,0.34812450408935547,5.574022414684296
0,100,13,11,0,0.34812450408935547,5.574022414684296
0,100,7,6,0,0.34812450408935547,5.574022414684296
0,100,8,7,0,0.34812450408935547,5.574022414684296
0,100,9,8,0,0.34812450408935547,5.574022414684296
0,100,8,5,0,0.34812450408935547,5.574022414684296
0,100,6,9,0,0.34812450408935547,5.574022414684296
0,100,6,6,0,0.34812450408935547,5.574022414684296
0,100,9,11,0,0.34812450408935547,5.574022414684296
0,100,13,9,0,0.34812450408935547,5.574022414684296
0,100,11,11,0,0.34812450408935547,5.574022414684296
0,100,8,11,0,0.34812450408935547,5.574022414684296
0,100,8,10,0,0.34812450408935547,5.574022414684296
0,100,14,12,0,0.34812450408935547,5.574022414684296
0,100,14,15,0,0.34812450408935547,5.574022414684296
0,100,11,12,0,0.34812450408935547,5.574022414684296
0,100,14,14,0,0.34812450408935547,5.574022414684296
0,100,6,10,0,0.34812450408935547,5.574022414684296
0,100,11,8,0,0.34812450408935547,5.574022414684296
0,100,8,5,0,0.34812450408935547,5.574022414684296
Total DB Queries This Round: 20198
Total time spent this round in seconds: 557.7507474422455
1,100,11,2,0,0.9670281410217285,6.494012548923492
1,100,19,2,0,0.9670281410217285,6.494012548923492
1,100,11,0,8,0.9670281410217285,6.494012548923492
1,100,11,2,0,0.9670281410217285,6.494012548923492
1,100,17,1,0,0.9670281410217285,6.494012548923492
1,100,11,0,1,0.9670281410217285,6.494012548923492
1,100,18,0,1,0.9670281410217285,6.494012548923492
1,100,20,0,3,0.9670281410217285,6.494012548923492
1,100,8,8,0,0.9670281410217285,6.494012548923492
1,100,4,0,4,0.9670281410217285,6.494012548923492
1,100,17,0,6,0.9670281410217285,6.494012548923492
1,100,8,0,0,0.9670281410217285,6.494012548923492
1,100,13,0,0,0.9670281410217285,6.494012548923492
1,100,8,0,0,0.9670281410217285,6.494012548923492
1,100,17,1,0,0.9670281410217285,6.494012548923492
1,100,13,0,0,0.9670281410217285,6.494012548923492
1,100,12,9,0,0.9670281410217285,6.494012548923492
1,100,0,4,0,0.9670281410217285,6.494012548923492
1,100,17,0,0,0.9670281410217285,6.494012548923492
1,100,16,2,0,0.9670281410217285,6.494012548923492
1,100,3,0,3,0.9670281410217285,6.494012548923492
1,100,19,7,0,0.9670281410217285,6.494012548923492
1,100,4,0,1,0.9670281410217285,6.494012548923492
1,100,0,0,0,0.9670281410217285,6.494012548923492
1,100,5,0,2,0.9670281410217285,6.494012548923492
1,100,11,0,8,0.9670281410217285,6.494012548923492
1,100,12,5,0,0.9670281410217285,6.494012548923492
1,100,19,0,0,0.9670281410217285,6.494012548923492
1,100,8,7,0,0.9670281410217285,6.494012548923492
1,100,8,5,0,0.9670281410217285,6.494012548923492
1,100,13,0,2,0.9670281410217285,6.494012548923492
1,100,16,2,0,0.9670281410217285,6.494012548923492
1,100,16,3,0,0.9670281410217285,6.494012548923492
1,100,19,1,0,0.9670281410217285,6.494012548923492
1,100,13,7,0,0.9670281410217285,6.494012548923492
1,100,10,1,0,0.9670281410217285,6.494012548923492
1,100,16,2,0,0.9670281410217285,6.494012548923492
1,100,11,2,0,0.9670281410217285,6.494012548923492
1,100,5,0,2,0.9670281410217285,6.494012548923492
1,100,8,3,0,0.9670281410217285,6.494012548923492
1,100,16,1,0,0.9670281410217285,6.494012548923492
1,100,12,4,0,0.9670281410217285,6.494012548923492
1,100,19,5,0,0.9670281410217285,6.494012548923492
1,100,8,7,0,0.9670281410217285,6.494012548923492
1,100,11,0,8,0.9670281410217285,6.494012548923492
1,100,12,0,0,0.9670281410217285,6.494012548923492
1,100,12,9,0,0.9670281410217285,6.494012548923492
1,100,13,0,3,0.9670281410217285,6.494012548923492
1,100,8,7,0,0.9670281410217285,6.494012548923492
1,100,12,0,0,0.9670281410217285,6.494012548923492
1,100,11,0,0,0.9670281410217285,6.494012548923492
1,100,17,3,0,0.9670281410217285,6.494012548923492
1,100,8,7,0,0.9670281410217285,6.494012548923492
1,100,10,1,0,0.9670281410217285,6.494012548923492
1,100,8,0,0,0.9670281410217285,6.494012548923492
1,100,8,0,0,0.9670281410217285,6.494012548923492
1,100,11,0,8,0.9670281410217285,6.494012548923492
1,100,20,0,3,0.9670281410217285,6.494012548923492
1,100,14,0,3,0.9670281410217285,6.494012548923492
1,100,17,0,0,0.9670281410217285,6.494012548923492
1,100,16,1,0,0.9670281410217285,6.494012548923492
1,100,12,2,0,0.9670281410217285,6.494012548923492
1,100,20,0,3,0.9670281410217285,6.494012548923492
1,100,13,0,2,0.9670281410217285,6.494012548923492
1,100,13,0,2,0.9670281410217285,6.494012548923492
1,100,3,0,3,0.9670281410217285,6.494012548923492
1,100,19,7,0,0.9670281410217285,6.494012548923492
1,100,16,0,0,0.9670281410217285,6.494012548923492
1,100,19,5,0,0.9670281410217285,6.494012548923492
1,100,14,0,1,0.9670281410217285,6.494012548923492
1,100,19,0,2,0.9670281410217285,6.494012548923492
1,100,10,0,0,0.9670281410217285,6.494012548923492
1,100,2,0,2,0.9670281410217285,6.494012548923492
1,100,19,5,0,0.9670281410217285,6.494012548923492
1,100,19,3,0,0.9670281410217285,6.494012548923492
1,100,5,0,2,0.9670281410217285,6.494012548923492
1,100,19,5,0,0.9670281410217285,6.494012548923492
1,100,1,0,1,0.9670281410217285,6.494012548923492
1,100,13,0,0,0.9670281410217285,6.494012548923492
1,100,19,0,2,0.9670281410217285,6.494012548923492
1,100,19,0,2,0.9670281410217285,6.494012548923492
1,100,3,0,0,0.9670281410217285,6.494012548923492
1,100,19,0,2,0.9670281410217285,6.494012548923492
1,100,17,0,0,0.9670281410217285,6.494012548923492
1,100,10,0,0,0.9670281410217285,6.494012548923492
1,100,13,0,0,0.9670281410217285,6.494012548923492
1,100,11,0,1,0.9670281410217285,6.494012548923492
1,100,12,3,0,0.9670281410217285,6.494012548923492
1,100,14,0,3,0.9670281410217285,6.494012548923492
1,100,13,0,0,0.9670281410217285,6.494012548923492
1,100,14,0,1,0.9670281410217285,6.494012548923492
1,100,2,0,2,0.9670281410217285,6.494012548923492
1,100,17,0,1,0.9670281410217285,6.494012548923492
1,100,12,1,0,0.9670281410217285,6.494012548923492
1,100,20,0,3,0.9670281410217285,6.494012548923492
1,100,14,0,1,0.9670281410217285,6.494012548923492
1,100,16,0,5,0.9670281410217285,6.494012548923492
1,100,14,0,2,0.9670281410217285,6.494012548923492
1,100,13,1,0,0.9670281410217285,6.494012548923492
1,100,16,1,0,0.9670281410217285,6.494012548923492
0,100,0,12,0,0.9670281410217285,6.494012548923492
0,100,11,13,0,0.9670281410217285,6.494012548923492
0,100,13,9,0,0.9670281410217285,6.494012548923492
0,100,0,10,0,0.9670281410217285,6.494012548923492
0,100,10,14,0,0.9670281410217285,6.494012548923492
0,100,8,9,0,0.9670281410217285,6.494012548923492
0,100,16,15,0,0.9670281410217285,6.494012548923492
0,100,10,3,0,0.9670281410217285,6.494012548923492
0,100,17,13,0,0.9670281410217285,6.494012548923492
0,100,12,18,0,0.9670281410217285,6.494012548923492
0,100,8,14,0,0.9670281410217285,6.494012548923492
0,100,17,12,0,0.9670281410217285,6.494012548923492
0,100,0,12,0,0.9670281410217285,6.494012548923492
0,100,13,13,0,0.9670281410217285,6.494012548923492
0,100,8,12,0,0.9670281410217285,6.494012548923492
0,100,19,18,0,0.9670281410217285,6.494012548923492
0,100,8,12,0,0.9670281410217285,6.494012548923492
0,100,17,14,0,0.9670281410217285,6.494012548923492
0,100,0,13,0,0.9670281410217285,6.494012548923492
0,100,13,10,0,0.9670281410217285,6.494012548923492
0,100,10,3,0,0.9670281410217285,6.494012548923492
0,100,19,19,0,0.9670281410217285,6.494012548923492
0,100,19,20,0,0.9670281410217285,6.494012548923492
0,100,3,4,0,0.9670281410217285,6.494012548923492
0,100,11,14,0,0.9670281410217285,6.494012548923492
0,100,12,14,0,0.9670281410217285,6.494012548923492
0,100,8,9,0,0.9670281410217285,6.494012548923492
0,100,16,5,0,0.9670281410217285,6.494012548923492
0,100,0,9,0,0.9670281410217285,6.494012548923492
0,100,10,13,0,0.9670281410217285,6.494012548923492
0,100,16,13,0,0.9670281410217285,6.494012548923492
0,100,3,2,0,0.9670281410217285,6.494012548923492
0,100,0,9,0,0.9670281410217285,6.494012548923492
0,100,0,8,0,0.9670281410217285,6.494012548923492
0,100,16,15,0,0.9670281410217285,6.494012548923492
0,100,10,15,0,0.9670281410217285,6.494012548923492
0,100,3,2,0,0.9670281410217285,6.494012548923492
0,100,19,13,0,0.9670281410217285,6.494012548923492
0,100,17,13,0,0.9670281410217285,6.494012548923492
0,100,0,9,0,0.9670281410217285,6.494012548923492
0,100,0,12,0,0.9670281410217285,6.494012548923492
0,100,17,12,0,0.9670281410217285,6.494012548923492
0,100,3,5,0,0.9670281410217285,6.494012548923492
0,100,12,14,0,0.9670281410217285,6.494012548923492
0,100,0,9,0,0.9670281410217285,6.494012548923492
0,100,11,10,0,0.9670281410217285,6.494012548923492
0,100,3,6,0,0.9670281410217285,6.494012548923492
0,100,17,14,0,0.9670281410217285,6.494012548923492
0,100,16,17,0,0.9670281410217285,6.494012548923492
0,100,19,14,0,0.9670281410217285,6.494012548923492
0,100,12,18,0,0.9670281410217285,6.494012548923492
0,100,12,14,0,0.9670281410217285,6.494012548923492
0,100,3,3,0,0.9670281410217285,6.494012548923492
0,100,0,10,0,0.9670281410217285,6.494012548923492
0,100,16,14,0,0.9670281410217285,6.494012548923492
0,100,0,10,0,0.9670281410217285,6.494012548923492
0,100,8,10,0,0.9670281410217285,6.494012548923492
0,100,10,10,0,0.9670281410217285,6.494012548923492
0,100,8,8,0,0.9670281410217285,6.494012548923492
0,100,17,14,0,0.9670281410217285,6.494012548923492
0,100,12,15,0,0.9670281410217285,6.494012548923492
0,100,13,12,0,0.9670281410217285,6.494012548923492
0,100,0,8,0,0.9670281410217285,6.494012548923492
0,100,13,9,0,0.9670281410217285,6.494012548923492
0,100,0,10,0,0.9670281410217285,6.494012548923492
0,100,13,7,0,0.9670281410217285,6.494012548923492
0,100,16,14,0,0.9670281410217285,6.494012548923492
0,100,11,11,0,0.9670281410217285,6.494012548923492
0,100,19,20,0,0.9670281410217285,6.494012548923492
0,100,10,13,0,0.9670281410217285,6.494012548923492
0,100,3,4,0,0.9670281410217285,6.494012548923492
0,100,0,11,0,0.9670281410217285,6.494012548923492
0,100,12,15,0,0.9670281410217285,6.494012548923492
0,100,16,18,0,0.9670281410217285,6.494012548923492
0,100,3,3,0,0.9670281410217285,6.494012548923492
0,100,3,2,0,0.9670281410217285,6.494012548923492
0,100,0,9,0,0.9670281410217285,6.494012548923492
0,100,3,7,0,0.9670281410217285,6.494012548923492
0,100,3,7,0,0.9670281410217285,6.494012548923492
0,100,16,14,0,0.9670281410217285,6.494012548923492
0,100,17,19,0,0.9670281410217285,6.494012548923492
0,100,0,14,0,0.9670281410217285,6.494012548923492
0,100,3,5,0,0.9670281410217285,6.494012548923492
0,100,16,16,0,0.9670281410217285,6.494012548923492
0,100,3,5,0,0.9670281410217285,6.494012548923492
0,100,12,16,0,0.9670281410217285,6.494012548923492
0,100,8,10,0,0.9670281410217285,6.494012548923492
0,100,16,17,0,0.9670281410217285,6.494012548923492
0,100,17,17,0,0.9670281410217285,6.494012548923492
0,100,11,11,0,0.9670281410217285,6.494012548923492
0,100,10,12,0,0.9670281410217285,6.494012548923492
0,100,10,15,0,0.9670281410217285,6.494012548923492
0,100,19,16,0,0.9670281410217285,6.494012548923492
0,100,19,16,0,0.9670281410217285,6.494012548923492
0,100,11,13,0,0.9670281410217285,6.494012548923492
0,100,19,16,0,0.9670281410217285,6.494012548923492
0,100,8,14,0,0.9670281410217285,6.494012548923492
0,100,11,12,0,0.9670281410217285,6.494012548923492
0,100,10,11,0,0.9670281410217285,6.494012548923492
0,100,8,13,0,0.9670281410217285,6.494012548923492
Total DB Queries This Round: 23946
Total time spent this round in seconds: 653.4679236412048
1,100,11,1,0,0.9650030136108398,6.062858576774597
1,100,4,1,0,0.9650030136108398,6.062858576774597
1,100,8,2,0,0.9650030136108398,6.062858576774597
1,100,13,1,0,0.9650030136108398,6.062858576774597
1,100,9,0,3,0.9650030136108398,6.062858576774597
1,100,13,0,0,0.9650030136108398,6.062858576774597
1,100,13,1,0,0.9650030136108398,6.062858576774597
1,100,8,1,0,0.9650030136108398,6.062858576774597
1,100,10,0,1,0.9650030136108398,6.062858576774597
1,100,9,0,1,0.9650030136108398,6.062858576774597
1,100,8,0,0,0.9650030136108398,6.062858576774597
1,100,9,0,0,0.9650030136108398,6.062858576774597
1,100,9,0,1,0.9650030136108398,6.062858576774597
1,100,15,0,2,0.9650030136108398,6.062858576774597
1,100,9,1,0,0.9650030136108398,6.062858576774597
1,100,5,1,0,0.9650030136108398,6.062858576774597
1,100,11,0,2,0.9650030136108398,6.062858576774597
1,100,13,4,0,0.9650030136108398,6.062858576774597
1,100,8,0,0,0.9650030136108398,6.062858576774597
1,100,10,0,1,0.9650030136108398,6.062858576774597
1,100,11,4,0,0.9650030136108398,6.062858576774597
1,100,4,3,0,0.9650030136108398,6.062858576774597
1,100,12,0,3,0.9650030136108398,6.062858576774597
1,100,4,1,0,0.9650030136108398,6.062858576774597
1,100,4,1,0,0.9650030136108398,6.062858576774597
1,100,5,2,0,0.9650030136108398,6.062858576774597
1,100,11,4,0,0.9650030136108398,6.062858576774597
1,100,8,2,0,0.9650030136108398,6.062858576774597
1,100,8,2,0,0.9650030136108398,6.062858576774597
1,100,10,0,2,0.9650030136108398,6.062858576774597
1,100,8,0,0,0.9650030136108398,6.062858576774597
1,100,8,2,0,0.9650030136108398,6.062858576774597
1,100,11,5,0,0.9650030136108398,6.062858576774597
1,100,9,0,0,0.9650030136108398,6.062858576774597
1,100,8,0,2,0.9650030136108398,6.062858576774597
1,100,8,0,0,0.9650030136108398,6.062858576774597
1,100,8,2,0,0.9650030136108398,6.062858576774597
1,100,4,1,0,0.9650030136108398,6.062858576774597
1,100,10,0,2,0.9650030136108398,6.062858576774597
1,100,10,0,2,0.9650030136108398,6.062858576774597
1,100,5,2,0,0.9650030136108398,6.062858576774597
1,100,11,3,0,0.9650030136108398,6.062858576774597
1,100,9,0,1,0.9650030136108398,6.062858576774597
1,100,4,4,0,0.9650030136108398,6.062858576774597
1,100,8,0,3,0.9650030136108398,6.062858576774597
1,100,5,3,0,0.9650030136108398,6.062858576774597
1,100,10,0,4,0.9650030136108398,6.062858576774597
1,100,9,0,1,0.9650030136108398,6.062858576774597
1,100,6,0,1,0.9650030136108398,6.062858576774597
1,100,8,0,0,0.9650030136108398,6.062858576774597
1,100,13,3,0,0.9650030136108398,6.062858576774597
1,100,8,1,0,0.9650030136108398,6.062858576774597
1,100,9,0,3,0.9650030136108398,6.062858576774597
1,100,12,0,4,0.9650030136108398,6.062858576774597
1,100,10,0,2,0.9650030136108398,6.062858576774597
1,100,5,0,1,0.9650030136108398,6.062858576774597
1,100,13,2,0,0.9650030136108398,6.062858576774597
1,100,8,0,0,0.9650030136108398,6.062858576774597
1,100,13,1,0,0.9650030136108398,6.062858576774597
1,100,9,0,1,0.9650030136108398,6.062858576774597
1,100,5,0,0,0.9650030136108398,6.062858576774597
1,100,20,0,7,0.9650030136108398,6.062858576774597
1,100,9,0,1,0.9650030136108398,6.062858576774597
1,100,13,0,5,0.9650030136108398,6.062858576774597
1,100,12,0,3,0.9650030136108398,6.062858576774597
1,100,12,0,1,0.9650030136108398,6.062858576774597
1,100,8,0,0,0.9650030136108398,6.062858576774597
1,100,11,4,0,0.9650030136108398,6.062858576774597
1,100,9,3,0,0.9650030136108398,6.062858576774597
1,100,14,0,1,0.9650030136108398,6.062858576774597
1,100,8,0,2,0.9650030136108398,6.062858576774597
1,100,12,0,3,0.9650030136108398,6.062858576774597
1,100,11,2,0,0.9650030136108398,6.062858576774597
1,100,13,0,2,0.9650030136108398,6.062858576774597
1,100,4,3,0,0.9650030136108398,6.062858576774597
1,100,11,3,0,0.9650030136108398,6.062858576774597
1,100,10,0,1,0.9650030136108398,6.062858576774597
1,100,9,2,0,0.9650030136108398,6.062858576774597
1,100,13,0,0,0.9650030136108398,6.062858576774597
1,100,15,0,2,0.9650030136108398,6.062858576774597
1,100,4,1,0,0.9650030136108398,6.062858576774597
1,100,13,2,0,0.9650030136108398,6.062858576774597
1,100,13,1,0,0.9650030136108398,6.062858576774597
1,100,11,0,5,0.9650030136108398,6.062858576774597
1,100,9,1,0,0.9650030136108398,6.062858576774597
1,100,12,0,6,0.9650030136108398,6.062858576774597
1,100,6,0,1,0.9650030136108398,6.062858576774597
1,100,11,0,3,0.9650030136108398,6.062858576774597
1,100,9,0,0,0.9650030136108398,6.062858576774597
1,100,9,0,0,0.9650030136108398,6.062858576774597
1,100,13,0,4,0.9650030136108398,6.062858576774597
1,100,9,0,1,0.9650030136108398,6.062858576774597
1,100,6,0,1,0.9650030136108398,6.062858576774597
1,100,15,0,2,0.9650030136108398,6.062858576774597
1,100,13,0,4,0.9650030136108398,6.062858576774597
1,100,9,0,1,0.9650030136108398,6.062858576774597
1,100,5,1,0,0.9650030136108398,6.062858576774597
1,100,10,0,1,0.9650030136108398,6.062858576774597
1,100,10,0,2,0.9650030136108398,6.062858576774597
1,100,14,0,5,0.9650030136108398,6.062858576774597
0,100,8,8,0,0.9650030136108398,6.062858576774597
0,100,9,6,0,0.9650030136108398,6.062858576774597
0,100,9,7,0,0.9650030136108398,6.062858576774597
0,100,6,6,0,0.9650030136108398,6.062858576774597
0,100,8,2,0,0.9650030136108398,6.062858576774597
0,100,8,8,0,0.9650030136108398,6.062858576774597
0,100,6,6,0,0.9650030136108398,6.062858576774597
0,100,13,9,0,0.9650030136108398,6.062858576774597
0,100,5,5,0,0.9650030136108398,6.062858576774597
0,100,8,2,0,0.9650030136108398,6.062858576774597
0,100,13,10,0,0.9650030136108398,6.062858576774597
0,100,9,4,0,0.9650030136108398,6.062858576774597
0,100,9,5,0,0.9650030136108398,6.062858576774597
0,100,8,2,0,0.9650030136108398,6.062858576774597
0,100,11,11,0,0.9650030136108398,6.062858576774597
0,100,8,2,0,0.9650030136108398,6.062858576774597
0,100,13,10,0,0.9650030136108398,6.062858576774597
0,100,9,4,0,0.9650030136108398,6.062858576774597
0,100,9,5,0,0.9650030136108398,6.062858576774597
0,100,6,6,0,0.9650030136108398,6.062858576774597
0,100,11,12,0,0.9650030136108398,6.062858576774597
0,100,11,8,0,0.9650030136108398,6.062858576774597
0,100,4,3,0,0.9650030136108398,6.062858576774597
0,100,8,8,0,0.9650030136108398,6.062858576774597
0,100,5,5,0,0.9650030136108398,6.062858576774597
0,100,8,5,0,0.9650030136108398,6.062858576774597
0,100,8,7,0,0.9650030136108398,6.062858576774597
0,100,9,4,0,0.9650030136108398,6.062858576774597
0,100,6,6,0,0.9650030136108398,6.062858576774597
0,100,8,7,0,0.9650030136108398,6.062858576774597
0,100,4,4,0,0.9650030136108398,6.062858576774597
0,100,9,4,0,0.9650030136108398,6.062858576774597
0,100,9,4,0,0.9650030136108398,6.062858576774597
0,100,8,8,0,0.9650030136108398,6.062858576774597
0,100,6,6,0,0.9650030136108398,6.062858576774597
0,100,4,3,0,0.9650030136108398,6.062858576774597
0,100,11,10,0,0.9650030136108398,6.062858576774597
0,100,13,9,0,0.9650030136108398,6.062858576774597
0,100,9,4,0,0.9650030136108398,6.062858576774597
0,100,9,0,0,0.9650030136108398,6.062858576774597
0,100,13,10,0,0.9650030136108398,6.062858576774597
0,100,4,4,0,0.9650030136108398,6.062858576774597
0,100,5,5,0,0.9650030136108398,6.062858576774597
0,100,9,4,0,0.9650030136108398,6.062858576774597
0,100,8,8,0,0.9650030136108398,6.062858576774597
0,100,4,7,0,0.9650030136108398,6.062858576774597
0,100,13,9,0,0.9650030136108398,6.062858576774597
0,100,8,6,0,0.9650030136108398,6.062858576774597
0,100,11,11,0,0.9650030136108398,6.062858576774597
0,100,5,4,0,0.9650030136108398,6.062858576774597
0,100,5,5,0,0.9650030136108398,6.062858576774597
0,100,4,4,0,0.9650030136108398,6.062858576774597
0,100,9,4,0,0.9650030136108398,6.062858576774597
0,100,8,9,0,0.9650030136108398,6.062858576774597
0,100,9,4,0,0.9650030136108398,6.062858576774597
0,100,8,2,0,0.9650030136108398,6.062858576774597
0,100,6,2,0,0.9650030136108398,6.062858576774597
0,100,8,3,0,0.9650030136108398,6.062858576774597
0,100,13,9,0,0.9650030136108398,6.062858576774597
0,100,5,6,0,0.9650030136108398,6.062858576774597
0,100,9,8,0,0.9650030136108398,6.062858576774597
0,100,9,2,0,0.9650030136108398,6.062858576774597
0,100,9,6,0,0.9650030136108398,6.062858576774597
0,100,9,4,0,0.9650030136108398,6.062858576774597
0,100,9,4,0,0.9650030136108398,6.062858576774597
0,100,8,6,0,0.9650030136108398,6.062858576774597
0,100,8,8,0,0.9650030136108398,6.062858576774597
0,100,11,11,0,0.9650030136108398,6.062858576774597
0,100,6,5,0,0.9650030136108398,6.062858576774597
0,100,4,4,0,0.9650030136108398,6.062858576774597
0,100,9,4,0,0.9650030136108398,6.062858576774597
0,100,5,5,0,0.9650030136108398,6.062858576774597
0,100,8,7,0,0.9650030136108398,6.062858576774597
0,100,4,8,0,0.9650030136108398,6.062858576774597
0,100,4,4,0,0.9650030136108398,6.062858576774597
0,100,9,4,0,0.9650030136108398,6.062858576774597
0,100,4,5,0,0.9650030136108398,6.062858576774597
0,100,4,5,0,0.9650030136108398,6.062858576774597
0,100,8,6,0,0.9650030136108398,6.062858576774597
0,100,13,10,0,0.9650030136108398,6.062858576774597
0,100,9,4,0,0.9650030136108398,6.062858576774597
0,100,4,7,0,0.9650030136108398,6.062858576774597
0,100,8,5,0,0.9650030136108398,6.062858576774597
0,100,4,9,0,0.9650030136108398,6.062858576774597
0,100,5,8,0,0.9650030136108398,6.062858576774597
0,100,8,6,0,0.9650030136108398,6.062858576774597
0,100,8,5,0,0.9650030136108398,6.062858576774597
0,100,13,10,0,0.9650030136108398,6.062858576774597
0,100,8,8,0,0.9650030136108398,6.062858576774597
0,100,6,7,0,0.9650030136108398,6.062858576774597
0,100,6,6,0,0.9650030136108398,6.062858576774597
0,100,11,12,0,0.9650030136108398,6.062858576774597
0,100,11,12,0,0.9650030136108398,6.062858576774597
0,100,8,8,0,0.9650030136108398,6.062858576774597
0,100,11,11,0,0.9650030136108398,6.062858576774597
0,100,8,2,0,0.9650030136108398,6.062858576774597
0,100,8,8,0,0.9650030136108398,6.062858576774597
0,100,6,6,0,0.9650030136108398,6.062858576774597
0,100,8,2,0,0.9650030136108398,6.062858576774597
0,100,8,8,0,0.9650030136108398,6.062858576774597
Total DB Queries This Round: 22404
Total time spent this round in seconds: 615.0147662162781
