num_secrets,true_label,guess_label
PERCENT IN TABLE OF 100: 1%
1,0,0
1,0,0
1,0,0
1,0,0
1,0,0
1,0,0
1,0,0
1,0,0
1,0,0
1,0,0
1,0,0
1,0,0
1,0,0
1,0,0
1,0,0
1,0,0
1,0,0
1,0,0
1,0,0
1,0,0
1,0,0
1,0,0
1,0,0
1,0,0
1,0,0
1,0,0
1,0,0
1,0,0
1,0,0
1,0,0
1,0,0
1,0,0
1,0,0
1,0,0
1,1,1
1,0,0
1,0,0
1,0,0
1,0,0
1,0,0
1,0,0
1,0,0
1,0,0
1,0,0
1,0,0
1,0,0
1,0,0
1,0,0
1,0,0
1,0,0
1,0,0
1,0,0
1,0,0
1,0,0
1,0,0
1,0,0
1,0,0
1,0,0
1,0,0
1,0,0
1,0,0
1,0,0
1,0,0
1,0,0
1,0,0
1,0,0
1,0,0
1,0,0
1,0,0
1,0,0
1,0,0
1,0,0
1,0,0
1,0,0
1,0,0
1,0,0
1,0,0
1,0,0
1,0,0
1,0,0
1,0,0
1,0,0
1,0,0
1,0,0
1,0,0
1,0,0
1,0,0
1,0,0
1,0,0
1,0,0
1,0,0
1,0,0
1,0,0
1,0,0
1,0,0
1,0,0
1,0,0
1,0,0
1,0,0
1,0,0
Total DB Queries This Round: 3854
Total time spent this round in seconds: 94.92405438423157
1,0,0
1,0,0
1,0,0
1,0,0
1,0,0
1,0,0
1,0,0
1,0,0
1,0,0
1,0,0
1,0,0
1,0,0
1,0,0
1,0,0
1,0,0
1,0,0
1,0,0
1,0,0
1,0,0
1,0,0
1,0,0
1,0,0
1,0,0
1,0,0
1,0,0
1,0,0
1,0,0
1,0,0
1,0,0
1,0,0
1,0,0
1,0,0
1,0,0
1,0,0
1,0,0
1,0,0
1,0,0
1,0,0
1,0,0
1,0,0
1,0,0
1,0,0
1,0,0
1,0,0
1,0,0
1,0,0
1,0,0
1,0,0
1,0,0
1,0,0
1,0,0
1,0,0
1,0,0
1,0,0
1,0,0
1,0,0
1,0,0
1,0,0
1,0,0
1,0,0
1,0,0
1,0,0
1,0,0
1,0,0
1,0,0
1,0,0
1,0,0
1,0,0
1,0,0
1,0,0
1,0,0
1,0,0
1,0,0
1,0,0
1,0,0
1,0,0
1,0,0
1,0,0
1,0,0
1,0,0
1,0,0
1,0,0
1,0,0
1,0,0
1,1,0
1,0,0
1,0,0
1,0,0
1,0,0
1,0,0
1,0,0
1,0,0
1,0,0
1,0,0
1,0,0
1,0,0
1,0,0
1,0,0
1,0,0
1,0,0
Total DB Queries This Round: 9890
Total time spent this round in seconds: 242.46662211418152
1,0,0
1,0,0
1,0,0
1,0,0
1,0,0
1,0,0
1,0,0
1,0,0
1,0,0
1,0,0
1,0,0
1,0,0
1,0,0
1,0,0
1,0,0
1,0,0
1,0,0
1,0,0
1,0,0
1,0,0
1,0,0
1,0,0
1,0,0
1,0,0
1,0,0
1,0,0
1,0,0
1,0,0
1,0,0
1,0,0
1,0,0
1,0,0
1,0,0
1,0,0
1,0,0
1,0,0
1,0,0
1,0,0
1,0,0
1,0,0
1,0,0
1,0,0
1,0,0
1,0,0
1,0,0
1,0,0
1,0,0
1,0,0
1,0,0
1,0,0
1,0,0
1,0,0
1,0,0
1,0,0
1,0,0
1,0,0
1,0,0
1,0,0
1,0,0
1,0,0
1,0,0
1,0,0
1,0,0
1,0,0
1,0,0
1,0,0
1,0,0
1,0,0
1,0,0
1,0,0
1,0,0
1,0,0
1,1,0
1,0,0
1,0,0
1,0,0
1,0,0
1,0,0
1,0,0
1,0,0
1,0,0
1,0,0
1,0,0
1,0,0
1,0,0
1,0,0
1,0,0
1,0,0
1,0,0
1,0,0
1,0,0
1,0,0
1,0,0
1,0,0
1,0,0
1,0,0
1,0,0
1,0,0
1,0,0
1,0,0
Total DB Queries This Round: 10968
Total time spent this round in seconds: 261.84883284568787
1,0,0
1,0,0
1,0,0
1,0,0
1,0,0
1,0,0
1,0,0
1,0,0
1,0,0
1,0,0
1,0,0
1,0,0
1,0,0
1,0,0
1,0,0
1,0,0
1,0,0
1,0,0
1,0,0
1,0,0
1,0,0
1,1,1
1,0,0
1,0,0
1,0,0
1,0,0
1,0,0
1,0,0
1,0,0
1,0,0
1,0,0
1,0,0
1,0,0
1,0,0
1,0,0
1,0,0
1,0,0
1,0,0
1,0,0
1,0,0
1,0,0
1,0,0
1,0,0
1,0,0
1,0,0
1,0,0
1,0,0
1,0,0
1,0,0
1,0,0
1,0,0
1,0,0
1,0,0
1,0,0
1,0,0
1,0,0
1,0,0
1,0,0
1,0,0
1,0,0
1,0,0
1,0,0
1,0,0
1,0,0
1,0,0
1,0,0
1,0,0
1,0,0
1,0,0
1,0,0
1,0,0
1,0,0
1,0,0
1,0,0
1,0,0
1,0,0
1,0,0
1,0,0
1,0,0
1,0,0
1,0,0
1,0,0
1,0,0
1,0,0
1,0,0
1,0,0
1,0,0
1,0,0
1,0,0
1,0,0
1,0,0
1,0,0
1,0,0
1,0,0
1,0,0
1,0,0
1,0,0
1,0,0
1,0,0
1,0,0
Total DB Queries This Round: 14728
Total time spent this round in seconds: 318.8261888027191
1,0,0
1,0,0
1,0,0
1,1,1
1,0,0
1,0,0
1,0,0
1,0,0
1,0,0
1,0,0
1,0,0
1,0,0
1,0,0
1,0,0
1,0,0
1,0,0
1,0,0
1,0,0
1,0,0
1,0,0
1,0,0
1,0,0
1,0,0
1,0,0
1,0,0
1,0,0
1,0,0
1,0,0
1,0,0
1,0,0
1,0,0
1,0,0
1,0,0
1,0,0
1,0,0
1,0,0
1,0,0
1,0,0
1,0,0
1,0,0
1,0,0
1,0,0
1,0,0
1,0,0
1,0,0
1,0,0
1,0,0
1,0,0
1,0,0
1,0,0
1,0,0
1,0,0
1,0,0
1,0,0
1,0,0
1,0,0
1,0,0
1,0,0
1,0,0
1,0,0
1,0,0
1,0,0
1,0,0
1,0,0
1,0,0
1,0,0
1,0,0
1,0,0
1,0,0
1,0,0
1,0,0
1,0,0
1,0,0
1,0,0
1,0,0
1,0,0
1,0,0
1,0,0
1,0,0
1,0,0
1,0,0
1,0,0
1,0,0
1,0,0
1,0,0
1,0,0
1,0,0
1,0,0
1,0,0
1,0,0
1,0,0
1,0,0
1,0,0
1,0,0
1,0,0
1,0,0
1,0,0
1,0,0
1,0,0
1,0,0
Total DB Queries This Round: 10576
Total time spent this round in seconds: 242.2829554080963
1,0,0
1,1,1
1,0,0
1,0,0
1,0,0
1,0,0
1,0,0
1,0,0
1,0,0
1,0,0
1,0,0
1,0,0
1,0,0
1,0,0
1,0,0
1,0,0
1,0,0
1,0,0
1,0,0
1,0,0
1,0,0
1,0,0
1,0,0
1,0,0
1,0,0
1,0,0
1,0,0
1,0,0
1,0,0
1,0,0
1,0,0
1,0,0
1,0,0
1,0,0
1,0,0
1,0,0
1,0,0
1,0,0
1,0,0
1,0,0
1,0,0
1,0,0
1,0,0
1,0,0
1,0,0
1,0,0
1,0,0
1,0,0
1,0,0
1,0,0
1,0,0
1,0,0
1,0,0
1,0,0
1,0,0
1,0,0
1,0,0
1,0,0
1,0,0
1,0,0
1,0,0
1,0,0
1,0,0
1,0,0
1,0,0
1,0,0
1,0,0
1,0,0
1,0,0
1,0,0
1,0,0
1,0,0
1,0,0
1,0,0
1,0,0
1,0,0
1,0,0
1,0,0
1,0,0
1,0,0
1,0,0
1,0,0
1,0,0
1,0,0
1,0,0
1,0,0
1,0,0
1,0,0
1,0,0
1,0,0
1,0,0
1,0,0
1,0,0
1,0,0
1,0,0
1,0,0
1,0,0
1,0,0
1,0,0
1,0,0
Total DB Queries This Round: 10324
Total time spent this round in seconds: 252.4257402420044
1,0,0
1,0,0
1,0,0
1,0,0
1,0,0
1,0,0
1,0,0
1,0,0
1,0,0
1,0,0
1,0,0
1,0,0
1,0,0
1,0,0
1,0,0
1,0,0
1,0,0
1,0,0
1,0,0
1,0,0
1,0,0
1,0,0
1,0,0
1,0,0
1,0,0
1,0,0
1,0,0
1,0,0
1,0,0
1,0,0
1,0,0
1,0,0
1,0,0
1,0,0
1,0,0
1,0,0
1,0,0
1,0,0
1,0,0
1,0,0
1,0,0
1,0,0
1,0,0
1,0,0
1,0,0
1,0,0
1,0,0
1,0,0
1,0,0
1,0,0
1,0,0
1,0,0
1,0,0
1,0,0
1,0,0
1,0,0
1,0,0
1,0,0
1,0,0
1,0,0
1,0,0
1,0,0
1,0,0
1,0,0
1,0,0
1,0,0
1,0,0
1,0,0
1,0,0
1,0,0
1,0,0
1,0,0
1,0,0
1,0,0
1,0,0
1,0,0
1,0,0
1,0,0
1,0,0
1,0,0
1,0,0
1,0,0
1,0,0
1,0,0
1,0,0
1,0,0
1,0,0
1,0,0
1,0,0
1,0,0
1,0,0
1,0,0
1,0,0
1,1,0
1,0,0
1,0,0
1,0,0
1,0,0
1,0,0
1,0,0
Total DB Queries This Round: 23057
Total time spent this round in seconds: 539.5563549995422
1,0,0
1,0,0
1,0,0
1,0,0
1,0,0
1,0,0
1,0,0
1,0,0
1,0,0
1,0,0
1,0,0
1,0,0
1,0,0
1,0,0
1,0,0
1,0,0
1,0,0
1,0,0
1,0,0
1,0,0
1,0,0
1,0,0
1,0,0
1,0,0
1,0,0
1,0,0
1,0,0
1,0,0
1,0,0
1,0,0
1,0,0
1,0,0
1,0,0
1,0,0
1,0,0
1,0,0
1,0,0
1,0,0
1,0,0
1,0,0
1,0,0
1,0,0
1,0,0
1,0,0
1,0,0
1,0,0
1,0,0
1,0,0
1,0,0
1,0,0
1,0,0
1,0,0
1,0,0
1,0,0
1,0,0
1,0,0
1,0,0
1,0,0
1,0,0
1,0,0
1,0,0
1,0,0
1,0,0
1,0,0
1,0,0
1,0,0
1,0,0
1,0,0
1,0,0
1,0,0
1,0,0
1,0,0
1,0,0
1,0,0
1,0,0
1,0,0
1,0,0
1,0,0
1,0,0
1,0,0
1,0,0
1,0,0
1,0,0
1,0,0
1,0,0
1,0,0
1,0,0
1,0,0
1,0,0
1,0,0
1,0,0
1,0,0
1,0,0
1,0,0
1,0,0
1,0,0
1,1,1
1,0,0
1,0,0
1,0,0
Total DB Queries This Round: 2721
Total time spent this round in seconds: 69.57892441749573
1,0,0
1,0,0
1,0,0
1,0,0
1,0,0
1,0,0
1,0,0
1,0,0
1,0,0
1,0,0
1,0,0
1,0,0
1,0,0
1,0,0
1,0,0
1,0,0
1,0,0
1,0,0
1,0,0
1,0,0
1,0,0
1,0,0
1,0,0
1,0,0
1,0,0
1,0,0
1,0,0
1,0,0
1,0,0
1,0,0
1,0,0
1,1,0
1,0,0
1,0,0
1,0,0
1,0,0
1,0,0
1,0,0
1,0,0
1,0,0
1,0,0
1,0,0
1,0,0
1,0,0
1,0,0
1,0,0
1,0,0
1,0,0
1,0,0
1,0,0
1,0,0
1,0,0
1,0,0
1,0,0
1,0,0
1,0,0
1,0,0
1,0,0
1,0,0
1,0,0
1,0,0
1,0,0
1,0,0
1,0,0
1,0,0
1,0,0
1,0,0
1,0,0
1,0,0
1,0,0
1,0,0
1,0,0
1,0,0
1,0,0
1,0,0
1,0,0
1,0,0
1,0,0
1,0,0
1,0,0
1,0,0
1,0,0
1,0,0
1,0,0
1,0,0
1,0,0
1,0,0
1,0,0
1,0,0
1,0,0
1,0,0
1,0,0
1,0,0
1,0,0
1,0,0
1,0,0
1,0,0
1,0,0
1,0,0
1,0,0
Total DB Queries This Round: 9436
Total time spent this round in seconds: 243.9097864627838
1,0,0
1,0,0
1,0,0
1,0,0
1,0,0
1,0,0
1,0,0
1,0,0
1,0,0
1,0,0
1,0,0
1,0,0
1,0,0
1,0,0
1,0,0
1,0,0
1,0,0
1,0,0
1,0,0
1,0,0
1,0,0
1,0,0
1,0,0
1,0,0
1,0,0
1,0,0
1,0,0
1,0,0
1,0,0
1,0,0
1,0,0
1,0,0
1,0,0
1,0,0
1,0,0
1,0,0
1,0,0
1,0,0
1,0,0
1,0,0
1,0,0
1,0,0
1,0,0
1,0,0
1,0,0
1,0,0
1,0,0
1,0,0
1,0,0
1,0,0
1,0,0
1,0,0
1,0,0
1,0,0
1,0,0
1,0,0
1,0,0
1,0,0
1,0,0
1,0,0
1,0,0
1,0,0
1,0,0
1,0,0
1,0,0
1,0,0
1,0,0
1,0,0
1,0,0
1,0,0
1,0,0
1,0,0
1,0,0
1,0,0
1,0,0
1,0,0
1,0,0
1,0,0
1,0,0
1,0,0
1,0,0
1,0,0
1,0,0
1,0,0
1,0,0
1,0,0
1,0,0
1,1,1
1,0,0
1,0,1
1,0,0
1,0,0
1,0,0
1,0,0
1,0,0
1,0,0
1,0,0
1,0,0
1,0,0
1,0,0
Total DB Queries This Round: 2726
Total time spent this round in seconds: 67.45817232131958
PERCENT IN TABLE OF 100: 2%
2,0,0
2,0,0
2,0,0
2,0,0
2,0,0
2,0,0
2,0,0
2,0,0
2,0,0
2,0,0
2,0,0
2,0,0
2,0,0
2,0,0
2,0,0
2,0,0
2,0,0
2,0,0
2,0,0
2,0,0
2,0,0
2,0,0
2,0,0
2,0,0
2,0,0
2,0,0
2,0,0
2,0,0
2,0,0
2,0,0
2,0,0
2,0,0
2,0,0
2,0,0
2,0,0
2,0,0
2,0,0
2,0,0
2,0,0
2,0,0
2,0,0
2,0,0
2,0,0
2,0,0
2,0,0
2,0,0
2,0,0
2,0,0
2,0,1
2,0,0
2,0,0
2,0,0
2,0,0
2,0,0
2,0,0
2,0,0
2,0,0
2,0,0
2,0,0
2,0,0
2,0,0
2,0,0
2,0,0
2,0,0
2,0,0
2,0,0
2,0,0
2,0,0
2,0,0
2,0,0
2,0,0
2,0,0
2,0,0
2,0,0
2,0,0
2,0,0
2,0,0
2,0,0
2,0,0
2,0,0
2,0,0
2,0,0
2,0,0
2,0,0
2,0,0
2,0,0
2,1,1
2,0,1
2,0,0
2,0,0
2,0,0
2,0,0
2,0,0
2,0,0
2,0,0
2,0,0
2,1,1
2,0,0
2,0,0
2,0,0
Total DB Queries This Round: 6252
Total time spent this round in seconds: 161.8766577243805
2,0,0
2,0,0
2,0,0
2,0,0
2,0,0
2,0,0
2,0,0
2,0,0
2,0,0
2,0,0
2,0,0
2,0,0
2,0,0
2,0,0
2,0,0
2,0,0
2,0,0
2,0,0
2,0,0
2,0,0
2,0,0
2,0,0
2,0,0
2,0,0
2,0,0
2,0,0
2,0,0
2,0,0
2,0,0
2,0,0
2,0,0
2,1,0
2,0,0
2,0,0
2,0,0
2,0,0
2,0,0
2,0,0
2,0,0
2,0,0
2,0,0
2,0,0
2,0,0
2,0,0
2,0,0
2,0,0
2,0,0
2,0,0
2,0,0
2,0,0
2,0,0
2,0,0
2,0,0
2,0,0
2,1,1
2,0,0
2,0,0
2,0,0
2,0,0
2,0,0
2,0,0
2,0,0
2,0,0
2,0,0
2,0,0
2,0,0
2,0,0
2,0,0
2,0,0
2,0,0
2,0,0
2,0,0
2,0,0
2,0,0
2,0,0
2,0,0
2,0,0
2,0,0
2,0,0
2,0,0
2,0,0
2,0,0
2,0,0
2,0,0
2,0,0
2,0,0
2,0,0
2,0,0
2,0,0
2,0,0
2,0,0
2,0,0
2,0,0
2,0,0
2,0,0
2,0,0
2,0,0
2,0,0
2,0,0
2,0,0
Total DB Queries This Round: 4568
Total time spent this round in seconds: 118.49787449836731
2,0,0
2,0,0
2,0,0
2,0,0
2,0,0
2,0,0
2,0,0
2,0,0
2,0,0
2,0,0
2,0,0
2,0,0
2,0,0
2,0,0
2,0,0
2,0,0
2,0,0
2,0,0
2,0,0
2,0,0
2,0,0
2,0,0
2,0,0
2,0,0
2,0,1
2,0,0
2,0,0
2,0,0
2,0,0
2,0,0
2,0,0
2,0,0
2,0,0
2,0,0
2,0,0
2,0,0
2,0,0
2,0,0
2,0,0
2,0,0
2,1,1
2,0,0
2,0,0
2,0,0
2,0,0
2,0,0
2,0,0
2,0,0
2,0,1
2,0,0
2,0,0
2,0,0
2,0,0
2,0,0
2,0,0
2,0,0
2,0,0
2,0,0
2,0,0
2,0,0
2,0,0
2,0,0
2,0,0
2,0,0
2,0,0
2,0,0
2,0,0
2,0,0
2,0,0
2,0,0
2,0,0
2,0,1
2,0,0
2,1,1
2,0,0
2,0,0
2,0,0
2,0,0
2,0,0
2,0,0
2,0,0
2,0,0
2,0,0
2,0,0
2,0,0
2,0,0
2,0,0
2,0,0
2,0,0
2,0,0
2,0,0
2,0,0
2,0,0
2,0,0
2,0,0
2,0,0
2,0,0
2,0,0
2,0,0
2,0,0
Total DB Queries This Round: 5707
Total time spent this round in seconds: 151.24517798423767
2,0,0
2,0,0
2,0,0
2,0,0
2,0,0
2,0,0
2,0,0
2,0,0
2,0,0
2,0,0
2,0,0
2,0,0
2,0,0
2,0,0
2,0,0
2,0,0
2,0,0
2,0,0
2,0,0
2,0,0
2,0,0
2,0,0
2,0,0
2,0,0
2,0,0
2,0,0
2,0,0
2,0,0
2,0,0
2,0,0
2,0,0
2,0,0
2,0,0
2,0,0
2,0,0
2,0,0
2,0,0
2,0,0
2,0,0
2,0,0
2,0,0
2,0,0
2,0,0
2,0,0
2,0,0
2,0,0
2,0,0
2,0,0
2,0,0
2,0,0
2,0,0
2,0,0
2,0,0
2,0,0
2,0,0
2,0,0
2,0,0
2,0,0
2,1,1
2,1,1
2,0,0
2,0,0
2,0,0
2,0,0
2,0,0
2,0,0
2,0,0
2,0,0
2,0,0
2,0,0
2,0,0
2,0,0
2,0,0
2,0,0
2,0,0
2,0,0
2,0,0
2,0,0
2,0,0
2,0,0
2,0,0
2,0,0
2,0,0
2,0,0
2,0,0
2,0,0
2,0,0
2,0,0
2,0,0
2,0,0
2,0,0
2,0,0
2,0,0
2,0,0
2,0,0
2,0,0
2,0,0
2,0,0
2,0,0
2,0,0
Total DB Queries This Round: 5997
Total time spent this round in seconds: 151.9059591293335
2,0,0
2,0,0
2,0,0
2,0,0
2,0,0
2,0,0
2,0,0
2,0,0
2,0,0
2,0,0
2,0,0
2,0,0
2,0,0
2,0,0
2,0,0
2,0,0
2,0,0
2,0,0
2,0,0
2,0,0
2,0,0
2,0,0
2,0,0
2,0,0
2,0,0
2,0,0
2,0,0
2,0,0
2,0,0
2,0,0
2,0,0
2,0,0
2,0,0
2,0,0
2,0,0
2,0,0
2,0,0
2,0,0
2,0,0
2,0,0
2,0,0
2,0,0
2,0,0
2,0,0
2,0,0
2,0,0
2,0,0
2,0,0
2,0,0
2,0,0
2,0,0
2,0,0
2,0,0
2,0,0
2,0,0
2,0,0
2,1,1
2,0,0
2,0,0
2,0,0
2,0,0
2,0,0
2,0,0
2,0,0
2,0,0
2,0,0
2,0,0
2,0,0
2,0,0
2,0,0
2,0,0
2,0,0
2,0,0
2,0,0
2,1,1
2,0,0
2,0,0
2,0,0
2,0,0
2,0,0
2,0,0
2,0,0
2,0,0
2,0,0
2,0,0
2,0,0
2,0,0
2,0,0
2,0,0
2,0,0
2,0,0
2,0,0
2,0,0
2,0,0
2,0,0
2,0,0
2,0,0
2,0,0
2,0,0
2,0,0
Total DB Queries This Round: 5429
Total time spent this round in seconds: 122.9014961719513
2,0,0
2,0,0
2,0,0
2,0,0
2,0,0
2,0,0
2,0,0
2,0,0
2,0,0
2,0,0
2,0,0
2,0,0
2,0,0
2,0,0
2,0,0
2,0,0
2,0,0
2,0,0
2,0,0
2,1,1
2,1,1
2,0,0
2,0,0
2,0,0
2,0,0
2,0,0
2,0,0
2,0,0
2,0,0
2,0,0
2,0,0
2,0,0
2,0,0
2,0,0
2,0,0
2,0,0
2,0,0
2,0,0
2,0,0
2,0,0
2,0,0
2,0,0
2,0,0
2,0,0
2,0,0
2,0,0
2,0,0
2,0,0
2,0,0
2,0,0
2,0,0
2,0,0
2,0,0
2,0,0
2,0,0
2,0,0
2,0,0
2,0,0
2,0,0
2,0,0
2,0,0
2,0,0
2,0,0
2,0,0
2,0,0
2,0,0
2,0,0
2,0,0
2,0,0
2,0,0
2,0,0
2,0,0
2,0,0
2,0,0
2,0,0
2,0,0
2,0,0
2,0,0
2,0,0
2,0,0
2,0,0
2,0,0
2,0,0
2,0,0
2,0,0
2,0,0
2,0,0
2,0,0
2,0,0
2,0,0
2,0,0
2,0,0
2,0,0
2,0,0
2,0,0
2,0,0
2,0,0
2,0,0
2,0,0
2,0,0
Total DB Queries This Round: 5897
Total time spent this round in seconds: 138.65942215919495
2,0,0
2,0,0
2,0,0
2,0,0
2,0,0
2,0,0
2,0,0
2,0,0
2,0,0
2,0,0
2,0,0
2,0,0
2,0,0
2,0,0
2,0,0
2,0,0
2,0,0
2,0,0
2,0,0
2,0,0
2,0,0
2,0,0
2,0,0
2,0,0
2,0,0
2,0,0
2,0,0
2,0,0
2,0,0
2,0,0
2,0,0
2,0,0
2,0,0
2,0,0
2,0,0
2,0,0
2,0,0
2,0,0
2,0,0
2,0,0
2,0,0
2,0,0
2,0,0
2,0,0
2,1,1
2,0,0
2,0,0
2,0,0
2,0,0
2,0,0
2,0,0
2,0,0
2,0,0
2,0,0
2,0,0
2,0,0
2,0,0
2,0,0
2,0,0
2,0,0
2,0,0
2,0,0
2,0,0
2,0,0
2,0,0
2,0,0
2,0,0
2,0,0
2,0,0
2,0,0
2,0,0
2,0,0
2,0,0
2,0,0
2,0,0
2,0,0
2,0,0
2,0,0
2,1,1
2,0,0
2,0,0
2,0,0
2,0,0
2,0,0
2,0,0
2,0,0
2,0,0
2,0,0
2,0,0
2,0,0
2,0,0
2,0,0
2,0,0
2,0,0
2,0,0
2,0,0
2,0,0
2,0,0
2,0,0
2,0,0
Total DB Queries This Round: 5835
Total time spent this round in seconds: 135.213050365448
2,0,0
2,0,0
2,0,0
2,0,0
2,0,0
2,0,0
2,0,0
2,0,0
2,0,0
2,0,0
2,0,0
2,0,0
2,0,0
2,0,0
2,0,0
2,0,0
2,1,1
2,0,0
2,0,0
2,0,0
2,0,0
2,0,0
2,0,0
2,0,0
2,0,0
2,0,0
2,0,0
2,0,0
2,0,0
2,0,0
2,0,0
2,0,0
2,0,0
2,0,0
2,0,0
2,0,0
2,0,0
2,0,0
2,0,0
2,0,0
2,0,0
2,0,0
2,0,0
2,0,0
2,0,0
2,0,0
2,0,0
2,0,0
2,0,0
2,0,0
2,0,0
2,0,0
2,0,0
2,0,0
2,0,0
2,0,0
2,0,0
2,0,0
2,0,0
2,0,0
2,0,0
2,0,0
2,0,0
2,0,0
2,0,0
2,0,0
2,0,0
2,1,1
2,0,0
2,0,0
2,0,0
2,0,0
2,0,0
2,0,0
2,0,0
2,0,0
2,0,0
2,0,0
2,0,0
2,0,0
2,0,0
2,0,0
2,0,0
2,0,0
2,0,0
2,0,0
2,0,0
2,0,0
2,0,0
2,0,0
2,0,0
2,0,0
2,0,0
2,0,0
2,0,0
2,0,0
2,0,0
2,0,0
2,0,0
2,0,0
Total DB Queries This Round: 5139
Total time spent this round in seconds: 119.3594982624054
2,0,0
2,0,0
2,0,0
2,0,0
2,0,0
2,0,0
2,0,0
2,0,0
2,0,0
2,0,0
2,0,0
2,0,0
2,0,0
2,1,0
2,0,0
2,0,0
2,0,0
2,0,0
2,0,0
2,0,0
2,0,0
2,0,0
2,0,0
2,0,0
2,0,0
2,0,0
2,0,0
2,0,0
2,0,0
2,0,0
2,0,0
2,0,0
2,0,0
2,0,0
2,0,0
2,0,0
2,0,0
2,0,0
2,0,0
2,0,0
2,0,0
2,0,0
2,0,0
2,0,0
2,0,0
2,0,0
2,0,0
2,0,0
2,0,0
2,0,0
2,0,0
2,0,0
2,0,0
2,0,0
2,0,0
2,0,0
2,0,0
2,0,0
2,0,0
2,0,0
2,0,0
2,0,0
2,0,0
2,0,0
2,0,0
2,0,0
2,0,0
2,0,0
2,0,0
2,0,0
2,0,0
2,0,0
2,0,0
2,0,0
2,0,0
2,0,0
2,0,0
2,0,0
2,0,0
2,0,0
2,0,0
2,0,0
2,0,0
2,0,0
2,0,0
2,0,0
2,0,0
2,0,0
2,0,0
2,0,0
2,0,0
2,0,0
2,0,0
2,0,0
2,0,0
2,0,0
2,0,0
2,1,1
2,0,0
2,0,0
Total DB Queries This Round: 5489
Total time spent this round in seconds: 127.56103420257568
2,1,1
2,0,0
2,0,0
2,0,0
2,0,0
2,0,0
2,0,0
2,0,0
2,0,0
2,0,0
2,0,0
2,0,0
2,0,0
2,0,0
2,0,0
2,0,0
2,0,0
2,0,0
2,0,0
2,0,0
2,0,0
2,0,0
2,0,0
2,0,0
2,0,0
2,0,0
2,0,0
2,0,0
2,0,0
2,0,0
2,0,0
2,0,0
2,0,0
2,0,0
2,0,0
2,0,0
2,0,0
2,0,0
2,0,0
2,0,0
2,0,0
2,0,0
2,0,0
2,0,0
2,0,0
2,0,0
2,0,0
2,0,0
2,0,0
2,0,0
2,0,0
2,0,0
2,0,0
2,0,0
2,0,0
2,0,0
2,0,0
2,0,1
2,0,0
2,0,0
2,1,1
2,0,0
2,0,0
2,0,0
2,0,0
2,0,0
2,0,0
2,0,0
2,0,1
2,0,0
2,0,0
2,0,0
2,0,0
2,0,0
2,0,0
2,0,0
2,0,1
2,0,0
2,0,0
2,0,0
2,0,0
2,0,0
2,0,0
2,0,0
2,0,0
2,0,0
2,0,0
2,0,0
2,0,0
2,0,0
2,0,0
2,0,0
2,0,0
2,0,0
2,0,0
2,0,0
2,0,0
2,0,0
2,0,0
2,0,0
Total DB Queries This Round: 6863
Total time spent this round in seconds: 154.70638704299927
PERCENT IN TABLE OF 100: 3%
3,0,0
3,0,0
3,0,0
3,0,0
3,0,0
3,0,0
3,0,0
3,0,0
3,0,0
3,0,0
3,0,0
3,0,0
3,0,0
3,0,0
3,0,0
3,0,0
3,0,0
3,1,1
3,0,0
3,0,0
3,0,0
3,0,0
3,0,0
3,0,0
3,0,0
3,0,0
3,0,0
3,0,0
3,0,0
3,0,0
3,0,0
3,0,0
3,0,0
3,0,0
3,0,0
3,0,0
3,0,0
3,0,0
3,0,0
3,0,0
3,0,0
3,0,0
3,0,0
3,0,0
3,0,0
3,0,0
3,0,0
3,0,0
3,0,0
3,0,0
3,0,0
3,0,0
3,0,0
3,0,0
3,0,0
3,0,0
3,0,0
3,0,0
3,0,0
3,0,0
3,0,0
3,0,0
3,0,0
3,1,1
3,0,0
3,0,0
3,0,0
3,0,0
3,0,0
3,0,0
3,0,0
3,0,0
3,0,0
3,0,0
3,0,0
3,0,0
3,0,0
3,0,0
3,0,0
3,0,0
3,0,0
3,0,0
3,0,0
3,0,0
3,0,0
3,0,0
3,0,0
3,0,0
3,0,0
3,1,1
3,0,0
3,0,0
3,0,0
3,0,0
3,0,0
3,0,0
3,0,0
3,0,0
3,0,0
3,0,0
Total DB Queries This Round: 9153
Total time spent this round in seconds: 213.95086216926575
3,0,0
3,0,0
3,0,0
3,0,1
3,0,0
3,0,0
3,0,0
3,0,0
3,0,0
3,0,0
3,0,0
3,0,0
3,0,0
3,0,0
3,0,0
3,0,0
3,0,0
3,0,0
3,0,0
3,0,0
3,0,0
3,0,0
3,0,0
3,0,0
3,0,0
3,0,0
3,1,1
3,0,0
3,0,0
3,0,0
3,0,0
3,0,0
3,0,0
3,0,0
3,0,0
3,0,0
3,0,0
3,0,0
3,0,0
3,0,0
3,0,0
3,0,0
3,0,0
3,0,0
3,0,0
3,0,0
3,0,1
3,0,0
3,0,0
3,0,0
3,0,0
3,0,0
3,0,0
3,0,0
3,0,0
3,0,0
3,0,0
3,0,0
3,0,0
3,0,0
3,0,0
3,0,0
3,0,0
3,0,0
3,0,0
3,0,0
3,0,0
3,0,0
3,0,0
3,0,0
3,0,0
3,0,0
3,0,0
3,0,0
3,0,0
3,0,0
3,0,0
3,0,0
3,0,0
3,0,0
3,0,0
3,0,0
3,0,0
3,0,0
3,0,0
3,0,0
3,0,0
3,1,1
3,0,0
3,0,0
3,1,1
3,0,0
3,0,0
3,0,0
3,0,0
3,0,0
3,0,0
3,0,0
3,0,0
3,0,0
Total DB Queries This Round: 10601
Total time spent this round in seconds: 236.61301517486572
3,0,0
3,0,0
3,0,0
3,0,0
3,0,0
3,0,0
3,0,0
3,0,0
3,0,0
3,0,0
3,0,0
3,0,0
3,0,0
3,0,0
3,0,0
3,0,0
3,0,0
3,0,0
3,0,0
3,0,0
3,0,0
3,0,0
3,0,0
3,0,0
3,0,0
3,0,0
3,0,0
3,1,1
3,0,0
3,0,0
3,0,0
3,0,0
3,0,0
3,0,0
3,0,0
3,0,0
3,0,0
3,0,0
3,0,0
3,0,0
3,0,0
3,0,0
3,0,0
3,0,0
3,1,0
3,0,0
3,0,0
3,0,0
3,0,0
3,0,0
3,0,0
3,0,0
3,0,0
3,0,0
3,0,0
3,0,0
3,0,0
3,0,0
3,0,0
3,0,0
3,0,0
3,0,0
3,0,0
3,0,0
3,0,0
3,0,0
3,0,0
3,0,1
3,0,0
3,0,0
3,0,0
3,0,0
3,0,0
3,0,0
3,0,0
3,0,0
3,0,0
3,0,0
3,0,0
3,0,0
3,1,1
3,0,1
3,0,0
3,0,0
3,0,0
3,0,0
3,0,0
3,0,0
3,0,0
3,0,0
3,0,0
3,0,0
3,0,0
3,0,0
3,0,0
3,0,0
3,0,0
3,0,0
3,0,0
3,0,0
Total DB Queries This Round: 9647
Total time spent this round in seconds: 223.72734332084656
3,0,0
3,0,0
3,0,0
3,0,0
3,0,0
3,0,0
3,0,0
3,0,0
3,1,1
3,0,0
3,0,0
3,0,0
3,0,0
3,0,0
3,0,0
3,0,0
3,0,0
3,0,0
3,1,1
3,0,0
3,1,1
3,0,0
3,0,0
3,0,0
3,0,0
3,0,0
3,0,0
3,0,0
3,0,0
3,0,0
3,0,0
3,0,0
3,0,0
3,0,0
3,0,0
3,0,0
3,0,0
3,0,0
3,0,0
3,0,0
3,0,0
3,0,0
3,0,0
3,0,0
3,0,0
3,0,0
3,0,0
3,0,0
3,0,0
3,0,0
3,0,0
3,0,0
3,0,0
3,0,0
3,0,0
3,0,0
3,0,0
3,0,0
3,0,1
3,0,1
3,0,0
3,0,0
3,0,0
3,0,0
3,0,0
3,0,0
3,0,0
3,0,0
3,0,0
3,0,0
3,0,0
3,0,0
3,0,0
3,0,0
3,0,0
3,0,0
3,0,0
3,0,0
3,0,0
3,0,0
3,0,0
3,0,0
3,0,0
3,0,0
3,0,0
3,0,0
3,0,0
3,0,0
3,0,0
3,0,0
3,0,0
3,0,0
3,0,0
3,0,0
3,0,0
3,0,0
3,0,0
3,0,0
3,0,0
3,0,0
Total DB Queries This Round: 9285
Total time spent this round in seconds: 215.0413625240326
3,0,0
3,0,0
3,0,0
3,0,0
3,0,0
3,0,0
3,0,0
3,0,0
3,0,0
3,0,0
3,0,0
3,0,0
3,0,0
3,0,0
3,0,0
3,0,0
3,0,0
3,0,0
3,0,0
3,0,0
3,0,0
3,0,0
3,1,1
3,0,0
3,0,0
3,0,0
3,0,0
3,0,0
3,0,0
3,0,0
3,0,0
3,0,0
3,0,0
3,0,0
3,0,0
3,0,0
3,0,0
3,0,0
3,0,0
3,0,0
3,0,0
3,0,0
3,0,0
3,0,0
3,0,0
3,0,0
3,0,0
3,0,0
3,0,0
3,0,0
3,0,0
3,1,1
3,0,0
3,0,0
3,0,0
3,0,0
3,0,0
3,0,0
3,0,0
3,1,1
3,0,0
3,0,0
3,0,0
3,0,0
3,0,0
3,0,0
3,0,0
3,0,0
3,0,0
3,0,0
3,0,0
3,0,0
3,0,0
3,0,0
3,0,0
3,0,0
3,0,0
3,0,0
3,0,0
3,0,0
3,0,0
3,0,0
3,0,0
3,0,0
3,0,0
3,0,0
3,0,0
3,0,0
3,0,0
3,0,0
3,0,0
3,0,0
3,0,0
3,0,0
3,0,0
3,0,0
3,0,0
3,0,0
3,0,0
3,0,0
Total DB Queries This Round: 9121
Total time spent this round in seconds: 211.87993907928467
3,0,0
3,1,1
3,0,0
3,0,0
3,0,0
3,0,0
3,0,0
3,0,0
3,0,0
3,0,0
3,0,0
3,0,0
3,0,0
3,0,0
3,0,0
3,0,0
3,0,0
3,0,0
3,0,0
3,0,0
3,0,0
3,0,0
3,0,0
3,0,0
3,0,0
3,0,0
3,0,0
3,0,0
3,0,0
3,0,0
3,0,0
3,0,0
3,0,0
3,0,0
3,0,0
3,0,0
3,0,0
3,0,0
3,0,0
3,0,0
3,0,0
3,0,0
3,0,0
3,0,0
3,0,0
3,0,0
3,0,0
3,0,0
3,0,0
3,0,0
3,0,0
3,0,0
3,0,0
3,0,0
3,0,0
3,0,0
3,0,0
3,0,0
3,0,0
3,0,0
3,0,0
3,0,0
3,0,0
3,0,0
3,0,0
3,0,0
3,0,0
3,0,0
3,0,0
3,0,0
3,0,0
3,0,0
3,0,0
3,0,0
3,0,0
3,0,0
3,0,0
3,0,0
3,0,0
3,0,0
3,0,0
3,0,0
3,1,1
3,0,0
3,0,0
3,0,0
3,0,0
3,0,0
3,0,0
3,0,0
3,0,0
3,0,0
3,1,1
3,0,0
3,0,0
3,0,0
3,0,0
3,0,0
3,0,0
3,0,0
Total DB Queries This Round: 10336
Total time spent this round in seconds: 243.01242971420288
3,0,0
3,0,0
3,0,0
3,0,0
3,0,0
3,0,0
3,0,0
3,0,0
3,0,0
3,0,0
3,0,0
3,0,0
3,0,0
3,0,0
3,0,0
3,0,0
3,0,0
3,0,0
3,1,0
3,0,0
3,0,0
3,0,0
3,0,0
3,0,0
3,0,0
3,0,0
3,0,0
3,1,1
3,0,0
3,0,0
3,0,0
3,0,0
3,0,0
3,0,0
3,0,0
3,0,0
3,0,0
3,0,0
3,0,0
3,0,0
3,0,0
3,0,0
3,0,0
3,0,0
3,0,0
3,0,0
3,0,0
3,0,0
3,0,0
3,0,0
3,0,0
3,0,0
3,0,0
3,0,0
3,0,0
3,0,0
3,0,0
3,0,0
3,0,0
3,0,0
3,0,0
3,1,1
3,0,0
3,0,0
3,0,0
3,0,0
3,0,0
3,0,0
3,0,0
3,0,0
3,0,0
3,0,0
3,0,0
3,0,0
3,0,0
3,0,0
3,0,1
3,0,0
3,0,0
3,0,0
3,0,0
3,0,0
3,0,0
3,0,0
3,0,0
3,0,0
3,0,0
3,0,0
3,0,0
3,0,0
3,0,0
3,0,0
3,0,0
3,0,0
3,0,0
3,0,0
3,0,0
3,0,0
3,0,0
3,0,0
Total DB Queries This Round: 9103
Total time spent this round in seconds: 212.02716851234436
3,0,0
3,0,0
3,0,0
3,0,0
3,0,0
3,0,0
3,0,0
3,0,0
3,0,0
3,0,0
3,0,0
3,0,0
3,0,0
3,0,0
3,0,0
3,0,0
3,0,0
3,0,0
3,0,0
3,0,0
3,0,0
3,0,0
3,0,0
3,0,0
3,0,0
3,0,0
3,0,0
3,0,0
3,0,0
3,1,1
3,0,0
3,0,0
3,0,0
3,0,0
3,0,0
3,0,0
3,0,0
3,0,0
3,0,0
3,0,0
3,0,0
3,0,0
3,0,0
3,0,0
3,0,0
3,0,0
3,0,0
3,0,0
3,0,0
3,0,0
3,0,0
3,0,0
3,0,0
3,0,0
3,0,0
3,0,0
3,0,0
3,0,0
3,0,0
3,0,0
3,0,0
3,0,0
3,0,0
3,0,0
3,0,0
3,0,0
3,0,0
3,0,0
3,0,0
3,0,0
3,0,0
3,0,0
3,0,0
3,0,0
3,0,0
3,0,0
3,0,0
3,0,0
3,0,0
3,0,0
3,0,0
3,0,0
3,0,0
3,0,0
3,0,0
3,0,0
3,1,1
3,1,1
3,0,0
3,0,1
3,0,0
3,0,0
3,0,0
3,0,0
3,0,0
3,0,0
3,0,0
3,0,0
3,0,0
3,0,0
Total DB Queries This Round: 8311
Total time spent this round in seconds: 195.03136134147644
3,0,0
3,0,0
3,0,0
3,1,1
3,0,0
3,0,0
3,0,0
3,0,0
3,0,0
3,0,0
3,0,0
3,0,0
3,0,0
3,0,0
3,0,0
3,0,0
3,0,0
3,0,0
3,0,0
3,0,0
3,0,0
3,0,0
3,0,0
3,0,1
3,0,1
3,0,0
3,0,0
3,0,0
3,0,0
3,0,0
3,0,0
3,0,0
3,0,0
3,0,0
3,0,0
3,0,0
3,0,0
3,0,0
3,0,1
3,0,0
3,0,0
3,0,0
3,0,0
3,0,0
3,0,0
3,0,0
3,0,0
3,0,0
3,0,0
3,0,0
3,0,0
3,0,0
3,0,0
3,1,1
3,0,0
3,1,1
3,0,0
3,0,0
3,0,0
3,0,0
3,0,0
3,0,0
3,0,0
3,0,1
3,0,0
3,0,0
3,0,0
3,0,0
3,0,0
3,0,0
3,0,0
3,0,0
3,0,0
3,0,0
3,0,0
3,0,0
3,0,0
3,0,0
3,0,0
3,0,0
3,0,0
3,0,0
3,0,0
3,0,0
3,0,0
3,0,0
3,0,0
3,0,0
3,0,0
3,0,0
3,0,0
3,0,0
3,0,0
3,0,0
3,0,0
3,0,0
3,0,0
3,0,0
3,0,0
3,0,0
Total DB Queries This Round: 11581
Total time spent this round in seconds: 273.0478165149689
3,0,0
3,0,0
3,0,0
3,0,1
3,0,1
3,0,0
3,0,0
3,0,0
3,0,0
3,0,0
3,0,0
3,0,0
3,0,0
3,0,0
3,1,1
3,0,1
3,0,0
3,0,0
3,0,0
3,0,0
3,0,0
3,0,0
3,0,0
3,0,0
3,1,1
3,0,0
3,0,0
3,0,1
3,0,0
3,0,0
3,0,0
3,0,0
3,0,0
3,0,0
3,0,0
3,0,0
3,0,0
3,0,0
3,0,0
3,0,0
3,1,1
3,0,0
3,0,0
3,0,0
3,0,0
3,0,0
3,0,0
3,0,0
3,0,0
3,0,0
3,0,0
3,0,0
3,0,1
3,0,1
3,0,0
3,0,0
3,0,0
3,0,0
3,0,0
3,0,0
3,0,0
3,0,0
3,0,0
3,0,0
3,0,0
3,0,0
3,0,0
3,0,0
3,0,0
3,0,0
3,0,0
3,0,0
3,0,0
3,0,0
3,0,0
3,0,0
3,0,0
3,0,0
3,0,0
3,0,0
3,0,0
3,0,0
3,0,0
3,0,0
3,0,0
3,0,0
3,0,0
3,0,0
3,0,0
3,0,0
3,0,1
3,0,0
3,0,0
3,0,0
3,0,0
3,0,0
3,0,0
3,0,0
3,0,0
3,0,0
Total DB Queries This Round: 10680
Total time spent this round in seconds: 253.77504897117615
PERCENT IN TABLE OF 100: 4%
4,0,0
4,0,0
4,0,0
4,0,0
4,0,0
4,0,0
4,0,0
4,0,0
4,0,0
4,0,0
4,0,0
4,0,0
4,0,0
4,1,0
4,0,0
4,0,0
4,0,0
4,0,0
4,0,0
4,0,0
4,0,0
4,0,0
4,0,0
4,0,0
4,0,0
4,0,0
4,0,0
4,0,0
4,0,0
4,0,0
4,0,0
4,0,0
4,0,0
4,0,0
4,0,0
4,0,0
4,0,0
4,0,0
4,0,0
4,0,0
4,0,0
4,0,0
4,0,0
4,0,0
4,0,0
4,0,0
4,1,1
4,0,0
4,0,0
4,0,0
4,0,0
4,0,0
4,0,0
4,0,0
4,0,0
4,0,0
4,0,0
4,0,0
4,0,0
4,0,0
4,0,0
4,0,0
4,0,0
4,0,0
4,0,0
4,0,0
4,0,0
4,0,0
4,0,0
4,0,0
4,0,0
4,0,0
4,0,0
4,0,0
4,0,0
4,0,0
4,0,0
4,0,0
4,0,0
4,0,0
4,0,0
4,0,0
4,0,0
4,1,1
4,0,0
4,1,1
4,0,0
4,0,0
4,0,0
4,0,0
4,0,0
4,0,0
4,0,0
4,0,0
4,0,0
4,0,0
4,0,0
4,0,0
4,0,0
4,0,0
Total DB Queries This Round: 11632
Total time spent this round in seconds: 267.46222257614136
4,0,0
4,0,0
4,0,0
4,0,0
4,0,0
4,0,0
4,0,0
4,0,0
4,0,0
4,0,0
4,0,0
4,0,0
4,0,0
4,0,0
4,0,0
4,0,0
4,0,0
4,0,0
4,0,0
4,0,0
4,0,0
4,0,0
4,0,0
4,0,0
4,0,0
4,0,0
4,0,0
4,0,0
4,0,0
4,1,1
4,0,0
4,1,1
4,0,0
4,0,0
4,0,0
4,0,0
4,0,1
4,0,1
4,0,0
4,0,0
4,0,0
4,0,0
4,0,0
4,0,0
4,0,0
4,0,0
4,0,0
4,0,0
4,0,0
4,0,0
4,0,0
4,0,0
4,0,0
4,0,0
4,0,0
4,0,0
4,0,0
4,0,0
4,0,0
4,0,0
4,0,0
4,0,0
4,0,0
4,0,0
4,0,0
4,0,0
4,0,0
4,0,0
4,0,0
4,0,0
4,0,0
4,0,0
4,0,0
4,0,0
4,0,0
4,0,0
4,0,0
4,0,0
4,0,0
4,0,0
4,0,0
4,0,0
4,0,0
4,0,0
4,0,0
4,0,0
4,0,0
4,0,0
4,0,0
4,0,0
4,0,0
4,0,0
4,0,0
4,0,0
4,0,0
4,0,0
4,0,0
4,0,0
4,1,1
4,1,1
Total DB Queries This Round: 11717
Total time spent this round in seconds: 277.1378743648529
4,0,0
4,0,0
4,0,0
4,0,0
4,0,0
4,0,0
4,0,0
4,0,0
4,0,0
4,0,0
4,0,0
4,0,0
4,0,0
4,0,0
4,0,0
4,0,0
4,0,0
4,0,0
4,0,0
4,1,0
4,1,1
4,0,0
4,0,0
4,0,0
4,0,0
4,0,0
4,0,0
4,0,0
4,0,0
4,1,1
4,0,0
4,0,0
4,0,0
4,0,0
4,0,0
4,0,0
4,0,0
4,0,0
4,0,0
4,0,0
4,0,0
4,0,0
4,0,0
4,0,0
4,0,1
4,0,0
4,0,0
4,0,0
4,0,0
4,0,0
4,0,0
4,0,0
4,0,0
4,0,0
4,0,1
4,0,0
4,0,0
4,0,0
4,0,0
4,0,0
4,1,1
4,0,0
4,0,0
4,0,0
4,0,0
4,0,0
4,0,0
4,0,0
4,0,0
4,0,0
4,0,0
4,0,0
4,0,0
4,0,0
4,0,0
4,0,0
4,0,0
4,0,0
4,0,0
4,0,0
4,0,0
4,0,0
4,0,0
4,0,0
4,0,0
4,0,0
4,0,0
4,0,0
4,0,0
4,0,0
4,0,0
4,0,0
4,0,0
4,0,0
4,0,0
4,0,0
4,0,0
4,0,0
4,0,0
4,0,0
Total DB Queries This Round: 12368
Total time spent this round in seconds: 301.1792039871216
4,0,0
4,0,0
4,0,0
4,0,0
4,1,1
4,0,0
4,0,0
4,0,0
4,0,0
4,0,0
4,0,0
4,0,0
4,0,0
4,0,0
4,0,0
4,0,0
4,0,0
4,0,0
4,0,0
4,0,0
4,0,0
4,0,0
4,0,0
4,0,0
4,0,0
4,0,0
4,0,0
4,0,0
4,0,0
4,0,0
4,0,0
4,0,0
4,0,0
4,0,0
4,0,0
4,0,0
4,1,0
4,0,0
4,0,0
4,0,0
4,0,0
4,0,0
4,0,0
4,0,0
4,0,0
4,0,0
4,0,0
4,0,0
4,0,0
4,0,0
4,0,0
4,0,0
4,0,0
4,0,0
4,0,0
4,0,0
4,0,0
4,0,0
4,0,0
4,0,0
4,0,0
4,0,0
4,0,0
4,0,0
4,0,0
4,0,0
4,0,0
4,0,0
4,0,0
4,0,0
4,0,0
4,0,0
4,0,0
4,0,0
4,1,1
4,0,0
4,0,0
4,0,0
4,0,0
4,0,0
4,0,0
4,0,0
4,0,0
4,0,0
4,0,0
4,0,0
4,0,0
4,0,0
4,0,0
4,0,0
4,1,1
4,0,0
4,0,0
4,0,0
4,0,0
4,0,0
4,0,0
4,0,0
4,0,0
4,0,0
Total DB Queries This Round: 10832
Total time spent this round in seconds: 255.72596311569214
4,0,0
4,0,0
4,0,0
4,0,0
4,0,0
4,0,0
4,0,0
4,0,0
4,0,0
4,0,0
4,0,0
4,0,0
4,0,0
4,0,0
4,0,0
4,0,0
4,0,0
4,0,0
4,0,0
4,0,0
4,0,0
4,0,0
4,0,0
4,0,0
4,0,0
4,1,1
4,0,0
4,0,0
4,0,0
4,0,0
4,0,0
4,0,0
4,0,0
4,0,0
4,0,0
4,0,0
4,0,0
4,0,0
4,0,0
4,0,0
4,0,0
4,0,0
4,0,0
4,0,0
4,0,0
4,0,0
4,0,0
4,0,0
4,0,0
4,0,0
4,0,0
4,0,0
4,0,0
4,0,0
4,0,0
4,0,0
4,0,0
4,0,0
4,0,0
4,0,0
4,0,0
4,0,0
4,0,0
4,0,0
4,0,0
4,0,0
4,0,0
4,0,0
4,0,0
4,0,0
4,0,0
4,0,0
4,0,0
4,0,0
4,0,0
4,0,0
4,1,0
4,0,0
4,0,0
4,0,0
4,1,1
4,0,0
4,1,1
4,0,0
4,0,0
4,0,0
4,0,0
4,0,0
4,0,0
4,0,0
4,0,0
4,0,0
4,0,0
4,0,0
4,0,0
4,0,0
4,0,0
4,0,0
4,0,0
4,0,0
Total DB Queries This Round: 11603
Total time spent this round in seconds: 270.3601887226105
4,0,0
4,0,0
4,0,0
4,0,0
4,0,0
4,0,0
4,0,0
4,0,0
4,0,0
4,0,0
4,0,0
4,0,0
4,0,0
4,0,0
4,0,0
4,0,0
4,0,0
4,0,0
4,0,0
4,0,0
4,0,0
4,0,0
4,0,0
4,0,0
4,0,0
4,0,0
4,0,0
4,0,0
4,0,0
4,0,0
4,0,0
4,0,0
4,0,0
4,0,0
4,0,0
4,0,0
4,0,0
4,0,0
4,0,0
4,0,0
4,0,0
4,0,0
4,0,0
4,0,0
4,0,0
4,0,0
4,0,0
4,0,0
4,0,0
4,0,0
4,0,0
4,0,0
4,0,0
4,0,0
4,0,0
4,0,0
4,0,0
4,0,0
4,0,0
4,0,0
4,0,0
4,0,0
4,0,0
4,0,0
4,0,0
4,0,0
4,0,0
4,0,0
4,0,0
4,0,0
4,0,0
4,1,1
4,0,0
4,1,1
4,0,0
4,0,0
4,0,0
4,0,0
4,0,0
4,0,0
4,0,0
4,0,0
4,0,0
4,0,0
4,0,0
4,1,0
4,0,0
4,0,0
4,0,0
4,0,0
4,0,0
4,0,0
4,1,1
4,0,0
4,0,0
4,0,0
4,0,0
4,0,0
4,0,0
4,0,0
Total DB Queries This Round: 10818
Total time spent this round in seconds: 248.10393476486206
4,0,0
4,0,0
4,0,0
4,0,0
4,0,0
4,0,0
4,0,0
4,0,0
4,1,1
4,0,0
4,0,0
4,0,0
4,0,0
4,0,0
4,0,0
4,0,0
4,0,1
4,0,0
4,0,0
4,0,0
4,0,0
4,0,0
4,0,0
4,0,0
4,0,0
4,0,0
4,0,0
4,0,0
4,0,0
4,0,0
4,0,0
4,0,0
4,0,0
4,0,0
4,0,0
4,0,0
4,0,0
4,0,0
4,0,0
4,0,0
4,0,0
4,0,0
4,0,0
4,0,0
4,0,0
4,0,0
4,0,0
4,0,0
4,0,0
4,0,0
4,0,0
4,0,0
4,0,0
4,0,0
4,0,0
4,0,0
4,0,0
4,0,0
4,1,1
4,0,0
4,0,0
4,0,0
4,0,0
4,0,0
4,0,0
4,0,0
4,0,0
4,0,0
4,0,0
4,0,0
4,1,1
4,0,0
4,0,0
4,0,0
4,0,0
4,0,0
4,0,0
4,0,0
4,1,1
4,0,0
4,0,0
4,0,0
4,0,0
4,0,0
4,0,0
4,0,0
4,0,0
4,0,0
4,0,0
4,0,0
4,0,0
4,0,0
4,0,0
4,0,0
4,0,0
4,0,0
4,0,0
4,0,0
4,0,0
4,0,0
Total DB Queries This Round: 11613
Total time spent this round in seconds: 269.947292804718
4,0,0
4,0,0
4,0,0
4,0,0
4,0,0
4,0,0
4,0,0
4,0,0
4,0,0
4,0,0
4,0,0
4,0,0
4,0,0
4,0,0
4,0,0
4,0,0
4,0,0
4,0,0
4,0,0
4,0,0
4,0,0
4,0,0
4,0,0
4,0,0
4,0,0
4,0,0
4,0,0
4,0,0
4,0,0
4,0,0
4,0,0
4,0,0
4,1,1
4,0,1
4,0,0
4,0,0
4,0,0
4,0,0
4,0,0
4,0,0
4,0,0
4,0,0
4,0,0
4,0,0
4,0,0
4,0,0
4,0,0
4,0,0
4,0,0
4,0,0
4,0,0
4,0,0
4,1,1
4,0,0
4,0,0
4,0,0
4,0,0
4,0,0
4,0,0
4,0,0
4,0,0
4,0,0
4,1,0
4,0,0
4,0,0
4,0,0
4,1,1
4,0,0
4,0,0
4,0,0
4,0,1
4,0,0
4,0,0
4,0,0
4,0,0
4,0,0
4,0,0
4,0,0
4,0,0
4,0,0
4,0,0
4,0,0
4,0,0
4,0,0
4,0,0
4,0,0
4,0,0
4,0,0
4,0,0
4,0,0
4,0,1
4,0,0
4,0,0
4,0,0
4,0,0
4,0,0
4,0,0
4,0,0
4,0,0
4,0,0
Total DB Queries This Round: 8998
Total time spent this round in seconds: 198.67092061042786
4,0,0
4,0,0
4,0,0
4,0,0
4,0,1
4,0,1
4,0,0
4,0,0
4,0,0
4,1,0
4,0,0
4,0,0
4,0,0
4,0,0
4,0,0
4,0,0
4,0,0
4,0,0
4,0,0
4,0,0
4,0,0
4,0,0
4,0,0
4,0,0
4,0,0
4,0,0
4,0,0
4,0,0
4,0,0
4,0,0
4,0,0
4,0,0
4,0,0
4,0,0
4,0,0
4,0,0
4,0,0
4,0,0
4,0,0
4,0,0
4,0,1
4,0,0
4,0,0
4,0,0
4,0,0
4,0,0
4,0,0
4,0,0
4,0,0
4,0,0
4,0,0
4,0,0
4,0,0
4,0,0
4,0,0
4,0,0
4,0,0
4,0,0
4,0,0
4,0,0
4,0,0
4,0,0
4,0,0
4,0,0
4,1,1
4,0,0
4,0,0
4,0,0
4,0,0
4,0,0
4,0,0
4,1,1
4,0,0
4,0,0
4,0,0
4,0,0
4,0,0
4,0,0
4,0,0
4,1,1
4,0,0
4,0,0
4,0,0
4,0,0
4,0,0
4,0,0
4,0,0
4,0,0
4,0,0
4,0,0
4,0,0
4,0,0
4,0,0
4,0,0
4,0,0
4,0,0
4,0,0
4,0,0
4,0,0
4,0,0
Total DB Queries This Round: 12953
Total time spent this round in seconds: 297.6420946121216
4,0,0
4,0,0
4,0,0
4,0,0
4,0,0
4,0,0
4,0,0
4,0,0
4,0,0
4,0,0
4,0,0
4,0,0
4,0,0
4,0,0
4,0,0
4,0,0
4,0,0
4,0,0
4,0,0
4,0,0
4,0,0
4,0,0
4,0,0
4,0,0
4,0,1
4,0,0
4,0,0
4,0,0
4,0,0
4,0,0
4,0,0
4,0,0
4,0,0
4,0,0
4,0,0
4,0,0
4,0,0
4,1,1
4,0,0
4,0,0
4,0,0
4,0,0
4,0,0
4,0,0
4,0,0
4,0,0
4,0,0
4,0,0
4,0,0
4,0,0
4,0,0
4,0,0
4,0,0
4,0,0
4,0,0
4,0,0
4,0,0
4,0,0
4,0,1
4,0,0
4,0,0
4,0,0
4,0,0
4,0,0
4,0,0
4,0,0
4,0,0
4,0,0
4,0,0
4,0,0
4,0,0
4,1,1
4,0,0
4,0,0
4,0,0
4,0,0
4,1,1
4,0,0
4,0,0
4,0,0
4,0,0
4,0,0
4,0,0
4,0,0
4,0,0
4,0,0
4,1,1
4,0,0
4,0,0
4,0,0
4,0,0
4,0,0
4,0,0
4,0,0
4,0,0
4,0,0
4,0,0
4,0,0
4,0,0
4,0,0
Total DB Queries This Round: 13083
Total time spent this round in seconds: 289.18846106529236
PERCENT IN TABLE OF 100: 5%
5,0,0
5,0,0
5,0,0
5,0,0
5,0,0
5,0,0
5,0,0
5,0,0
5,0,0
5,0,0
5,0,0
5,0,0
5,0,0
5,0,0
5,0,0
5,0,0
5,0,0
5,0,0
5,0,0
5,0,0
5,0,0
5,0,0
5,0,0
5,0,0
5,0,0
5,0,0
5,0,0
5,0,0
5,0,0
5,0,0
5,0,0
5,0,0
5,0,0
5,0,0
5,0,0
5,0,0
5,0,0
5,0,0
5,0,0
5,0,0
5,0,0
5,0,0
5,0,0
5,0,0
5,0,0
5,0,0
5,0,0
5,0,0
5,0,0
5,0,0
5,0,0
5,0,0
5,0,0
5,0,0
5,0,0
5,0,0
5,0,0
5,0,0
5,0,0
5,0,0
5,0,0
5,0,0
5,0,0
5,0,0
5,0,0
5,0,0
5,1,1
5,0,0
5,0,0
5,0,0
5,0,0
5,0,0
5,0,0
5,0,0
5,0,0
5,0,0
5,0,0
5,0,0
5,0,0
5,0,0
5,0,0
5,1,1
5,0,0
5,0,0
5,0,0
5,0,0
5,0,0
5,0,0
5,0,0
5,0,0
5,0,0
5,0,0
5,1,1
5,0,0
5,0,0
5,0,0
5,0,0
5,1,1
5,0,1
5,1,1
Total DB Queries This Round: 3350
Total time spent this round in seconds: 74.22303795814514
5,0,0
5,0,0
5,0,0
5,0,0
5,0,0
5,0,0
5,0,0
5,0,0
5,0,0
5,0,0
5,0,0
5,0,0
5,0,0
5,0,0
5,0,0
5,0,0
5,0,0
5,1,1
5,0,0
5,0,0
5,0,0
5,0,0
5,0,0
5,0,0
5,0,0
5,0,0
5,0,0
5,0,0
5,0,0
5,0,0
5,0,0
5,0,1
5,0,0
5,0,0
5,0,0
5,0,0
5,0,0
5,0,0
5,0,0
5,0,0
5,0,0
5,0,0
5,0,0
5,0,0
5,0,0
5,0,0
5,0,0
5,0,0
5,0,0
5,0,0
5,0,0
5,0,0
5,0,0
5,0,0
5,0,0
5,0,0
5,0,0
5,0,0
5,0,0
5,0,0
5,0,0
5,0,0
5,0,0
5,0,0
5,0,0
5,0,0
5,0,0
5,0,0
5,0,0
5,0,0
5,0,0
5,0,0
5,0,0
5,0,0
5,0,0
5,0,0
5,0,0
5,0,0
5,0,0
5,0,0
5,0,0
5,0,0
5,1,1
5,0,0
5,0,0
5,0,0
5,1,1
5,0,0
5,0,0
5,0,0
5,0,0
5,1,1
5,0,0
5,0,0
5,0,0
5,0,0
5,0,0
5,1,1
5,0,0
5,0,0
Total DB Queries This Round: 3372
Total time spent this round in seconds: 73.31259512901306
5,0,0
5,0,0
5,0,0
5,0,0
5,0,0
5,0,0
5,0,0
5,0,0
5,0,0
5,1,1
5,0,0
5,0,0
5,0,0
5,0,0
5,0,0
5,0,0
5,0,0
5,0,0
5,0,0
5,0,0
5,0,0
5,0,0
5,0,0
5,0,0
5,0,0
5,0,0
5,0,0
5,0,0
5,0,0
5,0,1
5,0,0
5,0,0
5,0,0
5,0,0
5,0,0
5,0,0
5,1,1
5,0,0
5,0,0
5,0,0
5,0,0
5,1,1
5,0,0
5,0,0
5,0,0
5,0,0
5,0,0
5,0,0
5,0,0
5,0,0
5,0,0
5,0,0
5,0,0
5,0,0
5,0,0
5,0,0
5,0,0
5,0,0
5,0,0
5,0,0
5,0,0
5,0,0
5,0,0
5,1,1
5,0,0
5,0,0
5,0,0
5,0,0
5,0,0
5,0,0
5,0,0
5,0,0
5,0,0
5,0,0
5,0,0
5,0,0
5,0,0
5,0,0
5,0,0
5,0,0
5,0,0
5,0,0
5,0,0
5,0,0
5,0,0
5,0,0
5,0,0
5,0,0
5,0,0
5,0,0
5,0,0
5,0,0
5,0,0
5,0,0
5,0,0
5,0,0
5,1,1
5,0,0
5,0,0
5,0,0
Total DB Queries This Round: 6010
Total time spent this round in seconds: 132.57965087890625
5,0,0
5,0,0
5,0,0
5,0,0
5,0,0
5,0,0
5,0,0
5,0,0
5,0,0
5,0,0
5,1,1
5,0,0
5,0,0
5,0,0
5,0,0
5,0,0
5,0,0
5,0,0
5,0,0
5,0,0
5,0,0
5,0,0
5,0,0
5,0,0
5,1,1
5,0,1
5,0,0
5,0,0
5,0,0
5,0,0
5,0,0
5,0,0
5,0,1
5,0,0
5,0,0
5,0,0
5,0,0
5,0,0
5,0,0
5,0,0
5,0,0
5,0,0
5,0,0
5,0,0
5,0,0
5,0,0
5,0,0
5,0,0
5,0,0
5,0,0
5,0,0
5,0,0
5,0,0
5,0,0
5,0,0
5,0,0
5,0,0
5,0,0
5,1,0
5,0,0
5,0,0
5,0,0
5,0,0
5,0,0
5,0,0
5,0,0
5,0,0
5,1,1
5,0,0
5,0,0
5,0,0
5,0,0
5,0,0
5,0,0
5,0,0
5,0,0
5,0,0
5,0,0
5,0,0
5,0,0
5,0,0
5,0,0
5,0,0
5,0,0
5,0,0
5,0,0
5,0,0
5,0,0
5,0,0
5,1,1
5,0,0
5,0,0
5,0,0
5,0,0
5,0,0
5,0,0
5,0,0
5,0,0
5,0,0
5,0,0
Total DB Queries This Round: 4146
Total time spent this round in seconds: 90.17111921310425
5,0,0
5,0,0
5,0,0
5,0,0
5,1,1
5,0,0
5,0,0
5,0,0
5,0,0
5,0,0
5,0,0
5,0,0
5,0,0
5,0,0
5,0,0
5,0,0
5,0,0
5,0,0
5,0,0
5,0,0
5,0,0
5,0,0
5,0,0
5,0,0
5,0,0
5,0,0
5,0,0
5,1,1
5,0,0
5,0,0
5,0,0
5,0,0
5,0,0
5,0,0
5,1,1
5,0,0
5,0,0
5,0,0
5,0,0
5,0,0
5,0,0
5,0,0
5,0,1
5,0,0
5,0,0
5,0,0
5,0,0
5,0,0
5,1,1
5,0,0
5,0,0
5,0,0
5,0,0
5,0,0
5,0,0
5,0,0
5,0,0
5,0,0
5,0,0
5,0,0
5,0,0
5,0,0
5,0,0
5,0,0
5,0,0
5,0,0
5,0,0
5,0,0
5,0,0
5,0,0
5,0,0
5,0,0
5,0,0
5,0,0
5,0,0
5,0,0
5,0,0
5,0,0
5,0,0
5,0,0
5,0,0
5,0,0
5,0,0
5,0,0
5,0,0
5,0,0
5,0,0
5,0,0
5,0,0
5,0,0
5,0,0
5,0,0
5,0,0
5,0,0
5,1,1
5,0,0
5,0,0
5,0,0
5,0,0
5,0,0
Total DB Queries This Round: 3920
Total time spent this round in seconds: 84.03546905517578
5,0,0
5,0,0
5,0,0
5,0,0
5,0,0
5,0,0
5,1,1
5,0,0
5,0,0
5,0,0
5,0,0
5,0,0
5,0,0
5,0,0
5,0,0
5,1,1
5,0,0
5,0,0
5,0,0
5,0,0
5,0,0
5,0,0
5,0,0
5,0,0
5,0,0
5,0,0
5,0,0
5,0,0
5,0,0
5,1,1
5,0,0
5,0,0
5,0,0
5,0,0
5,1,1
5,0,0
5,0,0
5,0,0
5,0,0
5,0,0
5,0,0
5,0,0
5,0,0
5,0,0
5,0,0
5,0,0
5,0,0
5,0,0
5,0,0
5,0,0
5,0,0
5,0,0
5,0,0
5,0,0
5,0,0
5,0,0
5,0,0
5,0,0
5,0,1
5,0,0
5,0,0
5,0,0
5,0,0
5,0,0
5,0,0
5,0,0
5,0,0
5,0,0
5,0,0
5,0,0
5,0,0
5,0,0
5,0,0
5,0,0
5,0,0
5,0,0
5,0,0
5,0,0
5,0,0
5,0,0
5,1,1
5,0,0
5,0,0
5,0,0
5,0,0
5,0,0
5,0,0
5,0,0
5,0,0
5,0,0
5,0,0
5,0,0
5,0,0
5,0,0
5,0,0
5,0,0
5,0,0
5,0,0
5,0,0
5,0,0
Total DB Queries This Round: 5106
Total time spent this round in seconds: 112.8255307674408
5,1,1
5,0,0
5,0,0
5,0,0
5,0,0
5,1,0
5,0,0
5,1,1
5,1,1
5,0,0
5,0,0
5,0,0
5,0,0
5,0,0
5,0,0
5,0,0
5,0,0
5,0,0
5,0,0
5,0,0
5,0,0
5,0,0
5,0,0
5,0,0
5,0,0
5,0,0
5,0,0
5,0,0
5,0,0
5,0,0
5,0,0
5,0,0
5,0,0
5,0,0
5,0,0
5,0,0
5,0,0
5,0,0
5,0,0
5,0,0
5,0,0
5,0,0
5,0,0
5,0,0
5,0,0
5,0,0
5,0,0
5,0,0
5,0,0
5,0,0
5,0,0
5,0,0
5,0,0
5,0,0
5,0,0
5,0,0
5,0,0
5,0,0
5,0,0
5,0,1
5,0,0
5,0,0
5,0,0
5,0,0
5,0,0
5,0,0
5,0,0
5,0,0
5,0,0
5,0,0
5,0,0
5,0,0
5,0,0
5,0,0
5,0,0
5,0,1
5,0,0
5,0,0
5,1,1
5,0,0
5,0,0
5,0,0
5,0,0
5,0,0
5,0,0
5,0,0
5,0,0
5,0,0
5,0,0
5,0,0
5,0,0
5,0,0
5,0,0
5,0,0
5,0,0
5,0,0
5,0,0
5,0,0
5,0,0
5,0,0
Total DB Queries This Round: 4142
Total time spent this round in seconds: 92.17395567893982
5,0,1
5,0,0
5,0,0
5,0,0
5,0,0
5,0,0
5,0,0
5,0,0
5,0,0
5,0,0
5,0,0
5,0,0
5,0,0
5,0,0
5,0,0
5,0,0
5,0,0
5,0,0
5,0,0
5,0,0
5,0,0
5,0,0
5,0,0
5,0,0
5,0,1
5,0,0
5,0,0
5,0,0
5,1,1
5,0,0
5,0,0
5,0,0
5,0,0
5,0,0
5,0,0
5,0,0
5,0,0
5,1,1
5,0,0
5,0,0
5,0,0
5,0,0
5,0,0
5,0,0
5,0,0
5,0,0
5,0,0
5,0,0
5,0,0
5,0,0
5,0,0
5,0,0
5,0,0
5,0,0
5,0,0
5,0,0
5,0,1
5,0,0
5,0,0
5,0,0
5,0,1
5,0,0
5,0,0
5,0,0
5,0,0
5,0,0
5,0,0
5,0,0
5,0,1
5,0,0
5,0,0
5,0,0
5,0,0
5,0,0
5,0,0
5,0,0
5,0,1
5,1,1
5,0,0
5,0,0
5,0,1
5,0,0
5,0,0
5,0,0
5,0,0
5,0,1
5,0,0
5,1,1
5,0,0
5,0,0
5,0,0
5,0,0
5,0,1
5,0,0
5,0,0
5,0,0
5,0,0
5,0,0
5,0,0
5,1,0
Total DB Queries This Round: 5422
Total time spent this round in seconds: 120.13289165496826
5,0,0
5,0,0
5,0,0
5,0,0
5,0,0
5,0,0
5,0,0
5,0,1
5,0,0
5,0,0
5,0,0
5,0,0
5,0,0
5,0,0
5,0,0
5,0,0
5,0,0
5,0,0
5,0,0
5,0,0
5,0,0
5,0,0
5,0,0
5,0,0
5,0,0
5,0,0
5,1,1
5,0,0
5,0,1
5,0,0
5,0,0
5,0,0
5,0,0
5,0,0
5,0,0
5,0,0
5,0,0
5,0,0
5,0,0
5,0,0
5,0,0
5,0,0
5,0,0
5,0,0
5,0,0
5,0,0
5,0,0
5,0,0
5,0,0
5,1,0
5,0,0
5,0,0
5,0,0
5,0,0
5,0,0
5,0,0
5,0,0
5,0,0
5,0,0
5,0,0
5,0,0
5,1,1
5,0,0
5,0,1
5,0,0
5,0,0
5,0,0
5,1,1
5,0,0
5,0,0
5,0,0
5,0,0
5,0,0
5,0,0
5,0,0
5,0,0
5,0,0
5,0,0
5,0,0
5,0,0
5,0,0
5,0,0
5,0,0
5,0,0
5,0,0
5,0,0
5,0,0
5,1,1
5,0,0
5,0,0
5,0,0
5,0,0
5,0,0
5,0,0
5,0,0
5,0,0
5,0,0
5,0,0
5,0,0
5,0,0
Total DB Queries This Round: 5111
Total time spent this round in seconds: 109.01309061050415
5,0,0
5,0,0
5,0,0
5,0,0
5,0,0
5,0,0
5,0,0
5,0,0
5,0,0
5,0,0
5,0,0
5,0,0
5,0,0
5,0,0
5,1,1
5,0,0
5,0,1
5,1,1
5,0,0
5,0,0
5,0,0
5,0,0
5,0,0
5,0,0
5,0,0
5,0,0
5,0,0
5,0,0
5,0,0
5,0,0
5,0,0
5,0,0
5,0,0
5,0,0
5,0,0
5,1,1
5,0,0
5,0,0
5,0,0
5,0,0
5,0,0
5,0,0
5,0,0
5,0,0
5,1,1
5,0,0
5,0,0
5,0,0
5,0,0
5,0,0
5,0,0
5,0,0
5,0,0
5,0,0
5,0,1
5,0,0
5,0,1
5,0,0
5,0,0
5,1,1
5,0,0
5,0,0
5,0,0
5,0,0
5,0,0
5,0,0
5,0,0
5,0,0
5,0,0
5,0,0
5,0,0
5,0,0
5,0,0
5,0,0
5,0,0
5,0,0
5,0,1
5,0,0
5,0,0
5,0,0
5,0,0
5,0,0
5,0,0
5,0,0
5,0,0
5,0,0
5,0,0
5,0,0
5,0,0
5,0,0
5,0,0
5,0,0
5,0,0
5,0,0
5,0,0
5,0,0
5,0,0
5,0,0
5,0,0
5,0,0
Total DB Queries This Round: 5948
Total time spent this round in seconds: 130.43384265899658
PERCENT IN TABLE OF 100: 6%
6,0,0
6,0,0
6,0,1
6,0,1
6,0,0
6,0,0
6,0,0
6,0,0
6,0,0
6,0,0
6,0,0
6,0,0
6,0,0
6,0,0
6,0,0
6,0,0
6,0,0
6,0,0
6,0,0
6,1,1
6,0,1
6,1,1
6,0,0
6,0,0
6,0,0
6,0,0
6,0,0
6,0,0
6,1,1
6,0,0
6,0,0
6,0,0
6,0,0
6,0,0
6,0,0
6,0,0
6,0,0
6,0,0
6,0,0
6,0,0
6,0,0
6,0,0
6,0,0
6,0,0
6,0,0
6,0,0
6,0,0
6,0,0
6,0,0
6,0,0
6,0,0
6,0,0
6,0,0
6,0,0
6,0,0
6,0,0
6,0,0
6,0,0
6,1,1
6,0,0
6,0,0
6,0,0
6,0,0
6,0,0
6,0,0
6,0,0
6,0,0
6,0,1
6,0,0
6,0,0
6,0,0
6,0,0
6,0,0
6,0,0
6,0,0
6,0,1
6,0,0
6,0,0
6,0,0
6,0,0
6,0,0
6,0,0
6,0,1
6,0,0
6,0,0
6,0,0
6,0,0
6,1,1
6,0,0
6,0,0
6,0,0
6,0,0
6,0,1
6,1,1
6,0,0
6,0,0
6,0,0
6,0,0
6,0,0
6,0,0
Total DB Queries This Round: 8150
Total time spent this round in seconds: 186.1334764957428
6,0,0
6,0,0
6,0,0
6,0,0
6,0,0
6,0,0
6,1,1
6,1,1
6,0,0
6,0,0
6,0,0
6,0,0
6,0,0
6,0,0
6,0,0
6,0,0
6,0,0
6,0,0
6,0,0
6,0,0
6,0,0
6,0,0
6,0,0
6,0,0
6,0,0
6,0,0
6,0,0
6,0,0
6,1,1
6,0,0
6,0,0
6,0,0
6,0,0
6,0,0
6,0,0
6,0,0
6,0,0
6,0,0
6,0,0
6,0,0
6,0,0
6,0,0
6,0,0
6,1,1
6,0,0
6,0,0
6,0,0
6,0,0
6,0,0
6,0,0
6,0,0
6,0,0
6,0,0
6,0,0
6,0,0
6,0,0
6,0,0
6,0,0
6,0,0
6,0,0
6,0,0
6,0,0
6,0,0
6,0,0
6,1,1
6,0,0
6,0,0
6,0,0
6,0,0
6,0,0
6,0,0
6,0,0
6,0,0
6,0,0
6,0,0
6,0,0
6,0,0
6,0,0
6,0,0
6,0,0
6,0,0
6,0,0
6,0,0
6,0,0
6,0,0
6,0,0
6,0,0
6,0,0
6,0,0
6,0,0
6,0,0
6,0,0
6,0,0
6,0,0
6,1,1
6,0,0
6,0,0
6,0,0
6,0,0
6,0,0
Total DB Queries This Round: 6334
Total time spent this round in seconds: 146.06526350975037
6,0,0
6,0,0
6,0,0
6,0,0
6,0,0
6,0,0
6,0,0
6,0,0
6,0,0
6,0,0
6,0,0
6,0,0
6,0,0
6,1,1
6,0,0
6,0,0
6,0,0
6,0,0
6,0,0
6,0,0
6,1,0
6,0,0
6,0,0
6,0,0
6,0,0
6,0,0
6,0,0
6,0,0
6,0,0
6,0,0
6,0,0
6,0,0
6,0,0
6,0,0
6,0,0
6,0,0
6,0,0
6,0,0
6,0,0
6,0,0
6,0,0
6,0,0
6,0,0
6,0,0
6,0,0
6,0,0
6,0,0
6,0,0
6,0,0
6,0,0
6,0,0
6,1,1
6,0,0
6,0,0
6,0,0
6,0,0
6,0,0
6,0,0
6,0,0
6,0,0
6,0,0
6,0,0
6,0,0
6,0,1
6,0,0
6,1,1
6,0,0
6,0,0
6,0,0
6,0,0
6,1,1
6,0,1
6,0,0
6,0,0
6,0,0
6,0,0
6,0,0
6,0,0
6,0,0
6,0,0
6,0,0
6,0,0
6,0,0
6,0,0
6,0,0
6,0,0
6,0,0
6,0,0
6,0,0
6,0,0
6,0,0
6,0,0
6,1,1
6,0,0
6,0,0
6,0,0
6,0,0
6,0,0
6,0,0
6,0,0
Total DB Queries This Round: 5368
Total time spent this round in seconds: 120.3597354888916
6,0,0
6,1,1
6,0,0
6,0,0
6,0,0
6,0,0
6,0,0
6,0,0
6,0,0
6,0,0
6,1,1
6,0,0
6,0,0
6,0,0
6,0,1
6,0,1
6,0,0
6,0,0
6,0,1
6,0,1
6,0,0
6,0,0
6,1,1
6,0,0
6,0,0
6,0,0
6,0,0
6,0,0
6,0,0
6,0,0
6,0,0
6,0,0
6,0,0
6,0,0
6,0,0
6,0,0
6,0,0
6,0,0
6,0,0
6,0,0
6,0,0
6,0,0
6,0,0
6,0,0
6,0,0
6,0,0
6,0,0
6,0,0
6,0,0
6,0,0
6,0,0
6,0,0
6,0,0
6,0,0
6,0,0
6,0,0
6,0,0
6,0,0
6,0,0
6,0,0
6,0,0
6,0,0
6,0,1
6,0,0
6,1,1
6,0,0
6,0,0
6,0,0
6,0,0
6,0,0
6,0,0
6,0,0
6,0,0
6,0,0
6,0,0
6,0,0
6,0,1
6,0,0
6,0,0
6,0,0
6,0,0
6,0,0
6,0,0
6,1,0
6,0,0
6,0,0
6,0,0
6,0,0
6,0,0
6,0,0
6,0,0
6,0,0
6,0,0
6,0,0
6,1,1
6,0,0
6,0,0
6,0,0
6,0,0
6,0,0
Total DB Queries This Round: 8367
Total time spent this round in seconds: 181.03259468078613
6,0,0
6,0,0
6,0,0
6,0,0
6,0,0
6,0,0
6,1,1
6,0,0
6,0,0
6,0,0
6,0,0
6,0,0
6,0,0
6,0,0
6,0,0
6,0,0
6,0,0
6,0,0
6,0,0
6,1,1
6,0,0
6,0,0
6,0,0
6,0,0
6,0,0
6,0,0
6,0,0
6,0,0
6,0,0
6,0,0
6,0,0
6,0,0
6,0,0
6,0,0
6,0,0
6,0,0
6,0,0
6,0,0
6,0,0
6,0,0
6,0,0
6,0,0
6,0,0
6,0,0
6,0,0
6,0,0
6,0,0
6,0,0
6,0,0
6,0,0
6,0,0
6,0,0
6,0,0
6,0,0
6,0,0
6,0,0
6,0,0
6,0,0
6,0,0
6,0,0
6,0,0
6,0,0
6,1,1
6,0,0
6,0,0
6,0,0
6,0,0
6,0,0
6,0,0
6,0,0
6,0,0
6,0,0
6,0,0
6,0,0
6,0,0
6,0,0
6,0,0
6,0,0
6,0,0
6,0,0
6,0,0
6,0,0
6,0,0
6,0,0
6,1,1
6,0,0
6,0,0
6,0,0
6,0,0
6,0,0
6,0,0
6,0,0
6,0,0
6,1,1
6,0,0
6,1,1
6,0,0
6,0,0
6,0,0
6,0,0
Total DB Queries This Round: 8079
Total time spent this round in seconds: 176.21358966827393
6,1,1
6,0,0
6,0,0
6,0,0
6,0,0
6,0,0
6,0,0
6,0,0
6,0,0
6,1,1
6,0,0
6,0,0
6,0,0
6,0,0
6,0,0
6,0,0
6,0,0
6,0,0
6,0,0
6,0,0
6,0,0
6,0,0
6,0,0
6,0,0
6,0,0
6,0,0
6,0,0
6,0,1
6,0,0
6,0,0
6,0,0
6,0,0
6,0,0
6,0,0
6,1,1
6,0,0
6,0,0
6,0,0
6,0,0
6,0,0
6,0,0
6,0,0
6,0,0
6,0,0
6,0,0
6,0,1
6,0,0
6,0,0
6,0,0
6,0,0
6,0,1
6,0,0
6,0,0
6,0,0
6,0,0
6,0,0
6,0,0
6,0,0
6,0,1
6,0,0
6,0,0
6,0,0
6,0,0
6,1,1
6,0,0
6,0,0
6,1,1
6,0,0
6,0,0
6,0,0
6,0,0
6,0,0
6,0,1
6,0,0
6,1,1
6,0,0
6,0,0
6,0,0
6,0,0
6,0,0
6,0,0
6,0,0
6,0,0
6,0,0
6,0,0
6,0,0
6,0,0
6,0,0
6,0,0
6,0,0
6,0,0
6,0,0
6,0,0
6,0,0
6,0,0
6,0,0
6,0,0
6,0,0
6,0,0
6,0,0
Total DB Queries This Round: 8190
Total time spent this round in seconds: 178.5795021057129
6,0,0
6,0,0
6,0,0
6,0,0
6,0,0
6,0,0
6,0,0
6,0,0
6,1,1
6,0,0
6,0,0
6,0,0
6,0,0
6,0,0
6,0,0
6,0,0
6,0,0
6,0,0
6,0,0
6,0,0
6,1,1
6,0,0
6,0,0
6,0,0
6,0,0
6,0,0
6,0,0
6,0,1
6,0,0
6,0,0
6,0,0
6,0,0
6,0,0
6,0,0
6,0,0
6,1,1
6,0,1
6,0,0
6,0,0
6,1,1
6,0,0
6,0,0
6,0,0
6,0,0
6,0,0
6,0,0
6,0,1
6,0,0
6,0,0
6,0,0
6,0,0
6,0,0
6,0,0
6,0,1
6,0,1
6,0,0
6,0,1
6,0,0
6,0,0
6,0,0
6,0,0
6,0,0
6,0,0
6,0,0
6,0,0
6,0,0
6,0,0
6,0,0
6,0,1
6,0,0
6,0,0
6,0,0
6,0,0
6,0,0
6,1,1
6,0,0
6,0,1
6,0,0
6,0,0
6,0,0
6,0,0
6,0,0
6,0,0
6,0,0
6,0,0
6,0,0
6,0,1
6,0,0
6,0,0
6,0,0
6,0,0
6,0,0
6,0,0
6,0,0
6,0,0
6,0,0
6,0,0
6,0,0
6,1,1
6,0,0
Total DB Queries This Round: 8279
Total time spent this round in seconds: 185.7494580745697
6,0,0
6,0,0
6,0,0
6,0,0
6,0,0
6,0,0
6,0,0
6,0,0
6,0,0
6,0,0
6,0,0
6,0,0
6,0,0
6,0,0
6,0,0
6,0,0
6,0,0
6,0,1
6,0,0
6,0,0
6,0,0
6,0,0
6,0,0
6,0,0
6,0,0
6,0,0
6,0,0
6,0,0
6,0,0
6,0,0
6,0,0
6,0,0
6,0,0
6,0,0
6,0,0
6,0,0
6,0,0
6,0,0
6,0,0
6,0,0
6,0,0
6,0,0
6,0,0
6,0,0
6,0,0
6,0,0
6,0,0
6,0,1
6,0,0
6,0,0
6,0,0
6,0,0
6,0,0
6,1,1
6,0,0
6,0,0
6,1,1
6,0,0
6,0,0
6,0,0
6,0,0
6,0,0
6,0,0
6,0,0
6,0,0
6,0,0
6,0,0
6,0,0
6,0,0
6,0,0
6,0,0
6,0,0
6,1,1
6,0,0
6,0,0
6,1,1
6,1,1
6,0,0
6,0,0
6,0,0
6,0,0
6,0,0
6,0,0
6,0,0
6,0,0
6,0,0
6,0,0
6,0,0
6,0,0
6,0,0
6,0,0
6,0,0
6,0,0
6,0,0
6,0,0
6,1,1
6,0,0
6,0,0
6,0,0
6,0,0
Total DB Queries This Round: 5689
Total time spent this round in seconds: 125.99959373474121
6,0,0
6,0,0
6,0,0
6,0,0
6,0,0
6,0,0
6,0,0
6,0,0
6,0,0
6,0,0
6,0,0
6,0,1
6,0,0
6,0,0
6,0,0
6,0,0
6,0,0
6,0,0
6,0,0
6,0,0
6,0,0
6,0,0
6,0,0
6,0,0
6,0,0
6,0,0
6,0,0
6,0,0
6,0,0
6,0,0
6,0,0
6,0,1
6,0,0
6,1,1
6,0,0
6,0,0
6,0,0
6,0,0
6,0,0
6,0,0
6,0,0
6,0,0
6,0,0
6,0,0
6,0,0
6,0,0
6,0,0
6,0,0
6,0,0
6,0,0
6,1,1
6,0,0
6,0,0
6,0,1
6,0,0
6,0,0
6,0,0
6,1,1
6,0,0
6,0,0
6,0,0
6,0,0
6,0,0
6,0,0
6,0,0
6,0,0
6,1,1
6,0,0
6,0,0
6,0,0
6,1,1
6,0,0
6,0,0
6,0,0
6,0,0
6,0,0
6,0,0
6,0,0
6,0,0
6,0,0
6,0,0
6,0,0
6,0,0
6,0,0
6,0,0
6,0,0
6,0,0
6,1,0
6,0,0
6,0,1
6,0,0
6,0,0
6,0,1
6,0,1
6,0,0
6,0,0
6,0,0
6,0,1
6,0,0
6,0,0
Total DB Queries This Round: 6182
Total time spent this round in seconds: 134.69185256958008
6,0,0
6,0,0
6,0,0
6,0,0
6,0,0
6,0,0
6,0,0
6,0,0
6,0,0
6,0,0
6,0,0
6,0,0
6,0,0
6,0,0
6,0,0
6,0,0
6,0,0
6,0,0
6,0,0
6,0,0
6,0,0
6,0,0
6,0,0
6,0,0
6,0,0
6,0,0
6,0,0
6,0,0
6,1,1
6,0,0
6,0,0
6,1,1
6,0,0
6,0,0
6,0,0
6,0,0
6,0,0
6,0,0
6,0,0
6,1,1
6,0,0
6,0,0
6,0,0
6,0,0
6,0,1
6,0,0
6,0,1
6,0,0
6,0,0
6,0,0
6,0,0
6,0,0
6,0,0
6,0,0
6,0,0
6,0,0
6,1,1
6,0,0
6,0,0
6,0,0
6,0,0
6,0,0
6,0,0
6,0,0
6,0,0
6,1,0
6,0,0
6,0,0
6,0,0
6,0,0
6,0,0
6,0,0
6,0,0
6,0,0
6,0,0
6,0,0
6,0,0
6,0,0
6,0,0
6,0,0
6,0,0
6,0,0
6,0,0
6,0,1
6,0,0
6,0,0
6,1,1
6,0,0
6,0,0
6,0,0
6,0,0
6,0,0
6,0,0
6,0,0
6,0,0
6,0,0
6,0,0
6,0,0
6,0,0
6,0,1
Total DB Queries This Round: 9586
Total time spent this round in seconds: 219.01427674293518
PERCENT IN TABLE OF 100: 7%
7,0,0
7,0,0
7,0,0
7,0,0
7,0,0
7,0,0
7,0,0
7,0,0
7,0,0
7,1,1
7,0,0
7,0,0
7,0,0
7,0,0
7,0,0
7,0,1
7,0,1
7,0,0
7,0,0
7,0,0
7,0,0
7,0,0
7,0,0
7,0,0
7,0,0
7,1,1
7,0,0
7,0,0
7,0,1
7,0,0
7,0,0
7,0,0
7,0,0
7,0,0
7,0,0
7,0,0
7,0,0
7,0,0
7,0,0
7,0,0
7,0,0
7,0,0
7,1,1
7,0,0
7,0,0
7,0,0
7,0,0
7,0,0
7,1,1
7,0,0
7,0,0
7,0,0
7,0,0
7,0,0
7,0,0
7,0,0
7,0,0
7,0,0
7,0,1
7,0,1
7,0,0
7,0,0
7,0,0
7,0,0
7,0,0
7,0,0
7,0,0
7,0,0
7,0,0
7,0,0
7,0,0
7,0,0
7,0,0
7,1,1
7,0,0
7,0,0
7,0,0
7,0,0
7,0,0
7,0,0
7,0,0
7,0,0
7,0,0
7,1,1
7,0,0
7,0,0
7,0,0
7,0,0
7,0,0
7,0,0
7,0,0
7,0,0
7,0,0
7,0,0
7,0,0
7,1,1
7,0,0
7,0,0
7,0,0
7,0,0
Total DB Queries This Round: 17241
Total time spent this round in seconds: 538.298398733139
7,0,0
7,0,0
7,0,0
7,0,0
7,0,0
7,0,0
7,0,0
7,0,0
7,0,0
7,0,0
7,0,0
7,0,0
7,0,0
7,0,0
7,0,0
7,0,0
7,0,0
7,0,0
7,0,0
7,0,0
7,0,0
7,0,0
7,0,0
7,0,0
7,0,0
7,1,1
7,0,0
7,0,0
7,0,0
7,0,0
7,0,0
7,0,0
7,0,0
7,0,0
7,1,1
7,0,1
7,0,0
7,0,0
7,0,0
7,0,0
7,0,0
7,0,0
7,0,0
7,0,0
7,0,0
7,0,0
7,0,0
7,0,0
7,0,0
7,0,0
7,0,0
7,0,0
7,0,0
7,0,0
7,0,0
7,0,0
7,0,0
7,0,0
7,0,0
7,0,0
7,0,0
7,0,0
7,0,0
7,0,0
7,0,0
7,0,0
7,0,0
7,0,0
7,0,1
7,0,0
7,0,0
7,0,0
7,0,0
7,0,0
7,1,1
7,0,0
7,0,0
7,0,0
7,0,0
7,0,0
7,0,0
7,0,0
7,0,0
7,1,0
7,0,0
7,0,0
7,0,0
7,0,0
7,0,0
7,0,0
7,0,0
7,0,0
7,0,0
7,0,0
7,0,0
7,1,1
7,1,1
7,1,1
7,0,0
7,0,0
Total DB Queries This Round: 10654
Total time spent this round in seconds: 328.8964660167694
7,0,0
7,0,0
7,0,0
7,0,0
7,0,0
7,0,0
7,0,0
7,0,0
7,0,0
7,0,0
7,0,0
7,0,0
7,0,0
7,0,0
7,0,0
7,0,0
7,0,0
7,0,0
7,0,0
7,0,0
7,0,0
7,0,0
7,0,0
7,0,0
7,0,0
7,0,0
7,0,0
7,0,0
7,0,0
7,0,0
7,0,0
7,0,0
7,0,0
7,0,0
7,0,0
7,0,0
7,0,0
7,0,0
7,0,0
7,0,0
7,0,0
7,0,0
7,0,0
7,0,0
7,1,1
7,0,0
7,0,0
7,0,0
7,0,0
7,0,1
7,1,1
7,1,1
7,0,0
7,0,0
7,0,0
7,0,1
7,0,0
7,0,0
7,0,0
7,0,1
7,0,1
7,0,1
7,0,0
7,0,0
7,0,0
7,0,0
7,0,0
7,0,0
7,0,0
7,0,1
7,0,1
7,0,0
7,0,0
7,0,0
7,0,0
7,0,0
7,0,0
7,0,0
7,0,0
7,0,0
7,0,0
7,0,0
7,0,0
7,0,0
7,0,0
7,0,0
7,0,0
7,0,0
7,1,1
7,0,0
7,0,0
7,0,0
7,0,0
7,1,1
7,0,0
7,0,0
7,1,1
7,1,1
7,0,0
7,0,0
Total DB Queries This Round: 17841
Total time spent this round in seconds: 560.9346392154694
7,1,1
7,0,0
7,0,0
7,0,0
7,0,0
7,0,0
7,0,0
7,0,0
7,0,0
7,0,0
7,0,0
7,0,0
7,0,0
7,0,0
7,0,0
7,1,1
7,0,1
7,0,0
7,0,0
7,0,1
7,0,0
7,0,0
7,0,0
7,0,0
7,0,0
7,0,1
7,0,0
7,0,0
7,0,0
7,0,0
7,0,0
7,0,0
7,0,0
7,0,0
7,0,0
7,0,0
7,0,0
7,0,0
7,0,0
7,0,0
7,0,1
7,0,0
7,0,0
7,0,0
7,0,0
7,0,0
7,0,0
7,0,0
7,0,0
7,0,0
7,0,0
7,0,0
7,0,0
7,1,1
7,0,1
7,0,0
7,0,0
7,0,0
7,0,0
7,0,0
7,0,0
7,1,1
7,0,0
7,0,1
7,0,0
7,0,0
7,0,0
7,0,0
7,0,0
7,0,0
7,0,0
7,0,0
7,0,0
7,0,1
7,0,0
7,0,0
7,0,0
7,0,0
7,0,0
7,0,0
7,1,1
7,0,0
7,0,0
7,0,0
7,0,0
7,0,0
7,0,0
7,0,0
7,0,0
7,0,0
7,0,0
7,0,0
7,0,0
7,0,0
7,1,1
7,0,0
7,0,0
7,1,1
7,0,0
7,0,0
Total DB Queries This Round: 17341
Total time spent this round in seconds: 400.6524953842163
7,0,0
7,0,0
7,0,0
7,0,0
7,0,0
7,0,0
7,0,0
7,0,0
7,0,0
7,0,0
7,0,0
7,0,0
7,0,0
7,0,0
7,0,0
7,0,0
7,0,0
7,0,0
7,0,0
7,0,0
7,0,0
7,0,0
7,0,0
7,0,0
7,0,0
7,0,0
7,0,0
7,0,0
7,0,1
7,0,0
7,0,0
7,0,0
7,0,0
7,1,1
7,0,0
7,0,0
7,0,0
7,0,0
7,0,0
7,0,0
7,0,0
7,0,0
7,0,0
7,1,1
7,0,0
7,0,0
7,0,1
7,0,0
7,0,0
7,1,1
7,0,0
7,0,0
7,0,0
7,0,0
7,0,0
7,0,0
7,0,0
7,0,0
7,0,0
7,0,0
7,0,0
7,0,0
7,0,0
7,0,0
7,0,0
7,0,0
7,0,0
7,0,0
7,0,0
7,0,1
7,0,0
7,0,0
7,0,0
7,0,0
7,0,0
7,0,0
7,0,0
7,0,0
7,0,0
7,0,0
7,0,0
7,0,0
7,0,0
7,1,1
7,0,0
7,0,0
7,0,0
7,1,1
7,0,0
7,0,0
7,1,1
7,0,0
7,1,1
7,0,0
7,0,0
7,0,0
7,0,0
7,0,0
7,0,0
7,0,0
Total DB Queries This Round: 13556
Total time spent this round in seconds: 358.6980242729187
7,0,0
7,0,0
7,0,0
7,0,0
7,0,0
7,0,0
7,0,0
7,0,0
7,0,0
7,0,0
7,1,1
7,0,1
7,0,0
7,0,0
7,0,0
7,0,0
7,0,0
7,0,0
7,0,0
7,0,0
7,0,0
7,0,1
7,0,0
7,0,0
7,0,0
7,0,0
7,1,1
7,0,0
7,0,0
7,0,1
7,0,0
7,1,1
7,0,0
7,0,0
7,0,0
7,0,0
7,0,0
7,0,0
7,1,1
7,0,0
7,0,0
7,0,0
7,0,1
7,0,1
7,0,0
7,0,0
7,0,0
7,0,0
7,0,0
7,0,0
7,1,1
7,0,0
7,0,0
7,0,0
7,0,0
7,0,0
7,0,0
7,0,0
7,0,0
7,0,0
7,0,0
7,0,0
7,0,0
7,0,0
7,0,1
7,0,1
7,0,0
7,0,0
7,0,0
7,0,0
7,0,0
7,0,0
7,0,0
7,0,0
7,0,0
7,0,0
7,0,0
7,0,0
7,1,1
7,0,0
7,0,0
7,0,0
7,0,0
7,0,0
7,0,0
7,0,0
7,0,0
7,0,0
7,0,0
7,0,1
7,0,0
7,0,0
7,0,0
7,0,0
7,0,0
7,1,1
7,0,0
7,0,0
7,0,0
7,0,0
Total DB Queries This Round: 13381
Total time spent this round in seconds: 413.4845449924469
7,0,0
7,0,0
7,0,1
7,1,1
7,0,0
7,0,0
7,0,0
7,0,0
7,0,0
7,0,0
7,0,0
7,0,1
7,0,0
7,0,0
7,0,0
7,0,0
7,0,0
7,0,0
7,0,0
7,0,0
7,0,0
7,0,0
7,0,0
7,0,0
7,0,0
7,0,0
7,0,0
7,0,0
7,0,0
7,0,0
7,0,0
7,0,0
7,0,0
7,0,0
7,0,0
7,0,0
7,0,0
7,0,0
7,0,0
7,0,0
7,0,0
7,0,0
7,1,1
7,0,1
7,0,0
7,0,0
7,0,0
7,0,0
7,0,0
7,0,0
7,0,0
7,0,0
7,0,0
7,0,0
7,0,0
7,0,0
7,0,0
7,0,0
7,0,0
7,0,0
7,0,0
7,0,0
7,0,0
7,0,0
7,0,0
7,0,0
7,0,0
7,0,1
7,1,1
7,0,0
7,1,1
7,0,0
7,0,0
7,0,0
7,0,0
7,0,0
7,0,0
7,0,0
7,0,0
7,0,0
7,0,0
7,0,0
7,1,1
7,0,0
7,0,0
7,0,0
7,0,1
7,0,0
7,0,0
7,0,0
7,0,0
7,0,0
7,0,0
7,0,0
7,0,0
7,1,1
7,0,0
7,0,0
7,1,1
7,0,0
Total DB Queries This Round: 11472
Total time spent this round in seconds: 359.3265314102173
7,1,1
7,0,0
7,0,0
7,0,0
7,0,0
7,0,0
7,0,0
7,0,0
7,0,0
7,0,0
7,0,0
7,1,1
7,0,0
7,0,0
7,0,0
7,0,0
7,0,0
7,0,0
7,0,0
7,0,0
7,0,0
7,0,0
7,0,0
7,0,0
7,0,1
7,0,1
7,0,0
7,0,0
7,0,0
7,0,0
7,0,0
7,0,0
7,0,0
7,0,0
7,0,1
7,0,0
7,0,0
7,0,0
7,1,1
7,0,0
7,0,0
7,0,0
7,0,0
7,0,0
7,0,0
7,0,0
7,0,0
7,0,0
7,0,0
7,0,0
7,0,0
7,0,0
7,0,0
7,0,0
7,1,1
7,0,0
7,0,0
7,0,0
7,0,0
7,1,1
7,0,0
7,0,0
7,0,0
7,0,0
7,0,0
7,0,0
7,0,0
7,0,0
7,0,0
7,0,0
7,0,0
7,0,0
7,0,0
7,0,0
7,0,0
7,0,0
7,0,0
7,0,0
7,0,0
7,0,0
7,0,0
7,0,0
7,0,0
7,0,0
7,0,0
7,0,0
7,0,0
7,0,0
7,0,1
7,1,1
7,0,0
7,0,0
7,0,0
7,0,0
7,0,0
7,0,1
7,0,0
7,0,0
7,1,1
7,0,0
Total DB Queries This Round: 11803
Total time spent this round in seconds: 365.2550678253174
7,0,0
7,0,0
7,0,0
7,0,0
7,0,0
7,0,0
7,0,0
7,0,0
7,0,0
7,0,0
7,0,0
7,0,0
7,0,0
7,0,0
7,0,0
7,1,1
7,0,1
7,0,0
7,0,0
7,0,0
7,0,0
7,0,0
7,0,0
7,0,0
7,0,0
7,0,0
7,0,0
7,0,0
7,0,0
7,0,0
7,0,0
7,0,0
7,0,0
7,0,0
7,0,0
7,0,0
7,0,0
7,0,0
7,0,0
7,1,1
7,0,0
7,0,0
7,0,0
7,0,0
7,0,0
7,0,0
7,0,0
7,0,0
7,1,1
7,1,1
7,0,0
7,0,0
7,0,0
7,0,0
7,0,0
7,0,0
7,0,0
7,0,0
7,0,0
7,0,0
7,0,0
7,0,0
7,0,0
7,0,0
7,0,0
7,0,0
7,0,0
7,1,1
7,0,0
7,0,0
7,0,0
7,0,0
7,0,0
7,0,0
7,0,0
7,0,0
7,0,0
7,0,1
7,0,0
7,0,1
7,0,1
7,0,0
7,0,0
7,0,0
7,0,0
7,0,0
7,0,0
7,0,0
7,0,0
7,0,0
7,0,0
7,0,0
7,0,0
7,0,0
7,0,0
7,0,0
7,1,1
7,1,1
7,0,0
7,0,0
Total DB Queries This Round: 13266
Total time spent this round in seconds: 410.2814300060272
7,0,0
7,0,0
7,0,0
7,0,0
7,0,0
7,0,0
7,0,0
7,1,1
7,0,0
7,0,0
7,0,0
7,0,0
7,0,0
7,0,0
7,0,0
7,0,0
7,0,0
7,0,0
7,0,0
7,0,0
7,0,0
7,0,0
7,0,1
7,0,0
7,0,0
7,0,0
7,0,0
7,0,0
7,0,0
7,1,1
7,0,0
7,0,0
7,0,0
7,0,0
7,0,0
7,0,0
7,0,0
7,0,0
7,0,0
7,0,0
7,0,0
7,0,0
7,0,0
7,0,0
7,0,0
7,0,0
7,0,0
7,0,0
7,0,0
7,0,0
7,0,0
7,0,0
7,0,0
7,0,0
7,1,1
7,0,1
7,0,0
7,0,0
7,0,0
7,0,0
7,0,1
7,0,0
7,0,0
7,0,0
7,0,0
7,0,0
7,0,0
7,0,0
7,0,0
7,0,0
7,0,0
7,0,0
7,0,0
7,0,0
7,0,0
7,0,0
7,1,0
7,0,0
7,0,0
7,0,0
7,0,0
7,1,1
7,0,0
7,1,1
7,0,0
7,0,1
7,0,0
7,1,1
7,0,0
7,0,0
7,0,0
7,0,0
7,0,0
7,0,0
7,0,0
7,0,0
7,0,1
7,0,0
7,0,0
7,0,0
Total DB Queries This Round: 16696
Total time spent this round in seconds: 517.3695635795593
PERCENT IN TABLE OF 100: 8%
8,0,0
8,0,0
8,0,0
8,0,0
8,0,0
8,0,0
8,0,0
8,1,1
8,0,0
8,0,0
8,0,0
8,0,0
8,0,0
8,0,0
8,0,0
8,0,0
8,0,0
8,0,0
8,0,0
8,0,0
8,0,0
8,0,0
8,0,0
8,0,0
8,0,0
8,0,0
8,0,0
8,0,0
8,0,0
8,0,0
8,0,0
8,0,0
8,1,0
8,0,0
8,0,0
8,0,0
8,1,1
8,0,0
8,0,0
8,0,0
8,0,0
8,0,0
8,1,0
8,0,0
8,1,1
8,0,0
8,0,0
8,0,0
8,0,0
8,0,0
8,0,0
8,0,0
8,1,0
8,0,0
8,0,0
8,0,0
8,0,0
8,0,0
8,0,0
8,0,0
8,0,0
8,0,0
8,0,0
8,0,0
8,0,0
8,0,0
8,0,0
8,0,0
8,0,0
8,0,0
8,0,0
8,0,0
8,0,0
8,0,0
8,0,0
8,1,1
8,0,0
8,0,0
8,0,0
8,0,0
8,0,0
8,0,0
8,0,0
8,0,0
8,0,0
8,0,0
8,0,0
8,0,0
8,0,0
8,0,0
8,0,0
8,0,0
8,0,0
8,0,0
8,0,0
8,0,0
8,1,1
8,0,0
8,0,0
8,0,0
Total DB Queries This Round: 13733
Total time spent this round in seconds: 415.1139636039734
8,0,0
8,0,0
8,0,0
8,0,0
8,0,0
8,0,0
8,0,0
8,1,1
8,0,0
8,0,0
8,0,0
8,0,0
8,0,0
8,0,0
8,0,0
8,0,1
8,0,0
8,0,0
8,0,0
8,0,0
8,0,0
8,0,0
8,0,0
8,0,0
8,0,0
8,0,0
8,0,0
8,0,0
8,0,1
8,0,0
8,1,1
8,0,0
8,0,0
8,0,0
8,0,0
8,0,0
8,1,1
8,0,1
8,0,0
8,0,0
8,0,0
8,0,0
8,0,0
8,1,0
8,0,0
8,0,0
8,0,0
8,0,0
8,0,0
8,0,0
8,0,0
8,0,0
8,0,0
8,0,0
8,0,0
8,1,1
8,0,0
8,0,0
8,0,0
8,0,0
8,0,0
8,0,0
8,1,1
8,0,1
8,0,0
8,0,0
8,0,0
8,0,0
8,0,0
8,0,0
8,0,0
8,0,0
8,0,1
8,0,0
8,0,0
8,0,0
8,0,0
8,0,0
8,0,0
8,0,0
8,0,0
8,1,1
8,0,0
8,0,0
8,0,0
8,0,0
8,1,1
8,0,0
8,0,0
8,0,0
8,0,0
8,0,0
8,0,0
8,0,0
8,0,0
8,0,0
8,0,0
8,0,0
8,0,0
8,0,0
Total DB Queries This Round: 17401
Total time spent this round in seconds: 538.9297676086426
8,0,0
8,0,0
8,0,0
8,0,0
8,0,0
8,0,0
8,0,0
8,0,0
8,0,0
8,0,0
8,0,0
8,0,0
8,0,0
8,0,0
8,0,0
8,0,0
8,0,0
8,0,0
8,0,0
8,0,0
8,0,0
8,0,0
8,0,0
8,0,0
8,0,0
8,0,0
8,0,0
8,1,1
8,0,0
8,0,0
8,0,0
8,0,0
8,1,1
8,0,0
8,0,0
8,1,0
8,0,0
8,0,0
8,0,0
8,0,0
8,0,0
8,0,0
8,1,0
8,0,0
8,0,0
8,0,0
8,0,0
8,0,0
8,0,0
8,0,0
8,0,0
8,0,0
8,0,0
8,0,0
8,0,0
8,0,0
8,0,0
8,0,0
8,0,0
8,0,0
8,0,0
8,0,0
8,0,0
8,0,0
8,0,0
8,0,0
8,0,0
8,0,0
8,0,0
8,1,1
8,0,0
8,0,0
8,0,0
8,0,0
8,0,0
8,0,0
8,0,0
8,0,0
8,1,1
8,0,0
8,0,0
8,0,0
8,0,0
8,0,0
8,0,0
8,0,0
8,0,0
8,0,0
8,0,0
8,0,0
8,0,0
8,0,0
8,0,0
8,0,0
8,0,0
8,0,0
8,1,0
8,0,0
8,0,0
8,1,1
Total DB Queries This Round: 13347
Total time spent this round in seconds: 402.9952037334442
8,0,0
8,0,0
8,0,0
8,0,1
8,0,0
8,0,0
8,0,0
8,0,0
8,0,0
8,0,0
8,0,0
8,0,0
8,0,0
8,0,0
8,0,0
8,0,0
8,0,1
8,1,1
8,0,0
8,0,0
8,0,0
8,0,0
8,0,0
8,0,0
8,0,1
8,0,0
8,0,0
8,0,0
8,0,0
8,0,1
8,0,0
8,0,0
8,0,0
8,0,1
8,0,0
8,0,0
8,1,1
8,1,1
8,0,0
8,0,1
8,0,1
8,1,1
8,0,0
8,0,0
8,0,0
8,0,0
8,0,1
8,0,0
8,0,0
8,0,0
8,1,1
8,0,0
8,0,0
8,0,0
8,0,0
8,0,0
8,1,1
8,0,0
8,0,0
8,0,0
8,0,0
8,0,0
8,0,0
8,0,0
8,0,0
8,0,0
8,0,0
8,0,0
8,0,0
8,0,0
8,1,1
8,0,0
8,0,0
8,0,0
8,1,1
8,0,0
8,0,0
8,0,0
8,0,0
8,0,0
8,0,0
8,0,0
8,0,0
8,0,0
8,0,0
8,0,0
8,0,0
8,0,0
8,0,0
8,0,0
8,0,0
8,0,0
8,0,0
8,0,0
8,0,0
8,0,0
8,0,1
8,0,0
8,0,0
8,0,0
Total DB Queries This Round: 18047
Total time spent this round in seconds: 550.3488054275513
8,0,0
8,0,1
8,0,0
8,0,0
8,0,0
8,0,0
8,0,0
8,0,0
8,0,0
8,0,0
8,1,1
8,0,0
8,0,0
8,0,0
8,0,0
8,0,0
8,0,0
8,0,0
8,0,0
8,0,0
8,0,0
8,0,0
8,0,0
8,0,0
8,0,0
8,0,0
8,0,0
8,0,0
8,0,0
8,0,0
8,0,0
8,0,0
8,0,1
8,0,0
8,0,1
8,0,0
8,0,0
8,0,0
8,1,1
8,0,0
8,1,1
8,0,1
8,0,0
8,0,0
8,0,0
8,0,0
8,0,0
8,0,0
8,0,0
8,1,1
8,0,0
8,0,0
8,0,0
8,0,0
8,0,0
8,1,1
8,0,0
8,0,0
8,0,0
8,0,1
8,0,0
8,0,0
8,0,0
8,0,0
8,0,0
8,0,0
8,0,0
8,0,0
8,0,0
8,0,0
8,0,0
8,0,0
8,0,0
8,0,0
8,1,1
8,0,0
8,0,0
8,0,0
8,0,0
8,1,0
8,0,0
8,0,0
8,0,0
8,0,0
8,0,0
8,0,0
8,0,0
8,0,0
8,1,1
8,0,0
8,0,0
8,0,0
8,0,0
8,0,0
8,0,0
8,0,0
8,0,0
8,0,0
8,0,0
8,0,0
Total DB Queries This Round: 17382
Total time spent this round in seconds: 384.83176279067993
8,0,0
8,0,0
8,1,0
8,0,0
8,0,0
8,0,0
8,0,0
8,0,0
8,0,0
8,0,0
8,0,0
8,0,0
8,0,0
8,0,0
8,0,0
8,0,0
8,0,0
8,0,0
8,0,0
8,0,0
8,0,0
8,0,0
8,0,0
8,0,0
8,0,0
8,0,0
8,0,0
8,0,0
8,0,0
8,1,1
8,0,0
8,1,1
8,0,0
8,0,0
8,0,0
8,0,0
8,0,0
8,0,0
8,1,1
8,0,0
8,0,0
8,0,0
8,0,0
8,0,0
8,0,0
8,0,0
8,0,0
8,0,1
8,0,0
8,0,0
8,0,0
8,0,0
8,0,0
8,0,0
8,0,0
8,0,0
8,0,0
8,0,0
8,0,0
8,0,0
8,0,0
8,0,0
8,1,1
8,1,1
8,0,0
8,0,0
8,0,0
8,0,0
8,0,0
8,0,0
8,0,0
8,0,0
8,0,0
8,0,0
8,0,0
8,0,0
8,0,1
8,0,0
8,0,0
8,0,0
8,0,0
8,0,0
8,0,0
8,0,0
8,0,0
8,0,0
8,0,0
8,0,0
8,0,0
8,0,1
8,0,0
8,0,0
8,0,0
8,0,0
8,0,0
8,1,1
8,1,1
8,0,0
8,0,0
8,0,0
Total DB Queries This Round: 16299
Total time spent this round in seconds: 447.6741712093353
8,0,1
8,1,1
8,0,0
8,0,0
8,0,0
8,0,0
8,0,0
8,0,0
8,1,1
8,0,0
8,0,0
8,0,0
8,0,1
8,1,1
8,0,0
8,0,0
8,0,0
8,1,1
8,0,0
8,0,0
8,0,0
8,0,0
8,0,0
8,0,0
8,0,0
8,0,0
8,0,0
8,0,0
8,0,0
8,0,0
8,1,1
8,0,0
8,0,0
8,0,0
8,0,0
8,0,1
8,0,0
8,0,0
8,0,0
8,0,0
8,0,0
8,0,0
8,0,0
8,0,0
8,0,0
8,0,1
8,0,0
8,0,0
8,0,0
8,0,0
8,0,0
8,0,0
8,0,0
8,0,0
8,0,0
8,0,0
8,1,1
8,0,0
8,0,0
8,0,0
8,0,0
8,0,0
8,0,1
8,0,0
8,0,0
8,0,0
8,0,0
8,0,0
8,0,0
8,0,0
8,1,1
8,0,0
8,0,0
8,0,0
8,0,0
8,0,0
8,0,0
8,0,0
8,0,0
8,0,0
8,0,0
8,0,0
8,0,0
8,0,0
8,0,0
8,0,0
8,0,0
8,0,0
8,0,0
8,0,0
8,0,0
8,0,0
8,0,0
8,0,0
8,0,0
8,0,0
8,0,0
8,1,1
8,0,0
8,0,0
Total DB Queries This Round: 15600
Total time spent this round in seconds: 479.9827415943146
8,0,0
8,0,0
8,0,0
8,0,0
8,0,0
8,0,1
8,0,0
8,0,0
8,0,0
8,0,0
8,0,0
8,0,0
8,0,0
8,0,0
8,0,0
8,0,0
8,0,0
8,0,0
8,0,0
8,0,0
8,0,0
8,0,0
8,0,0
8,0,0
8,0,0
8,0,0
8,0,0
8,0,0
8,0,0
8,0,0
8,0,0
8,0,0
8,0,0
8,1,1
8,0,0
8,0,0
8,0,0
8,0,0
8,0,0
8,1,1
8,0,1
8,0,0
8,0,0
8,0,0
8,0,0
8,0,0
8,1,1
8,0,0
8,0,0
8,0,0
8,0,0
8,1,1
8,0,0
8,0,0
8,0,0
8,0,0
8,0,0
8,0,0
8,0,0
8,0,0
8,1,1
8,0,0
8,0,0
8,0,0
8,0,0
8,0,0
8,0,0
8,0,0
8,0,0
8,0,0
8,0,0
8,1,1
8,0,0
8,0,0
8,0,0
8,0,0
8,0,0
8,0,0
8,0,1
8,0,0
8,0,0
8,0,0
8,0,0
8,0,0
8,0,0
8,1,1
8,0,0
8,0,0
8,0,0
8,0,0
8,0,0
8,0,0
8,0,0
8,0,0
8,0,1
8,0,0
8,0,0
8,0,0
8,0,0
8,1,1
Total DB Queries This Round: 16410
Total time spent this round in seconds: 515.2125914096832
8,0,0
8,0,0
8,0,0
8,0,0
8,0,0
8,0,0
8,0,0
8,0,0
8,0,0
8,0,0
8,0,0
8,0,0
8,0,0
8,0,0
8,0,0
8,0,0
8,0,0
8,0,0
8,0,0
8,0,0
8,1,1
8,0,1
8,0,0
8,0,0
8,0,0
8,0,0
8,0,0
8,0,0
8,0,0
8,0,0
8,0,0
8,0,0
8,0,0
8,0,0
8,0,1
8,0,0
8,0,0
8,0,0
8,0,0
8,0,0
8,0,0
8,0,0
8,0,0
8,0,0
8,0,0
8,0,0
8,0,0
8,0,1
8,0,0
8,1,1
8,0,0
8,0,0
8,0,0
8,0,0
8,0,1
8,0,0
8,0,0
8,0,0
8,0,0
8,0,0
8,0,0
8,0,0
8,0,0
8,1,1
8,0,0
8,0,0
8,0,0
8,0,0
8,0,0
8,0,0
8,0,0
8,0,1
8,0,0
8,0,0
8,1,1
8,0,0
8,0,0
8,1,1
8,0,0
8,0,0
8,1,1
8,0,0
8,0,0
8,0,0
8,0,0
8,0,0
8,0,0
8,0,0
8,0,0
8,0,0
8,0,0
8,1,1
8,0,0
8,0,0
8,0,0
8,0,0
8,1,1
8,0,1
8,0,0
8,0,1
Total DB Queries This Round: 17890
Total time spent this round in seconds: 546.8304252624512
8,0,0
8,0,0
8,0,0
8,0,0
8,0,0
8,0,0
8,0,0
8,0,1
8,0,0
8,0,1
8,0,0
8,0,0
8,0,0
8,0,0
8,0,0
8,0,0
8,0,0
8,0,0
8,0,0
8,0,0
8,1,1
8,0,1
8,0,0
8,0,0
8,1,1
8,0,0
8,0,0
8,0,0
8,0,0
8,0,1
8,0,1
8,0,0
8,0,0
8,1,1
8,0,0
8,0,0
8,0,0
8,0,0
8,0,0
8,0,0
8,0,0
8,0,0
8,0,0
8,0,0
8,0,0
8,0,0
8,0,0
8,0,0
8,0,0
8,1,1
8,0,0
8,0,0
8,1,1
8,0,1
8,0,0
8,0,0
8,0,0
8,0,0
8,0,0
8,0,0
8,0,1
8,0,0
8,0,0
8,0,0
8,0,0
8,0,0
8,0,0
8,0,0
8,0,0
8,0,1
8,1,1
8,0,0
8,0,0
8,0,0
8,0,0
8,0,0
8,0,0
8,0,1
8,0,0
8,0,0
8,0,0
8,0,0
8,1,1
8,1,1
8,0,0
8,0,0
8,0,0
8,0,0
8,0,0
8,0,0
8,0,0
8,0,0
8,0,0
8,0,0
8,0,1
8,0,0
8,0,0
8,0,0
8,0,0
8,0,0
Total DB Queries This Round: 19064
Total time spent this round in seconds: 586.6503584384918
PERCENT IN TABLE OF 100: 9%
9,0,0
9,0,0
9,0,0
9,0,0
9,0,0
9,0,0
9,0,0
9,0,0
9,0,0
9,0,0
9,1,1
9,1,1
9,0,0
9,0,0
9,0,0
9,0,0
9,0,0
9,0,0
9,0,0
9,0,0
9,1,1
9,0,1
9,0,0
9,0,0
9,0,0
9,0,0
9,0,0
9,0,0
9,0,1
9,1,1
9,0,0
9,0,0
9,0,0
9,0,1
9,0,0
9,0,0
9,0,0
9,0,0
9,0,0
9,0,0
9,0,0
9,0,0
9,0,0
9,0,0
9,0,0
9,0,0
9,0,0
9,0,0
9,0,0
9,0,0
9,0,0
9,0,0
9,0,0
9,0,0
9,0,0
9,0,0
9,0,0
9,0,0
9,0,0
9,0,0
9,1,1
9,0,0
9,0,0
9,0,0
9,1,1
9,0,0
9,0,0
9,0,0
9,0,0
9,0,0
9,0,0
9,0,0
9,0,0
9,0,0
9,0,1
9,0,0
9,0,0
9,1,1
9,0,0
9,0,0
9,0,1
9,0,0
9,0,0
9,0,0
9,0,0
9,0,0
9,0,0
9,0,0
9,1,1
9,0,0
9,0,1
9,0,0
9,0,0
9,0,0
9,0,0
9,0,0
9,0,1
9,1,1
9,0,0
9,0,0
Total DB Queries This Round: 6828
Total time spent this round in seconds: 206.1374614238739
9,0,0
9,0,0
9,0,0
9,0,0
9,0,0
9,0,0
9,0,0
9,1,1
9,0,0
9,0,0
9,0,0
9,0,0
9,0,0
9,0,0
9,0,0
9,0,0
9,0,0
9,0,0
9,1,1
9,0,0
9,0,0
9,0,0
9,0,1
9,0,0
9,0,0
9,0,0
9,0,0
9,0,0
9,0,0
9,0,0
9,1,1
9,1,1
9,0,0
9,0,0
9,0,0
9,0,0
9,0,0
9,0,0
9,0,0
9,0,0
9,0,0
9,0,1
9,0,0
9,0,0
9,0,0
9,1,1
9,0,0
9,0,0
9,0,0
9,0,0
9,0,0
9,0,0
9,0,0
9,0,0
9,0,0
9,0,0
9,0,0
9,0,0
9,0,0
9,0,0
9,0,0
9,0,0
9,0,0
9,0,0
9,1,1
9,0,0
9,0,0
9,0,0
9,0,0
9,0,0
9,0,0
9,0,0
9,0,0
9,0,0
9,0,0
9,0,0
9,0,0
9,0,0
9,0,0
9,1,0
9,0,0
9,0,0
9,0,0
9,0,0
9,0,0
9,0,0
9,0,0
9,0,0
9,0,0
9,0,0
9,0,0
9,0,0
9,0,0
9,0,0
9,1,1
9,0,0
9,0,0
9,0,0
9,1,1
9,0,0
Total DB Queries This Round: 5365
Total time spent this round in seconds: 159.9545476436615
9,1,1
9,0,0
9,1,1
9,0,0
9,0,0
9,0,1
9,0,1
9,0,0
9,0,0
9,0,0
9,0,0
9,0,0
9,0,0
9,0,0
9,0,0
9,0,0
9,0,1
9,1,1
9,0,0
9,0,0
9,0,0
9,0,0
9,0,0
9,0,0
9,0,0
9,0,0
9,0,0
9,1,1
9,0,0
9,0,0
9,0,0
9,0,0
9,0,0
9,0,0
9,0,0
9,0,0
9,0,0
9,0,0
9,0,0
9,0,0
9,0,0
9,0,0
9,0,0
9,0,0
9,0,0
9,0,0
9,0,0
9,0,0
9,0,0
9,0,1
9,0,0
9,0,0
9,1,1
9,0,0
9,0,0
9,0,0
9,0,0
9,0,0
9,0,0
9,0,0
9,0,0
9,0,0
9,0,0
9,0,0
9,0,0
9,0,1
9,1,1
9,0,0
9,0,0
9,0,0
9,0,0
9,0,0
9,0,0
9,0,0
9,0,0
9,0,0
9,1,1
9,0,0
9,0,0
9,0,0
9,0,0
9,0,0
9,0,0
9,0,0
9,0,0
9,0,0
9,1,1
9,0,0
9,0,1
9,0,0
9,1,1
9,0,0
9,0,0
9,0,0
9,0,1
9,0,0
9,0,0
9,0,0
9,0,0
9,0,0
Total DB Queries This Round: 5689
Total time spent this round in seconds: 171.69557857513428
9,1,1
9,0,0
9,0,0
9,0,0
9,0,0
9,1,1
9,1,1
9,0,1
9,0,0
9,0,0
9,0,0
9,0,0
9,0,0
9,0,0
9,0,0
9,0,0
9,0,0
9,0,0
9,0,0
9,0,0
9,0,0
9,0,1
9,0,0
9,0,0
9,0,1
9,1,1
9,0,0
9,0,0
9,0,0
9,0,0
9,0,0
9,0,0
9,0,0
9,1,1
9,0,0
9,0,0
9,0,0
9,0,0
9,0,0
9,0,0
9,0,1
9,0,0
9,0,0
9,0,0
9,0,0
9,0,0
9,0,0
9,0,0
9,0,0
9,0,1
9,0,0
9,0,0
9,0,0
9,0,0
9,0,0
9,0,0
9,0,0
9,0,0
9,0,0
9,0,0
9,0,0
9,0,0
9,0,0
9,0,0
9,1,1
9,1,1
9,0,0
9,0,0
9,0,0
9,0,0
9,0,0
9,0,0
9,0,1
9,1,1
9,0,0
9,0,0
9,0,0
9,0,0
9,0,0
9,0,0
9,0,0
9,1,1
9,0,1
9,0,1
9,0,0
9,0,0
9,0,0
9,0,0
9,0,0
9,0,0
9,0,0
9,0,0
9,0,0
9,0,0
9,0,0
9,0,0
9,0,0
9,0,0
9,0,0
9,0,0
Total DB Queries This Round: 4080
Total time spent this round in seconds: 117.39305090904236
9,0,0
9,0,0
9,0,0
9,0,0
9,0,0
9,0,0
9,1,1
9,0,0
9,0,0
9,0,0
9,0,0
9,0,0
9,1,1
9,0,0
9,0,0
9,0,0
9,0,0
9,0,0
9,0,1
9,0,0
9,0,0
9,0,0
9,0,0
9,0,0
9,0,0
9,0,0
9,1,1
9,0,0
9,0,0
9,0,0
9,0,0
9,0,0
9,0,0
9,1,1
9,0,0
9,0,0
9,0,0
9,0,0
9,1,1
9,0,0
9,0,0
9,0,0
9,0,0
9,0,0
9,0,1
9,0,0
9,0,0
9,0,0
9,0,0
9,0,0
9,1,1
9,0,0
9,0,0
9,0,0
9,0,0
9,0,0
9,0,0
9,0,0
9,0,0
9,0,0
9,0,1
9,0,0
9,0,0
9,0,0
9,0,0
9,0,0
9,0,0
9,0,0
9,1,1
9,0,0
9,0,0
9,0,0
9,0,0
9,0,0
9,0,0
9,0,0
9,0,0
9,0,1
9,0,0
9,0,0
9,0,0
9,0,0
9,0,0
9,0,0
9,0,0
9,0,0
9,0,0
9,0,0
9,0,0
9,1,1
9,0,0
9,0,0
9,0,0
9,0,0
9,0,0
9,0,0
9,1,1
9,0,0
9,0,0
9,0,0
Total DB Queries This Round: 4681
Total time spent this round in seconds: 140.3021981716156
9,1,1
9,0,0
9,0,0
9,0,0
9,0,0
9,0,0
9,0,0
9,0,0
9,0,0
9,0,0
9,0,0
9,0,0
9,0,0
9,0,0
9,0,0
9,0,0
9,0,0
9,0,0
9,0,0
9,0,0
9,0,0
9,0,0
9,0,1
9,0,1
9,0,0
9,0,0
9,0,0
9,1,1
9,0,0
9,1,1
9,0,0
9,1,1
9,0,0
9,0,0
9,0,0
9,0,0
9,0,0
9,0,0
9,0,0
9,0,0
9,0,0
9,0,0
9,0,0
9,0,0
9,1,1
9,0,0
9,0,0
9,0,0
9,0,0
9,0,0
9,0,0
9,0,0
9,0,0
9,0,0
9,0,0
9,0,0
9,0,0
9,0,0
9,0,0
9,0,0
9,0,0
9,0,0
9,0,0
9,0,0
9,0,0
9,0,0
9,1,1
9,0,1
9,0,0
9,0,0
9,0,0
9,0,0
9,0,0
9,0,1
9,0,0
9,0,0
9,0,0
9,0,1
9,1,1
9,0,0
9,0,0
9,0,0
9,0,0
9,0,0
9,0,1
9,1,1
9,0,0
9,0,0
9,0,0
9,0,0
9,0,0
9,0,0
9,0,0
9,0,0
9,0,1
9,0,0
9,0,0
9,0,1
9,1,1
9,0,0
Total DB Queries This Round: 6146
Total time spent this round in seconds: 184.57767868041992
9,0,0
9,0,0
9,0,0
9,0,0
9,1,1
9,0,0
9,0,0
9,0,0
9,0,0
9,0,0
9,0,0
9,0,0
9,0,1
9,0,0
9,0,0
9,0,0
9,0,0
9,0,0
9,0,0
9,0,0
9,0,0
9,0,0
9,0,0
9,0,0
9,0,0
9,0,0
9,0,0
9,0,0
9,0,0
9,0,0
9,0,0
9,0,0
9,1,1
9,0,0
9,0,0
9,0,0
9,0,1
9,0,0
9,1,1
9,0,0
9,1,1
9,0,0
9,0,0
9,0,0
9,0,0
9,0,0
9,0,0
9,0,0
9,0,0
9,0,0
9,0,0
9,0,0
9,0,0
9,0,0
9,0,0
9,0,0
9,0,0
9,0,0
9,0,0
9,0,0
9,0,0
9,0,0
9,0,0
9,0,0
9,1,1
9,0,0
9,0,0
9,0,0
9,0,0
9,1,1
9,0,0
9,0,0
9,0,0
9,0,0
9,0,0
9,0,0
9,0,0
9,0,0
9,0,0
9,0,1
9,0,0
9,0,0
9,0,0
9,1,0
9,0,0
9,1,1
9,0,0
9,0,0
9,1,1
9,0,1
9,0,0
9,0,0
9,0,0
9,0,0
9,0,0
9,0,0
9,0,0
9,0,0
9,0,0
9,0,0
Total DB Queries This Round: 5171
Total time spent this round in seconds: 154.9742431640625
9,1,1
9,0,0
9,1,1
9,0,0
9,0,0
9,1,1
9,0,0
9,0,1
9,0,0
9,0,0
9,0,0
9,0,0
9,0,0
9,0,0
9,0,0
9,0,0
9,0,1
9,0,0
9,1,1
9,0,0
9,0,0
9,0,0
9,0,0
9,0,0
9,0,0
9,0,0
9,0,0
9,0,0
9,1,1
9,1,1
9,0,0
9,0,0
9,0,1
9,0,0
9,0,0
9,1,1
9,0,0
9,0,0
9,0,0
9,0,0
9,0,0
9,0,0
9,0,0
9,0,0
9,0,0
9,0,0
9,0,0
9,0,0
9,0,0
9,0,0
9,0,0
9,1,0
9,0,0
9,0,0
9,0,0
9,0,0
9,0,0
9,0,0
9,0,0
9,0,0
9,0,0
9,0,0
9,0,0
9,0,0
9,0,0
9,0,0
9,1,1
9,0,0
9,0,0
9,0,0
9,0,0
9,0,0
9,0,0
9,0,0
9,0,0
9,0,0
9,0,0
9,0,0
9,0,0
9,0,0
9,0,1
9,0,0
9,0,0
9,0,0
9,0,0
9,0,0
9,0,0
9,0,0
9,0,0
9,0,0
9,0,0
9,0,0
9,0,0
9,0,0
9,0,0
9,0,0
9,0,0
9,0,1
9,0,0
9,0,0
Total DB Queries This Round: 6225
Total time spent this round in seconds: 185.7281084060669
9,0,0
9,0,0
9,0,0
9,0,0
9,0,0
9,0,0
9,0,0
9,0,0
9,0,0
9,0,0
9,0,1
9,1,1
9,0,0
9,1,1
9,0,0
9,0,0
9,0,0
9,0,0
9,0,0
9,0,0
9,0,0
9,0,0
9,0,0
9,0,0
9,0,0
9,0,0
9,1,1
9,0,0
9,0,0
9,0,0
9,0,0
9,0,0
9,0,0
9,0,0
9,0,0
9,0,0
9,0,0
9,0,0
9,1,1
9,0,1
9,0,0
9,0,0
9,0,0
9,0,0
9,0,0
9,0,0
9,0,0
9,0,0
9,0,0
9,0,0
9,0,0
9,0,0
9,0,0
9,0,0
9,0,0
9,0,0
9,0,0
9,0,0
9,0,0
9,0,0
9,0,0
9,0,0
9,0,0
9,0,0
9,0,0
9,1,1
9,0,0
9,0,0
9,0,0
9,0,0
9,0,0
9,0,0
9,0,0
9,0,0
9,0,0
9,0,0
9,0,0
9,0,0
9,0,0
9,0,0
9,0,0
9,0,0
9,0,0
9,0,0
9,1,1
9,0,0
9,0,0
9,1,1
9,0,1
9,1,1
9,0,0
9,0,0
9,0,0
9,0,0
9,0,0
9,0,1
9,0,0
9,1,1
9,0,0
9,0,0
Total DB Queries This Round: 4386
Total time spent this round in seconds: 128.69201254844666
9,0,0
9,0,1
9,0,0
9,0,0
9,0,0
9,0,0
9,0,0
9,0,0
9,0,0
9,0,0
9,0,0
9,0,0
9,0,0
9,0,0
9,0,0
9,0,0
9,0,0
9,1,0
9,0,1
9,0,0
9,0,0
9,1,1
9,0,0
9,1,1
9,0,0
9,0,0
9,0,0
9,1,1
9,0,0
9,0,0
9,0,1
9,0,1
9,0,0
9,0,0
9,0,0
9,0,0
9,0,0
9,0,0
9,0,0
9,0,0
9,0,0
9,0,0
9,0,0
9,0,0
9,0,0
9,0,0
9,0,0
9,0,0
9,0,0
9,1,1
9,0,0
9,0,0
9,0,0
9,0,0
9,0,1
9,0,0
9,0,1
9,0,1
9,0,1
9,1,1
9,0,0
9,0,0
9,0,0
9,0,0
9,0,0
9,0,0
9,0,0
9,0,0
9,0,0
9,0,0
9,0,0
9,0,0
9,0,0
9,1,1
9,0,0
9,0,0
9,0,0
9,0,0
9,0,0
9,1,1
9,0,0
9,0,0
9,0,0
9,0,0
9,0,0
9,0,0
9,0,0
9,0,0
9,0,0
9,0,0
9,0,0
9,1,1
9,0,0
9,0,0
9,0,0
9,0,0
9,0,0
9,0,0
9,0,0
9,0,0
Total DB Queries This Round: 4958
Total time spent this round in seconds: 146.9494113922119
PERCENT IN TABLE OF 100: 10%
10,0,0
10,0,0
10,0,0
10,0,0
10,0,0
10,0,0
10,0,0
10,0,0
10,0,1
10,0,0
10,1,1
10,0,0
10,0,0
10,0,0
10,0,1
10,0,1
10,1,1
10,0,1
10,0,0
10,0,0
10,0,0
10,0,0
10,0,0
10,0,0
10,0,0
10,0,0
10,0,0
10,0,0
10,0,0
10,0,0
10,0,0
10,0,0
10,1,1
10,0,0
10,0,0
10,0,1
10,0,0
10,0,0
10,0,0
10,0,0
10,0,0
10,0,0
10,0,0
10,0,0
10,0,0
10,0,0
10,0,0
10,0,0
10,0,0
10,0,0
10,0,0
10,0,1
10,0,0
10,0,0
10,0,0
10,0,0
10,0,0
10,0,0
10,0,0
10,0,0
10,0,1
10,0,1
10,1,1
10,0,0
10,0,0
10,1,1
10,0,0
10,0,0
10,0,0
10,1,1
10,0,0
10,0,0
10,0,0
10,0,0
10,0,0
10,0,0
10,0,1
10,0,0
10,0,0
10,1,1
10,0,0
10,0,0
10,0,0
10,0,0
10,0,0
10,1,1
10,0,0
10,0,0
10,0,0
10,0,0
10,0,1
10,1,1
10,0,0
10,0,0
10,0,0
10,0,0
10,0,0
10,0,0
10,0,1
10,1,1
Total DB Queries This Round: 14218
Total time spent this round in seconds: 437.7694499492645
10,0,0
10,1,1
10,0,0
10,0,0
10,0,0
10,0,0
10,0,0
10,1,1
10,0,0
10,0,0
10,0,0
10,0,0
10,0,0
10,0,0
10,0,0
10,0,0
10,1,1
10,0,0
10,1,1
10,0,0
10,0,1
10,0,0
10,0,0
10,1,1
10,0,0
10,0,0
10,0,0
10,0,0
10,0,0
10,0,0
10,0,0
10,0,0
10,0,0
10,0,0
10,0,0
10,0,0
10,0,0
10,0,0
10,0,0
10,0,1
10,0,0
10,0,0
10,0,0
10,0,0
10,0,0
10,0,0
10,0,0
10,0,0
10,0,0
10,0,0
10,1,1
10,0,0
10,1,1
10,0,1
10,0,0
10,0,0
10,0,0
10,0,0
10,0,0
10,0,0
10,0,0
10,0,0
10,0,0
10,0,0
10,0,0
10,0,0
10,0,0
10,0,0
10,0,0
10,0,0
10,0,0
10,0,0
10,1,1
10,0,0
10,0,0
10,0,0
10,0,0
10,0,0
10,0,0
10,0,0
10,1,1
10,0,0
10,0,0
10,0,0
10,0,1
10,0,0
10,0,0
10,0,0
10,0,0
10,0,0
10,0,1
10,0,0
10,0,0
10,0,0
10,0,0
10,0,0
10,1,1
10,0,0
10,0,0
10,0,0
Total DB Queries This Round: 10126
Total time spent this round in seconds: 304.2922854423523
10,1,1
10,0,0
10,0,0
10,0,1
10,0,1
10,0,0
10,0,0
10,1,1
10,0,0
10,0,0
10,1,1
10,0,0
10,1,1
10,0,0
10,0,0
10,0,0
10,0,0
10,0,0
10,1,1
10,0,0
10,0,0
10,0,0
10,0,0
10,1,1
10,0,0
10,0,0
10,0,0
10,0,0
10,0,0
10,0,0
10,0,0
10,0,0
10,0,0
10,0,0
10,0,0
10,0,0
10,0,0
10,0,0
10,0,0
10,0,0
10,0,0
10,0,0
10,0,0
10,0,0
10,0,1
10,0,0
10,0,0
10,0,0
10,0,0
10,0,0
10,0,0
10,0,0
10,0,0
10,0,0
10,0,1
10,0,0
10,0,0
10,0,0
10,1,1
10,0,0
10,0,0
10,0,0
10,0,0
10,0,0
10,0,0
10,0,0
10,0,0
10,0,0
10,0,0
10,0,0
10,0,0
10,0,0
10,0,0
10,0,0
10,0,0
10,0,0
10,0,0
10,0,0
10,1,1
10,0,0
10,1,1
10,0,0
10,0,0
10,0,0
10,0,0
10,0,0
10,0,0
10,0,0
10,0,0
10,1,1
10,0,1
10,0,1
10,0,0
10,0,0
10,0,0
10,0,0
10,0,0
10,0,0
10,0,0
10,0,0
Total DB Queries This Round: 7221
Total time spent this round in seconds: 218.08485865592957
10,1,1
10,0,0
10,0,0
10,0,0
10,0,0
10,0,0
10,0,0
10,1,1
10,0,0
10,0,0
10,0,0
10,0,0
10,0,0
10,0,0
10,0,0
10,0,0
10,0,0
10,0,0
10,0,0
10,0,0
10,0,0
10,0,0
10,0,0
10,1,1
10,0,0
10,0,0
10,0,0
10,0,0
10,0,0
10,1,0
10,0,0
10,0,0
10,0,0
10,0,0
10,0,0
10,0,0
10,0,0
10,1,0
10,0,0
10,0,0
10,1,1
10,0,0
10,1,1
10,0,0
10,0,0
10,0,0
10,0,0
10,0,0
10,0,0
10,0,0
10,0,0
10,0,0
10,0,0
10,0,0
10,0,0
10,0,0
10,1,1
10,0,0
10,0,0
10,0,0
10,0,0
10,0,0
10,0,0
10,0,0
10,0,0
10,0,0
10,0,0
10,0,0
10,0,0
10,0,1
10,0,0
10,0,0
10,0,0
10,0,0
10,0,1
10,1,1
10,0,0
10,0,0
10,0,1
10,0,0
10,0,0
10,0,0
10,0,0
10,0,0
10,0,0
10,0,0
10,0,0
10,0,0
10,0,0
10,0,0
10,0,0
10,0,1
10,0,0
10,1,1
10,0,0
10,0,0
10,0,0
10,0,0
10,0,0
10,0,0
Total DB Queries This Round: 5957
Total time spent this round in seconds: 175.14265489578247
10,0,0
10,0,0
10,0,0
10,1,0
10,0,0
10,0,0
10,0,0
10,0,0
10,0,0
10,0,0
10,0,0
10,0,1
10,0,0
10,0,1
10,0,0
10,0,0
10,0,0
10,0,0
10,0,0
10,0,0
10,0,0
10,0,0
10,1,1
10,0,1
10,0,0
10,0,1
10,0,0
10,0,0
10,0,0
10,0,0
10,0,0
10,0,1
10,0,0
10,0,0
10,1,1
10,0,1
10,0,0
10,0,0
10,0,0
10,0,0
10,0,0
10,0,0
10,0,0
10,0,0
10,0,0
10,0,0
10,0,0
10,1,1
10,0,0
10,1,1
10,0,0
10,0,0
10,0,0
10,0,0
10,0,0
10,1,1
10,0,0
10,0,0
10,0,1
10,0,0
10,0,0
10,1,1
10,0,0
10,0,0
10,0,0
10,1,1
10,0,0
10,0,0
10,0,0
10,0,0
10,0,0
10,0,0
10,0,0
10,0,0
10,0,0
10,1,1
10,0,0
10,0,0
10,0,0
10,0,0
10,0,0
10,0,0
10,0,0
10,0,0
10,0,0
10,0,0
10,1,0
10,0,0
10,0,0
10,0,0
10,0,0
10,0,0
10,0,0
10,0,0
10,0,0
10,0,0
10,0,0
10,0,0
10,0,0
10,0,0
Total DB Queries This Round: 7741
Total time spent this round in seconds: 230.2148678302765
10,0,0
10,0,0
10,0,0
10,0,0
10,1,1
10,0,1
10,0,0
10,0,0
10,1,0
10,0,0
10,0,0
10,0,0
10,0,0
10,0,1
10,0,0
10,0,0
10,0,0
10,0,0
10,0,0
10,0,0
10,1,1
10,0,0
10,0,0
10,0,0
10,0,0
10,0,0
10,0,0
10,0,1
10,0,0
10,0,0
10,0,0
10,0,0
10,0,0
10,0,0
10,1,1
10,0,0
10,0,0
10,0,1
10,0,0
10,0,0
10,0,0
10,0,0
10,0,0
10,0,0
10,0,0
10,0,0
10,0,1
10,0,1
10,0,0
10,1,1
10,1,1
10,0,0
10,1,1
10,0,0
10,0,0
10,0,1
10,0,0
10,0,0
10,0,0
10,0,0
10,0,0
10,0,0
10,0,0
10,0,0
10,0,0
10,0,0
10,0,0
10,1,1
10,1,0
10,0,0
10,0,0
10,0,0
10,0,0
10,1,1
10,0,1
10,0,0
10,0,0
10,0,0
10,0,0
10,0,0
10,0,0
10,0,0
10,0,0
10,0,0
10,0,0
10,0,0
10,0,0
10,0,0
10,0,0
10,0,0
10,0,0
10,0,0
10,0,0
10,0,0
10,0,0
10,0,0
10,0,0
10,0,0
10,0,0
10,0,0
Total DB Queries This Round: 9369
Total time spent this round in seconds: 280.3451442718506
10,0,0
10,1,0
10,0,0
10,0,0
10,0,0
10,0,0
10,1,1
10,0,0
10,0,0
10,1,1
10,0,0
10,0,0
10,0,0
10,0,0
10,0,0
10,0,0
10,0,0
10,0,0
10,0,0
10,0,0
10,0,0
10,1,1
10,0,0
10,0,0
10,0,0
10,0,0
10,1,1
10,0,0
10,0,0
10,0,0
10,0,0
10,0,0
10,0,0
10,0,0
10,0,0
10,0,1
10,1,1
10,0,0
10,0,0
10,0,0
10,0,0
10,1,1
10,0,0
10,0,0
10,0,1
10,1,1
10,0,0
10,0,1
10,0,0
10,0,0
10,0,0
10,0,0
10,0,0
10,0,0
10,0,0
10,1,1
10,0,0
10,0,0
10,0,0
10,0,0
10,0,0
10,0,0
10,0,0
10,0,0
10,0,0
10,0,0
10,0,0
10,0,0
10,0,0
10,0,1
10,0,0
10,0,0
10,0,0
10,0,0
10,0,0
10,0,0
10,0,0
10,0,0
10,0,0
10,0,0
10,0,0
10,0,0
10,0,0
10,0,0
10,0,0
10,0,0
10,0,0
10,0,0
10,0,1
10,0,1
10,0,0
10,0,0
10,0,0
10,0,0
10,0,0
10,0,0
10,1,1
10,0,0
10,0,0
10,0,0
Total DB Queries This Round: 6924
Total time spent this round in seconds: 207.62288689613342
10,0,0
10,0,0
10,0,0
10,0,1
10,1,1
10,0,0
10,0,0
10,0,0
10,0,0
10,0,0
10,0,0
10,0,0
10,0,0
10,0,0
10,0,1
10,0,0
10,0,0
10,0,0
10,0,0
10,0,0
10,0,0
10,0,0
10,0,1
10,0,0
10,0,0
10,0,1
10,0,0
10,0,0
10,0,0
10,0,0
10,0,0
10,0,0
10,0,0
10,0,0
10,0,0
10,0,0
10,1,1
10,0,0
10,0,1
10,0,0
10,0,1
10,1,1
10,0,0
10,1,1
10,1,1
10,0,0
10,0,0
10,0,0
10,0,0
10,0,0
10,0,0
10,0,0
10,0,0
10,0,0
10,0,0
10,0,0
10,0,0
10,0,0
10,0,0
10,0,0
10,1,1
10,0,0
10,0,0
10,0,0
10,0,0
10,0,0
10,1,1
10,0,1
10,0,0
10,0,0
10,0,0
10,0,0
10,1,1
10,0,0
10,0,1
10,0,0
10,0,0
10,0,1
10,1,1
10,0,0
10,0,0
10,0,0
10,0,0
10,0,0
10,0,0
10,0,0
10,0,0
10,0,0
10,0,0
10,0,0
10,0,0
10,0,0
10,0,0
10,0,0
10,0,1
10,0,0
10,1,1
10,0,0
10,0,0
10,0,0
Total DB Queries This Round: 10132
Total time spent this round in seconds: 304.0612590312958
10,0,0
10,1,1
10,0,0
10,0,0
10,0,0
10,0,1
10,0,0
10,0,0
10,0,0
10,0,0
10,0,0
10,0,0
10,0,0
10,0,0
10,0,1
10,0,0
10,0,0
10,0,0
10,1,1
10,0,0
10,0,1
10,0,0
10,0,0
10,0,0
10,0,0
10,0,0
10,0,0
10,0,0
10,0,0
10,1,1
10,0,0
10,0,0
10,0,0
10,0,0
10,0,0
10,0,0
10,0,0
10,0,0
10,0,0
10,0,0
10,0,0
10,1,1
10,0,0
10,0,0
10,0,0
10,0,0
10,0,0
10,0,0
10,0,0
10,0,0
10,0,0
10,0,0
10,0,0
10,0,1
10,0,0
10,0,0
10,0,0
10,0,0
10,0,0
10,0,0
10,0,0
10,1,1
10,0,0
10,0,0
10,0,1
10,0,0
10,0,0
10,0,0
10,0,0
10,0,0
10,0,0
10,0,0
10,1,1
10,0,0
10,1,1
10,0,1
10,0,0
10,0,0
10,0,0
10,0,0
10,1,1
10,0,0
10,0,1
10,0,1
10,0,0
10,0,0
10,0,0
10,0,0
10,0,0
10,0,0
10,0,0
10,0,0
10,0,0
10,0,1
10,0,0
10,0,0
10,0,1
10,1,1
10,0,0
10,1,0
Total DB Queries This Round: 8789
Total time spent this round in seconds: 264.7027463912964
10,0,0
10,0,0
10,0,0
10,0,0
10,0,0
10,0,0
10,1,1
10,0,0
10,0,0
10,0,0
10,0,0
10,0,0
10,0,0
10,0,0
10,0,0
10,0,0
10,0,0
10,0,0
10,0,0
10,0,0
10,1,1
10,0,0
10,0,0
10,0,0
10,0,0
10,0,0
10,0,1
10,0,0
10,0,0
10,0,0
10,0,1
10,1,1
10,1,1
10,0,0
10,0,0
10,0,0
10,0,0
10,0,0
10,0,0
10,0,0
10,0,0
10,0,0
10,0,0
10,0,0
10,0,0
10,0,0
10,0,0
10,0,0
10,0,0
10,0,0
10,0,0
10,0,1
10,1,1
10,1,1
10,0,0
10,0,0
10,0,0
10,0,0
10,0,0
10,0,0
10,0,0
10,0,0
10,0,0
10,1,1
10,0,0
10,0,0
10,1,1
10,0,0
10,0,0
10,0,0
10,0,1
10,0,0
10,0,0
10,0,0
10,0,0
10,0,0
10,0,1
10,0,1
10,0,0
10,0,0
10,0,0
10,0,0
10,0,0
10,0,0
10,0,0
10,0,0
10,1,1
10,0,0
10,0,0
10,0,0
10,0,0
10,0,0
10,0,0
10,0,1
10,0,0
10,0,0
10,1,0
10,0,0
10,0,0
10,0,0
Total DB Queries This Round: 7782
Total time spent this round in seconds: 233.72547912597656
