num_secrets,true_label,guess_label
PERCENT IN TABLE OF 100: 1%
1,0,0
1,0,0
1,0,0
1,0,0
1,0,0
1,0,0
1,0,0
1,0,0
1,0,0
1,0,0
1,0,0
1,0,0
1,0,0
1,0,0
1,0,0
1,0,0
1,0,0
1,0,0
1,0,0
1,0,0
1,0,0
1,0,0
1,0,0
1,1,1
1,0,0
1,0,0
1,0,0
1,0,0
1,0,0
1,0,0
1,0,0
1,0,0
1,0,0
1,0,0
1,0,0
1,0,0
1,0,0
1,0,0
1,0,0
1,0,0
1,0,0
1,0,0
1,0,0
1,0,0
1,0,0
1,0,0
1,0,0
1,0,0
1,0,0
1,0,0
1,0,0
1,0,0
1,0,0
1,0,0
1,0,0
1,0,0
1,0,0
1,0,0
1,0,0
1,0,0
1,0,0
1,0,0
1,0,0
1,0,0
1,0,0
1,0,0
1,0,0
1,0,0
1,0,0
1,0,0
1,0,0
1,0,0
1,0,0
1,0,0
1,0,0
1,0,0
1,0,0
1,0,0
1,0,0
1,0,0
1,0,0
1,0,0
1,0,0
1,0,0
1,0,0
1,0,0
1,0,0
1,0,0
1,0,0
1,0,0
1,0,0
1,0,0
1,0,0
1,0,0
1,0,0
1,0,0
1,0,0
1,0,0
1,0,0
1,0,0
Total DB Queries This Round: 6861
Total time spent this round in seconds: 175.81156730651855
1,0,0
1,0,0
1,0,0
1,0,0
1,0,0
1,0,0
1,0,0
1,0,0
1,0,0
1,1,0
1,0,0
1,0,0
1,0,0
1,0,0
1,0,0
1,0,0
1,0,0
1,0,0
1,0,0
1,0,0
1,0,0
1,0,0
1,0,0
1,0,0
1,0,0
1,0,0
1,0,0
1,0,0
1,0,0
1,0,0
1,0,0
1,0,0
1,0,0
1,0,0
1,0,0
1,0,0
1,0,0
1,0,0
1,0,0
1,0,0
1,0,0
1,0,0
1,0,0
1,0,0
1,0,0
1,0,0
1,0,0
1,0,0
1,0,0
1,0,0
1,0,0
1,0,0
1,0,0
1,0,0
1,0,0
1,0,0
1,0,0
1,0,0
1,0,0
1,0,0
1,0,0
1,0,0
1,0,0
1,0,0
1,0,0
1,0,0
1,0,0
1,0,0
1,0,0
1,0,0
1,0,0
1,0,0
1,0,0
1,0,0
1,0,0
1,0,0
1,0,0
1,0,0
1,0,0
1,0,0
1,0,0
1,0,0
1,0,0
1,0,0
1,0,0
1,0,0
1,0,0
1,0,0
1,0,0
1,0,0
1,0,0
1,0,0
1,0,0
1,0,0
1,0,0
1,0,0
1,0,0
1,0,0
1,0,0
1,0,0
Total DB Queries This Round: 5979
Total time spent this round in seconds: 151.8990831375122
1,0,0
1,0,0
1,0,0
1,0,0
1,0,0
1,0,0
1,0,0
1,0,0
1,0,0
1,0,0
1,0,0
1,0,0
1,0,0
1,0,0
1,0,0
1,0,0
1,0,0
1,0,0
1,0,0
1,0,0
1,0,0
1,0,0
1,0,0
1,0,0
1,0,0
1,0,0
1,0,0
1,0,0
1,0,0
1,0,0
1,0,0
1,0,0
1,0,0
1,0,0
1,0,0
1,0,0
1,0,0
1,0,0
1,0,0
1,0,0
1,0,0
1,0,0
1,0,0
1,0,0
1,0,0
1,0,0
1,0,0
1,0,0
1,0,0
1,0,0
1,0,0
1,0,0
1,0,0
1,0,0
1,0,0
1,0,0
1,0,0
1,0,0
1,0,0
1,0,0
1,0,0
1,0,0
1,0,0
1,0,0
1,0,0
1,0,0
1,0,0
1,0,0
1,0,0
1,0,0
1,0,0
1,0,0
1,0,0
1,0,0
1,0,0
1,0,0
1,0,0
1,0,0
1,0,0
1,0,0
1,0,0
1,0,0
1,1,0
1,0,0
1,0,0
1,0,0
1,0,0
1,0,0
1,0,0
1,0,0
1,0,0
1,0,0
1,0,0
1,0,0
1,0,0
1,0,0
1,0,0
1,0,0
1,0,0
1,0,0
Total DB Queries This Round: 6068
Total time spent this round in seconds: 157.96855306625366
1,0,0
1,0,0
1,0,0
1,0,0
1,0,0
1,0,0
1,0,0
1,0,0
1,0,0
1,0,0
1,0,0
1,0,0
1,0,0
1,0,0
1,0,0
1,0,0
1,0,0
1,0,0
1,0,0
1,0,0
1,0,0
1,0,0
1,0,0
1,0,0
1,0,0
1,0,0
1,0,0
1,0,0
1,0,0
1,0,0
1,0,0
1,0,0
1,0,0
1,0,0
1,0,0
1,0,0
1,0,0
1,0,0
1,0,0
1,0,0
1,0,0
1,1,1
1,0,0
1,0,0
1,0,0
1,0,0
1,0,0
1,0,0
1,0,0
1,0,0
1,0,0
1,0,0
1,0,0
1,0,0
1,0,0
1,0,0
1,0,0
1,0,0
1,0,0
1,0,0
1,0,0
1,0,0
1,0,0
1,0,0
1,0,0
1,0,0
1,0,0
1,0,0
1,0,0
1,0,0
1,0,0
1,0,0
1,0,0
1,0,0
1,0,0
1,0,0
1,0,0
1,0,0
1,0,0
1,0,0
1,0,0
1,0,0
1,0,0
1,0,0
1,0,0
1,0,0
1,0,0
1,0,0
1,0,0
1,0,0
1,0,0
1,0,0
1,0,0
1,0,0
1,0,0
1,0,0
1,0,0
1,0,0
1,0,0
1,0,0
Total DB Queries This Round: 6568
Total time spent this round in seconds: 168.00345301628113
1,0,0
1,0,0
1,0,0
1,0,0
1,0,0
1,0,0
1,0,0
1,0,0
1,0,0
1,0,0
1,0,0
1,0,0
1,0,0
1,0,0
1,0,0
1,0,0
1,0,0
1,0,0
1,0,0
1,0,0
1,0,0
1,0,0
1,0,0
1,0,0
1,0,0
1,0,0
1,0,0
1,0,0
1,0,0
1,0,0
1,0,0
1,0,0
1,0,0
1,0,0
1,0,0
1,0,0
1,0,0
1,0,0
1,0,0
1,0,0
1,0,0
1,0,0
1,0,0
1,0,0
1,0,0
1,0,0
1,0,0
1,0,0
1,0,0
1,0,0
1,0,0
1,0,0
1,0,0
1,0,0
1,0,0
1,0,0
1,0,0
1,0,0
1,0,0
1,0,0
1,0,0
1,0,0
1,0,0
1,0,0
1,0,0
1,0,0
1,1,1
1,0,0
1,0,0
1,0,0
1,0,0
1,0,0
1,0,0
1,0,0
1,0,0
1,0,0
1,0,0
1,0,0
1,0,0
1,0,0
1,0,0
1,0,0
1,0,0
1,0,0
1,0,0
1,0,0
1,0,0
1,0,0
1,0,0
1,0,0
1,0,0
1,0,0
1,0,0
1,0,0
1,0,0
1,0,0
1,0,0
1,0,0
1,0,0
1,0,0
Total DB Queries This Round: 5812
Total time spent this round in seconds: 153.5574049949646
1,0,0
1,0,0
1,0,0
1,0,0
1,0,0
1,0,0
1,0,0
1,0,0
1,0,0
1,0,0
1,0,0
1,0,0
1,0,0
1,0,0
1,0,0
1,0,0
1,0,0
1,0,0
1,0,0
1,0,0
1,0,0
1,0,0
1,0,0
1,0,0
1,0,0
1,0,0
1,0,0
1,0,0
1,0,0
1,0,0
1,0,0
1,0,0
1,0,0
1,0,0
1,0,0
1,0,0
1,0,0
1,0,0
1,0,0
1,0,0
1,0,0
1,0,0
1,0,0
1,0,0
1,1,0
1,0,0
1,0,0
1,0,0
1,0,0
1,0,0
1,0,0
1,0,0
1,0,0
1,0,0
1,0,0
1,0,0
1,0,0
1,0,0
1,0,0
1,0,0
1,0,0
1,0,0
1,0,0
1,0,0
1,0,0
1,0,0
1,0,0
1,0,0
1,0,0
1,0,0
1,0,0
1,0,0
1,0,0
1,0,0
1,0,0
1,0,0
1,0,0
1,0,0
1,0,0
1,0,0
1,0,0
1,0,0
1,0,0
1,0,0
1,0,0
1,0,0
1,0,0
1,0,0
1,0,0
1,0,0
1,0,0
1,0,0
1,0,0
1,0,0
1,0,0
1,0,0
1,0,0
1,0,0
1,0,0
1,0,0
Total DB Queries This Round: 5879
Total time spent this round in seconds: 151.20679211616516
1,0,0
1,0,0
1,0,0
1,0,0
1,0,0
1,0,0
1,0,0
1,0,0
1,0,0
1,0,0
1,0,0
1,0,0
1,0,0
1,0,0
1,0,0
1,0,0
1,0,0
1,0,0
1,0,0
1,0,0
1,0,0
1,0,0
1,0,0
1,0,0
1,0,0
1,0,0
1,0,0
1,0,0
1,0,0
1,0,0
1,0,0
1,0,0
1,0,0
1,0,0
1,0,0
1,0,0
1,0,0
1,0,0
1,0,0
1,0,0
1,0,0
1,0,0
1,0,0
1,0,0
1,0,0
1,0,0
1,0,0
1,0,0
1,0,0
1,0,0
1,0,0
1,0,0
1,0,0
1,0,0
1,0,0
1,0,0
1,0,0
1,0,0
1,0,0
1,0,0
1,0,0
1,0,0
1,0,0
1,0,0
1,0,0
1,0,0
1,1,0
1,0,0
1,0,0
1,0,0
1,0,0
1,0,0
1,0,0
1,0,0
1,0,0
1,0,0
1,0,0
1,0,0
1,0,0
1,0,0
1,0,0
1,0,0
1,0,0
1,0,0
1,0,0
1,0,0
1,0,0
1,0,0
1,0,0
1,0,0
1,0,0
1,0,0
1,0,0
1,0,0
1,0,0
1,0,0
1,0,0
1,0,0
1,0,0
1,0,0
Total DB Queries This Round: 5948
Total time spent this round in seconds: 157.90222477912903
1,0,0
1,0,0
1,0,0
1,0,0
1,0,0
1,0,0
1,0,0
1,0,0
1,0,0
1,0,0
1,0,0
1,0,0
1,0,0
1,0,0
1,0,0
1,0,0
1,0,0
1,0,0
1,0,0
1,0,0
1,0,0
1,0,0
1,0,0
1,0,0
1,0,0
1,0,0
1,0,0
1,0,0
1,0,0
1,0,0
1,0,0
1,0,0
1,0,0
1,0,0
1,0,0
1,0,0
1,0,0
1,0,0
1,0,0
1,0,0
1,0,0
1,0,0
1,0,0
1,0,0
1,0,0
1,0,0
1,0,0
1,0,0
1,0,0
1,0,0
1,0,0
1,0,0
1,0,0
1,0,0
1,0,0
1,0,0
1,0,0
1,0,0
1,0,0
1,0,0
1,0,0
1,0,0
1,0,0
1,0,0
1,0,0
1,1,0
1,0,0
1,0,0
1,0,0
1,0,0
1,0,0
1,0,0
1,0,0
1,0,0
1,0,0
1,0,0
1,0,0
1,0,0
1,0,0
1,0,0
1,0,0
1,0,0
1,0,0
1,0,0
1,0,0
1,0,0
1,0,0
1,0,0
1,0,0
1,0,0
1,0,0
1,0,0
1,0,0
1,0,0
1,0,0
1,0,0
1,0,0
1,0,0
1,0,0
1,0,0
Total DB Queries This Round: 5227
Total time spent this round in seconds: 139.58374118804932
1,0,0
1,0,0
1,0,0
1,0,0
1,0,0
1,0,0
1,0,0
1,0,0
1,0,0
1,0,0
1,0,0
1,0,0
1,0,0
1,0,0
1,0,0
1,0,0
1,0,0
1,0,0
1,0,0
1,0,0
1,0,0
1,0,0
1,0,0
1,0,0
1,0,0
1,0,0
1,0,0
1,0,0
1,0,0
1,0,0
1,0,0
1,0,0
1,0,0
1,0,0
1,0,0
1,0,0
1,0,0
1,0,0
1,0,0
1,0,0
1,0,0
1,0,0
1,0,0
1,0,0
1,0,1
1,1,1
1,0,0
1,0,0
1,0,0
1,0,0
1,0,0
1,0,0
1,0,0
1,0,0
1,0,0
1,0,0
1,0,0
1,0,0
1,0,0
1,0,0
1,0,0
1,0,0
1,0,0
1,0,0
1,0,0
1,0,0
1,0,0
1,0,0
1,0,0
1,0,0
1,0,0
1,0,0
1,0,0
1,0,0
1,0,0
1,0,0
1,0,0
1,0,0
1,0,0
1,0,0
1,0,0
1,0,0
1,0,0
1,0,0
1,0,0
1,0,0
1,0,0
1,0,0
1,0,0
1,0,0
1,0,0
1,0,0
1,0,0
1,0,0
1,0,0
1,0,0
1,0,0
1,0,0
1,0,0
1,0,0
Total DB Queries This Round: 6505
Total time spent this round in seconds: 178.83719301223755
1,0,0
1,0,0
1,0,0
1,0,0
1,0,0
1,0,0
1,0,0
1,0,0
1,0,0
1,0,0
1,0,0
1,0,0
1,0,0
1,0,0
1,0,0
1,0,0
1,0,0
1,0,0
1,0,0
1,0,0
1,0,0
1,0,0
1,0,0
1,0,0
1,0,0
1,0,0
1,0,0
1,0,0
1,0,0
1,0,0
1,0,0
1,0,0
1,0,0
1,0,0
1,0,0
1,0,0
1,0,0
1,0,0
1,0,0
1,0,0
1,0,0
1,0,0
1,0,0
1,0,0
1,0,0
1,0,0
1,0,0
1,0,0
1,0,0
1,0,0
1,0,0
1,0,0
1,0,0
1,0,0
1,0,0
1,0,0
1,0,0
1,0,0
1,0,0
1,0,0
1,0,0
1,0,0
1,0,0
1,0,0
1,0,0
1,0,0
1,0,0
1,0,0
1,0,0
1,0,0
1,0,0
1,1,0
1,0,0
1,0,0
1,0,0
1,0,0
1,0,0
1,0,0
1,0,0
1,0,0
1,0,0
1,0,0
1,0,0
1,0,0
1,0,0
1,0,0
1,0,0
1,0,0
1,0,0
1,0,0
1,0,0
1,0,0
1,0,0
1,0,0
1,0,0
1,0,0
1,0,0
1,0,0
1,0,0
1,0,0
Total DB Queries This Round: 6471
Total time spent this round in seconds: 175.94058680534363
PERCENT IN TABLE OF 100: 2%
2,0,0
2,0,0
2,0,0
2,0,0
2,0,0
2,0,0
2,0,0
2,0,0
2,0,0
2,0,0
2,0,0
2,0,0
2,0,0
2,0,0
2,0,0
2,0,0
2,0,0
2,0,0
2,0,0
2,0,0
2,0,0
2,0,0
2,0,0
2,0,0
2,0,0
2,0,0
2,0,0
2,0,0
2,0,0
2,0,0
2,0,0
2,0,0
2,0,0
2,0,0
2,0,0
2,0,0
2,0,0
2,0,0
2,0,0
2,0,0
2,0,0
2,0,0
2,0,0
2,0,0
2,0,0
2,0,0
2,0,0
2,0,0
2,0,0
2,0,0
2,0,0
2,0,0
2,0,0
2,0,0
2,0,0
2,0,0
2,0,0
2,0,0
2,0,0
2,0,0
2,1,1
2,0,0
2,0,0
2,0,0
2,0,0
2,0,0
2,0,0
2,0,0
2,0,0
2,0,0
2,0,0
2,0,0
2,0,0
2,0,0
2,0,0
2,0,0
2,0,0
2,0,0
2,0,0
2,0,0
2,0,0
2,0,0
2,0,0
2,0,0
2,0,0
2,0,0
2,0,0
2,1,1
2,0,0
2,0,0
2,0,0
2,0,0
2,0,0
2,0,0
2,0,0
2,0,0
2,0,0
2,0,0
2,0,0
2,0,0
Total DB Queries This Round: 7142
Total time spent this round in seconds: 181.66614723205566
2,0,0
2,0,0
2,0,0
2,0,0
2,0,0
2,0,0
2,0,0
2,0,0
2,0,0
2,0,0
2,0,0
2,0,0
2,0,0
2,0,0
2,0,0
2,0,0
2,0,0
2,0,0
2,0,0
2,0,0
2,0,0
2,0,0
2,1,1
2,0,0
2,0,0
2,0,0
2,0,0
2,0,0
2,0,0
2,0,0
2,0,0
2,0,0
2,0,0
2,0,0
2,0,0
2,0,0
2,0,0
2,0,0
2,0,0
2,0,0
2,0,0
2,1,0
2,0,0
2,0,0
2,0,0
2,0,0
2,0,0
2,0,0
2,0,0
2,0,0
2,0,0
2,0,0
2,0,0
2,0,0
2,0,0
2,0,0
2,0,0
2,0,0
2,0,0
2,0,0
2,0,0
2,0,0
2,0,0
2,0,0
2,0,0
2,0,0
2,0,0
2,0,0
2,0,0
2,0,0
2,0,0
2,0,0
2,0,0
2,0,0
2,0,0
2,0,0
2,0,0
2,0,0
2,0,0
2,0,0
2,0,0
2,0,0
2,0,0
2,0,0
2,0,0
2,0,0
2,0,0
2,0,0
2,0,0
2,0,0
2,0,0
2,0,0
2,0,0
2,0,0
2,0,0
2,0,0
2,0,0
2,0,0
2,0,0
2,0,0
Total DB Queries This Round: 2118
Total time spent this round in seconds: 59.21262550354004
2,1,0
2,0,0
2,0,0
2,0,0
2,0,0
2,0,0
2,0,0
2,0,0
2,0,0
2,0,0
2,0,0
2,0,0
2,0,0
2,0,0
2,0,0
2,0,0
2,0,0
2,0,0
2,0,0
2,0,0
2,0,0
2,0,0
2,0,0
2,0,0
2,0,0
2,0,0
2,0,0
2,0,0
2,0,0
2,0,0
2,0,0
2,0,0
2,0,0
2,0,0
2,0,0
2,0,0
2,0,0
2,0,0
2,0,0
2,0,0
2,0,0
2,0,0
2,0,0
2,0,0
2,0,0
2,0,0
2,0,0
2,0,0
2,0,0
2,0,0
2,0,0
2,0,0
2,0,0
2,0,0
2,0,0
2,0,0
2,0,0
2,0,0
2,0,0
2,0,0
2,0,0
2,0,0
2,0,0
2,0,0
2,0,0
2,0,0
2,0,0
2,0,0
2,0,0
2,0,0
2,0,0
2,0,0
2,0,0
2,0,0
2,0,0
2,0,0
2,0,0
2,0,0
2,0,0
2,0,0
2,0,0
2,0,0
2,1,1
2,0,0
2,0,0
2,0,0
2,0,0
2,0,0
2,0,0
2,0,0
2,0,0
2,0,0
2,0,0
2,0,0
2,0,0
2,0,0
2,0,0
2,0,0
2,0,0
2,0,0
Total DB Queries This Round: 2071
Total time spent this round in seconds: 58.12268805503845
2,0,0
2,0,0
2,0,0
2,0,0
2,0,0
2,0,0
2,0,0
2,0,0
2,0,0
2,0,0
2,0,0
2,0,0
2,0,0
2,0,0
2,0,0
2,0,0
2,0,0
2,0,0
2,0,0
2,0,0
2,0,0
2,0,0
2,0,0
2,0,0
2,1,0
2,0,0
2,1,0
2,0,0
2,0,0
2,0,0
2,0,0
2,0,0
2,0,0
2,0,0
2,0,0
2,0,0
2,0,0
2,0,0
2,0,0
2,0,0
2,0,0
2,0,0
2,0,0
2,0,0
2,0,0
2,0,0
2,0,0
2,0,0
2,0,0
2,0,0
2,0,0
2,0,0
2,0,0
2,0,0
2,0,0
2,0,0
2,0,0
2,0,0
2,0,0
2,0,0
2,0,0
2,0,0
2,0,0
2,0,0
2,0,0
2,0,0
2,0,0
2,0,0
2,0,0
2,0,0
2,0,0
2,0,0
2,0,0
2,0,0
2,0,0
2,0,0
2,0,0
2,0,0
2,0,0
2,0,0
2,0,0
2,0,0
2,0,0
2,0,0
2,0,0
2,0,0
2,0,0
2,0,0
2,0,0
2,0,0
2,0,0
2,0,0
2,0,0
2,0,0
2,0,0
2,0,0
2,0,0
2,0,0
2,0,0
2,0,0
Total DB Queries This Round: 28789
Total time spent this round in seconds: 855.8650629520416
2,0,0
2,0,0
2,0,0
2,0,0
2,0,0
2,0,0
2,0,0
2,0,0
2,0,0
2,0,0
2,0,0
2,0,0
2,0,0
2,0,0
2,0,0
2,1,1
2,0,0
2,0,0
2,0,0
2,0,0
2,0,0
2,0,0
2,0,0
2,0,0
2,0,0
2,0,0
2,0,0
2,0,0
2,0,0
2,0,0
2,0,0
2,0,0
2,0,0
2,0,0
2,0,0
2,0,0
2,0,0
2,0,0
2,0,0
2,0,0
2,1,1
2,0,0
2,0,0
2,0,0
2,0,0
2,0,0
2,0,0
2,0,0
2,0,0
2,0,0
2,0,0
2,0,0
2,0,0
2,0,0
2,0,0
2,0,0
2,0,0
2,0,0
2,0,0
2,0,0
2,0,0
2,0,0
2,0,0
2,0,0
2,0,0
2,0,0
2,0,0
2,0,0
2,0,0
2,0,0
2,0,0
2,0,0
2,0,0
2,0,0
2,0,0
2,0,0
2,0,0
2,0,0
2,0,0
2,0,0
2,0,0
2,0,0
2,0,0
2,0,0
2,0,0
2,0,0
2,0,0
2,0,0
2,0,0
2,0,0
2,0,0
2,0,0
2,0,0
2,0,0
2,0,0
2,0,0
2,0,0
2,0,0
2,0,0
2,0,0
Total DB Queries This Round: 11585
Total time spent this round in seconds: 260.2382152080536
2,0,0
2,0,0
2,0,0
2,0,0
2,0,0
2,0,0
2,0,0
2,0,0
2,0,0
2,0,0
2,0,0
2,0,0
2,0,0
2,0,0
2,0,0
2,0,0
2,0,0
2,0,0
2,0,0
2,1,0
2,0,0
2,0,0
2,0,0
2,0,0
2,0,0
2,0,0
2,0,0
2,0,0
2,0,0
2,0,0
2,0,0
2,0,0
2,0,0
2,0,0
2,0,0
2,0,0
2,0,0
2,0,0
2,0,0
2,0,0
2,0,0
2,0,0
2,0,0
2,0,0
2,0,0
2,0,0
2,0,0
2,0,0
2,0,0
2,0,0
2,0,0
2,0,0
2,0,0
2,0,0
2,0,0
2,0,0
2,0,0
2,0,0
2,0,0
2,0,0
2,0,0
2,0,0
2,1,0
2,0,0
2,0,0
2,0,0
2,0,0
2,0,0
2,0,0
2,0,0
2,0,0
2,0,0
2,0,0
2,0,0
2,0,0
2,0,0
2,0,0
2,0,0
2,0,0
2,0,0
2,0,0
2,0,0
2,0,0
2,0,0
2,0,0
2,0,0
2,0,0
2,0,0
2,0,0
2,0,0
2,0,0
2,0,0
2,0,0
2,0,0
2,0,0
2,0,0
2,0,0
2,0,0
2,0,0
2,0,0
Total DB Queries This Round: 1818
Total time spent this round in seconds: 50.117010831832886
2,0,0
2,0,0
2,0,0
2,0,0
2,0,0
2,0,0
2,0,0
2,0,0
2,0,0
2,0,0
2,0,0
2,0,0
2,0,0
2,0,0
2,0,0
2,0,0
2,0,0
2,0,0
2,0,0
2,0,0
2,0,0
2,0,0
2,0,0
2,0,0
2,0,0
2,1,0
2,0,0
2,0,0
2,0,0
2,0,0
2,0,0
2,0,0
2,0,0
2,0,0
2,0,0
2,0,0
2,0,0
2,0,0
2,0,0
2,0,0
2,0,0
2,0,0
2,0,0
2,0,0
2,0,0
2,0,0
2,0,0
2,0,0
2,0,0
2,0,0
2,0,0
2,0,0
2,0,0
2,0,0
2,0,0
2,0,0
2,0,0
2,0,0
2,0,0
2,0,0
2,0,0
2,0,0
2,0,0
2,0,0
2,0,0
2,0,0
2,0,0
2,0,0
2,0,0
2,0,0
2,0,0
2,0,0
2,0,0
2,0,0
2,0,0
2,0,0
2,0,0
2,0,0
2,0,0
2,1,0
2,0,0
2,0,0
2,0,0
2,0,0
2,0,0
2,0,0
2,0,0
2,0,0
2,0,0
2,0,0
2,0,0
2,0,0
2,0,0
2,0,0
2,0,0
2,0,0
2,0,0
2,0,0
2,0,0
2,0,0
Total DB Queries This Round: 4092
Total time spent this round in seconds: 94.27251434326172
2,0,0
2,0,0
2,0,0
2,0,0
2,0,0
2,0,0
2,0,0
2,0,0
2,0,0
2,0,0
2,0,0
2,0,0
2,0,0
2,0,0
2,0,0
2,0,0
2,0,0
2,0,0
2,0,0
2,0,0
2,0,0
2,0,0
2,0,0
2,0,0
2,0,0
2,0,0
2,0,0
2,0,0
2,0,0
2,0,0
2,0,0
2,0,0
2,0,0
2,0,0
2,0,0
2,0,0
2,0,0
2,0,0
2,0,0
2,0,0
2,0,0
2,0,0
2,0,0
2,0,0
2,0,0
2,0,0
2,1,1
2,0,0
2,0,0
2,0,0
2,0,0
2,0,0
2,0,0
2,0,0
2,0,0
2,0,0
2,0,0
2,0,0
2,0,0
2,0,0
2,0,0
2,0,0
2,0,0
2,0,0
2,0,0
2,0,0
2,0,0
2,0,0
2,0,0
2,0,0
2,0,0
2,1,0
2,0,0
2,0,0
2,0,0
2,0,0
2,0,0
2,0,0
2,0,0
2,0,0
2,0,0
2,0,0
2,0,0
2,0,0
2,0,0
2,0,0
2,0,0
2,0,0
2,0,0
2,0,0
2,0,0
2,0,0
2,0,0
2,0,0
2,0,0
2,0,0
2,0,0
2,0,0
2,0,0
2,0,0
Total DB Queries This Round: 13653
Total time spent this round in seconds: 355.85203433036804
2,0,0
2,0,0
2,0,0
2,0,0
2,0,0
2,0,0
2,0,0
2,0,0
2,0,0
2,0,0
2,0,0
2,0,0
2,0,0
2,0,0
2,0,0
2,0,0
2,0,0
2,0,0
2,0,0
2,0,0
2,0,0
2,0,0
2,0,0
2,0,0
2,0,0
2,0,0
2,0,0
2,1,0
2,0,0
2,0,0
2,0,0
2,0,0
2,0,0
2,0,0
2,0,0
2,0,0
2,0,0
2,0,0
2,0,0
2,0,0
2,0,0
2,0,0
2,0,0
2,0,0
2,0,0
2,0,0
2,0,0
2,0,0
2,0,0
2,0,0
2,0,0
2,0,0
2,0,0
2,0,0
2,0,0
2,0,0
2,0,0
2,0,0
2,0,0
2,0,0
2,0,0
2,0,0
2,0,0
2,0,0
2,0,0
2,0,0
2,0,0
2,0,0
2,0,0
2,0,0
2,0,0
2,0,0
2,0,0
2,0,0
2,1,1
2,0,0
2,0,0
2,0,0
2,0,0
2,0,0
2,0,0
2,0,0
2,0,0
2,0,0
2,0,0
2,0,0
2,0,0
2,0,0
2,0,0
2,0,0
2,0,0
2,0,0
2,0,0
2,0,0
2,0,0
2,0,0
2,0,0
2,0,0
2,0,0
2,0,0
Total DB Queries This Round: 2143
Total time spent this round in seconds: 60.32381820678711
2,0,0
2,0,0
2,0,0
2,0,0
2,0,0
2,0,0
2,0,0
2,0,0
2,0,0
2,0,0
2,0,0
2,1,0
2,0,0
2,0,0
2,0,0
2,0,0
2,0,0
2,0,0
2,0,0
2,0,0
2,0,0
2,0,0
2,0,0
2,0,0
2,0,0
2,0,0
2,0,0
2,0,0
2,0,0
2,0,0
2,0,0
2,0,0
2,0,0
2,0,0
2,0,0
2,0,0
2,0,0
2,0,0
2,0,0
2,0,0
2,0,0
2,0,0
2,0,0
2,0,0
2,0,0
2,0,0
2,1,1
2,0,0
2,0,0
2,0,0
2,0,0
2,0,0
2,0,0
2,0,0
2,0,0
2,0,0
2,0,0
2,0,0
2,0,0
2,0,0
2,0,0
2,0,0
2,0,0
2,0,0
2,0,0
2,0,0
2,0,0
2,0,0
2,0,0
2,0,0
2,0,0
2,0,0
2,0,0
2,0,0
2,0,0
2,0,0
2,0,0
2,0,0
2,0,0
2,0,0
2,0,0
2,0,0
2,0,0
2,0,0
2,0,0
2,0,0
2,0,0
2,0,0
2,0,0
2,0,0
2,0,0
2,0,0
2,0,0
2,0,0
2,0,0
2,0,0
2,0,0
2,0,0
2,0,0
2,0,0
Total DB Queries This Round: 1899
Total time spent this round in seconds: 51.77440047264099
PERCENT IN TABLE OF 100: 3%
3,0,0
3,0,0
3,0,0
3,0,0
3,0,0
3,0,0
3,0,0
3,0,0
3,0,0
3,0,0
3,0,0
3,0,0
3,0,0
3,0,0
3,0,0
3,0,0
3,0,0
3,0,0
3,0,0
3,0,0
3,0,0
3,0,0
3,0,0
3,0,0
3,0,0
3,0,0
3,0,0
3,0,0
3,0,0
3,0,0
3,0,0
3,0,0
3,0,0
3,0,0
3,0,0
3,0,0
3,0,0
3,0,0
3,0,0
3,0,0
3,0,0
3,0,0
3,0,0
3,0,0
3,0,0
3,0,0
3,0,0
3,0,0
3,0,0
3,0,0
3,0,0
3,1,1
3,0,0
3,0,0
3,0,0
3,0,0
3,0,0
3,0,0
3,0,0
3,0,0
3,0,0
3,0,0
3,0,0
3,0,0
3,0,0
3,0,0
3,0,0
3,0,0
3,0,0
3,0,0
3,0,0
3,0,0
3,1,1
3,0,0
3,0,0
3,0,0
3,0,0
3,0,0
3,0,0
3,0,0
3,0,0
3,0,0
3,0,0
3,0,0
3,0,0
3,0,0
3,0,0
3,0,0
3,0,0
3,0,0
3,0,0
3,0,0
3,0,0
3,0,0
3,0,0
3,0,0
3,0,0
3,0,0
3,0,0
3,1,1
Total DB Queries This Round: 5388
Total time spent this round in seconds: 152.0103566646576
3,0,0
3,0,0
3,0,0
3,0,0
3,0,0
3,0,0
3,0,0
3,0,0
3,0,0
3,0,0
3,0,0
3,0,0
3,0,0
3,0,0
3,0,0
3,0,0
3,0,0
3,0,0
3,0,0
3,0,0
3,0,0
3,0,0
3,0,0
3,0,0
3,0,0
3,0,0
3,0,0
3,0,0
3,0,0
3,0,0
3,0,0
3,0,0
3,0,0
3,0,0
3,0,0
3,0,0
3,0,0
3,0,0
3,0,0
3,0,0
3,0,0
3,0,0
3,0,0
3,0,0
3,0,0
3,0,0
3,0,0
3,0,0
3,0,0
3,0,0
3,0,0
3,0,0
3,0,0
3,0,0
3,0,0
3,0,0
3,0,0
3,0,0
3,0,0
3,0,0
3,0,0
3,0,0
3,1,1
3,0,0
3,0,0
3,0,0
3,1,1
3,0,0
3,0,0
3,0,0
3,0,0
3,1,1
3,0,0
3,0,0
3,0,0
3,0,0
3,0,0
3,0,0
3,0,0
3,0,0
3,0,0
3,0,0
3,0,0
3,0,0
3,0,0
3,0,0
3,0,0
3,0,0
3,0,0
3,0,0
3,0,0
3,0,0
3,0,0
3,0,0
3,0,0
3,0,0
3,0,0
3,0,0
3,0,0
3,0,0
Total DB Queries This Round: 4605
Total time spent this round in seconds: 153.56140446662903
3,0,0
3,0,0
3,0,0
3,1,1
3,0,0
3,0,0
3,0,0
3,0,0
3,0,0
3,0,0
3,0,0
3,0,0
3,0,0
3,0,0
3,0,0
3,0,0
3,0,0
3,0,0
3,0,0
3,0,0
3,0,0
3,0,0
3,0,0
3,0,0
3,0,0
3,0,0
3,0,0
3,0,0
3,0,0
3,0,0
3,0,0
3,0,0
3,0,0
3,0,0
3,0,0
3,0,0
3,0,0
3,0,0
3,0,0
3,1,1
3,0,0
3,0,0
3,0,0
3,0,0
3,0,0
3,0,0
3,0,0
3,0,0
3,0,0
3,0,0
3,1,0
3,0,0
3,0,0
3,0,0
3,0,0
3,0,0
3,0,0
3,0,0
3,0,0
3,0,0
3,0,0
3,0,0
3,0,0
3,0,0
3,0,0
3,0,0
3,0,0
3,0,0
3,0,0
3,0,0
3,0,0
3,0,0
3,0,0
3,0,0
3,0,0
3,0,0
3,0,0
3,0,0
3,0,0
3,0,0
3,0,0
3,0,0
3,0,0
3,0,0
3,0,0
3,0,0
3,0,0
3,0,0
3,0,0
3,0,0
3,0,0
3,0,0
3,0,0
3,0,0
3,0,0
3,0,0
3,0,0
3,0,0
3,0,0
3,0,0
Total DB Queries This Round: 3817
Total time spent this round in seconds: 137.3049192428589
3,0,0
3,0,0
3,0,0
3,0,0
3,0,0
3,0,0
3,0,0
3,0,0
3,0,0
3,0,0
3,0,0
3,0,0
3,0,0
3,0,0
3,0,0
3,0,0
3,0,0
3,0,0
3,0,0
3,0,0
3,0,0
3,0,0
3,0,0
3,0,0
3,0,0
3,0,0
3,0,0
3,0,0
3,0,0
3,0,0
3,0,0
3,0,0
3,0,0
3,0,0
3,0,0
3,0,0
3,0,0
3,0,0
3,0,0
3,0,0
3,0,0
3,0,0
3,0,0
3,0,0
3,0,0
3,1,1
3,0,0
3,0,0
3,0,0
3,0,0
3,0,0
3,0,0
3,0,0
3,1,1
3,0,0
3,0,0
3,1,1
3,0,0
3,0,0
3,0,0
3,0,0
3,0,0
3,0,0
3,0,0
3,0,0
3,0,0
3,0,0
3,0,0
3,0,0
3,0,0
3,0,0
3,0,0
3,0,0
3,0,0
3,0,0
3,0,0
3,0,0
3,0,0
3,0,0
3,0,0
3,0,0
3,0,0
3,0,0
3,0,0
3,0,0
3,0,0
3,0,0
3,0,0
3,0,0
3,0,0
3,0,0
3,0,0
3,0,0
3,0,0
3,0,0
3,0,0
3,0,0
3,0,0
3,0,0
3,0,0
Total DB Queries This Round: 4035
Total time spent this round in seconds: 155.15584659576416
3,0,0
3,0,0
3,0,0
3,0,0
3,0,0
3,0,0
3,0,0
3,0,0
3,0,0
3,0,0
3,0,0
3,0,0
3,0,0
3,0,0
3,0,0
3,0,0
3,0,0
3,0,0
3,0,0
3,0,0
3,0,0
3,0,0
3,0,0
3,0,0
3,0,1
3,0,0
3,0,0
3,0,0
3,0,0
3,0,0
3,0,0
3,0,0
3,0,0
3,1,1
3,0,0
3,0,0
3,0,0
3,0,0
3,0,0
3,0,0
3,0,0
3,0,0
3,0,0
3,0,0
3,0,0
3,0,0
3,0,0
3,0,0
3,0,0
3,0,0
3,0,0
3,0,0
3,0,0
3,0,0
3,0,0
3,0,0
3,0,0
3,0,0
3,0,0
3,0,0
3,0,0
3,0,0
3,0,0
3,0,0
3,0,0
3,0,0
3,0,0
3,0,0
3,0,0
3,0,0
3,0,0
3,0,0
3,0,0
3,0,0
3,1,1
3,0,0
3,0,0
3,0,0
3,0,0
3,0,0
3,0,0
3,0,0
3,0,0
3,0,0
3,0,0
3,0,0
3,0,0
3,0,0
3,0,0
3,0,0
3,0,0
3,0,0
3,0,0
3,0,0
3,0,0
3,1,1
3,0,0
3,0,0
3,0,0
3,0,0
Total DB Queries This Round: 6121
Total time spent this round in seconds: 235.99416375160217
3,0,0
3,0,0
3,0,0
3,0,0
3,0,0
3,0,0
3,0,0
3,0,0
3,0,0
3,0,0
3,0,0
3,0,0
3,0,0
3,0,0
3,0,0
3,0,0
3,0,0
3,0,0
3,0,0
3,0,0
3,0,0
3,0,0
3,0,0
3,0,0
3,0,0
3,0,0
3,0,0
3,1,0
3,0,0
3,0,0
3,0,0
3,0,0
3,0,0
3,0,0
3,0,0
3,0,0
3,0,0
3,0,0
3,0,0
3,0,0
3,0,0
3,0,0
3,0,0
3,0,0
3,0,0
3,0,0
3,0,0
3,0,0
3,0,0
3,0,0
3,0,0
3,0,0
3,0,0
3,0,0
3,0,0
3,0,0
3,0,0
3,0,0
3,0,0
3,0,0
3,1,1
3,0,0
3,0,0
3,0,0
3,0,0
3,0,0
3,0,0
3,0,0
3,0,0
3,0,0
3,0,0
3,0,0
3,0,0
3,0,0
3,0,0
3,1,1
3,0,0
3,0,0
3,0,0
3,0,0
3,0,0
3,0,0
3,0,0
3,0,0
3,0,0
3,0,0
3,0,0
3,0,0
3,0,0
3,0,0
3,0,0
3,0,0
3,0,0
3,0,0
3,0,0
3,0,0
3,0,0
3,0,0
3,0,0
3,0,0
Total DB Queries This Round: 3405
Total time spent this round in seconds: 128.94105887413025
3,0,0
3,0,0
3,0,0
3,0,0
3,0,0
3,1,1
3,0,0
3,0,0
3,0,0
3,0,0
3,0,0
3,0,0
3,0,0
3,0,0
3,0,0
3,0,0
3,0,0
3,0,0
3,1,0
3,0,0
3,0,0
3,0,0
3,0,0
3,0,0
3,0,0
3,0,0
3,0,0
3,0,0
3,0,0
3,0,0
3,0,0
3,0,0
3,0,0
3,0,0
3,0,0
3,0,0
3,0,0
3,0,0
3,0,0
3,0,0
3,0,0
3,0,0
3,0,0
3,0,0
3,0,0
3,0,0
3,0,0
3,0,0
3,0,0
3,0,0
3,0,0
3,0,0
3,0,0
3,0,0
3,0,0
3,0,0
3,0,0
3,0,0
3,0,0
3,0,0
3,0,0
3,0,0
3,0,0
3,0,0
3,0,0
3,0,0
3,0,0
3,0,0
3,0,0
3,0,0
3,0,0
3,0,0
3,1,1
3,0,0
3,0,0
3,0,0
3,0,0
3,0,0
3,0,0
3,0,0
3,0,0
3,0,0
3,0,0
3,0,0
3,0,0
3,0,0
3,0,0
3,0,0
3,0,0
3,0,0
3,0,0
3,0,0
3,0,0
3,0,0
3,0,0
3,0,0
3,0,0
3,0,0
3,0,0
3,0,0
Total DB Queries This Round: 4290
Total time spent this round in seconds: 163.57898879051208
3,0,0
3,0,0
3,0,0
3,0,0
3,0,0
3,0,0
3,0,0
3,0,0
3,0,0
3,0,0
3,0,0
3,0,0
3,0,0
3,0,0
3,0,0
3,0,0
3,0,0
3,0,0
3,0,0
3,1,0
3,0,0
3,0,0
3,0,0
3,0,0
3,0,0
3,0,0
3,0,0
3,0,0
3,1,1
3,0,0
3,0,0
3,0,0
3,0,0
3,0,0
3,0,0
3,0,0
3,0,0
3,0,0
3,0,0
3,0,0
3,0,0
3,0,0
3,0,0
3,0,0
3,0,0
3,0,0
3,0,0
3,0,0
3,0,0
3,0,0
3,0,0
3,0,0
3,0,0
3,0,0
3,0,0
3,0,0
3,0,0
3,0,0
3,0,0
3,0,0
3,0,0
3,0,0
3,0,0
3,0,0
3,0,0
3,0,0
3,0,0
3,0,0
3,0,0
3,0,0
3,0,0
3,0,0
3,0,0
3,0,0
3,0,0
3,0,0
3,0,0
3,0,0
3,0,0
3,0,0
3,0,0
3,0,0
3,0,0
3,0,0
3,0,0
3,1,0
3,0,0
3,0,0
3,0,0
3,0,0
3,0,0
3,0,0
3,0,0
3,0,0
3,0,0
3,0,0
3,0,0
3,0,0
3,0,0
3,0,0
Total DB Queries This Round: 3435
Total time spent this round in seconds: 128.62804579734802
3,0,0
3,0,0
3,0,0
3,0,0
3,0,0
3,0,0
3,0,0
3,0,0
3,0,0
3,0,0
3,0,0
3,0,0
3,0,0
3,0,0
3,0,0
3,0,0
3,0,0
3,0,0
3,0,0
3,0,0
3,0,0
3,0,0
3,0,0
3,0,0
3,0,0
3,0,0
3,0,0
3,0,0
3,0,0
3,0,0
3,0,0
3,0,0
3,0,0
3,0,0
3,0,0
3,0,0
3,0,0
3,0,0
3,0,0
3,0,0
3,1,1
3,0,0
3,0,0
3,0,0
3,0,0
3,0,0
3,0,0
3,0,0
3,0,0
3,0,0
3,0,0
3,0,0
3,0,0
3,0,0
3,0,0
3,0,0
3,1,1
3,1,1
3,0,0
3,0,0
3,0,0
3,0,0
3,0,0
3,0,0
3,0,0
3,0,0
3,0,0
3,0,0
3,0,0
3,0,0
3,0,0
3,0,0
3,0,0
3,0,0
3,0,0
3,0,0
3,0,0
3,0,0
3,0,0
3,0,0
3,0,0
3,0,0
3,0,0
3,0,0
3,0,0
3,0,0
3,0,0
3,0,0
3,0,0
3,0,0
3,0,0
3,0,0
3,0,0
3,0,0
3,0,0
3,0,0
3,0,0
3,0,0
3,0,0
3,0,0
Total DB Queries This Round: 4734
Total time spent this round in seconds: 167.59269785881042
3,0,0
3,0,0
3,0,0
3,0,0
3,0,0
3,0,0
3,0,0
3,0,0
3,0,0
3,0,0
3,0,0
3,0,0
3,0,0
3,0,0
3,0,0
3,0,0
3,0,0
3,0,0
3,0,0
3,0,0
3,0,0
3,0,0
3,0,0
3,0,0
3,0,0
3,0,0
3,1,1
3,0,0
3,0,0
3,0,0
3,0,0
3,0,0
3,0,0
3,0,0
3,0,0
3,0,0
3,0,0
3,0,0
3,0,0
3,0,0
3,0,0
3,0,0
3,0,0
3,0,0
3,0,0
3,0,0
3,0,0
3,0,0
3,0,0
3,0,0
3,0,0
3,0,0
3,0,0
3,0,0
3,1,1
3,0,0
3,0,0
3,0,0
3,0,0
3,0,0
3,0,0
3,0,0
3,0,0
3,0,0
3,0,0
3,0,0
3,0,0
3,0,0
3,0,0
3,0,0
3,0,0
3,0,0
3,0,0
3,0,0
3,0,0
3,0,0
3,0,0
3,0,0
3,0,0
3,0,0
3,0,0
3,0,0
3,0,0
3,0,0
3,0,0
3,0,0
3,0,0
3,0,0
3,0,0
3,0,0
3,0,0
3,0,0
3,0,0
3,0,0
3,1,1
3,0,0
3,0,0
3,0,0
3,0,0
3,0,0
Total DB Queries This Round: 3898
Total time spent this round in seconds: 137.47363924980164
PERCENT IN TABLE OF 100: 4%
4,0,0
4,0,0
4,0,0
4,0,0
4,1,1
4,0,0
4,0,0
4,0,0
4,0,0
4,0,0
4,0,0
4,0,0
4,0,0
4,0,0
4,1,0
4,0,0
4,0,0
4,0,0
4,0,0
4,0,0
4,0,0
4,0,0
4,0,0
4,0,0
4,0,0
4,0,0
4,0,0
4,0,0
4,0,0
4,0,0
4,0,0
4,0,0
4,0,0
4,0,0
4,0,0
4,0,0
4,0,0
4,0,0
4,0,0
4,0,0
4,0,0
4,0,0
4,0,0
4,0,0
4,0,0
4,0,0
4,1,1
4,0,0
4,0,1
4,1,1
4,0,0
4,0,0
4,0,0
4,0,0
4,0,0
4,0,0
4,0,0
4,0,0
4,0,0
4,0,0
4,0,0
4,0,0
4,0,0
4,0,0
4,0,0
4,0,0
4,0,0
4,0,0
4,0,0
4,0,0
4,0,0
4,0,0
4,0,0
4,0,0
4,0,0
4,0,0
4,0,0
4,0,0
4,0,0
4,0,0
4,0,0
4,0,0
4,0,0
4,0,0
4,0,0
4,0,0
4,0,0
4,0,0
4,0,0
4,0,0
4,0,0
4,0,0
4,0,0
4,0,0
4,0,0
4,0,0
4,0,0
4,0,0
4,0,0
4,0,0
Total DB Queries This Round: 7164
Total time spent this round in seconds: 269.8718764781952
4,1,1
4,0,0
4,0,0
4,0,0
4,0,0
4,0,0
4,0,0
4,0,0
4,0,0
4,0,0
4,0,0
4,0,0
4,0,0
4,0,0
4,0,0
4,0,0
4,0,0
4,0,0
4,0,0
4,0,0
4,0,0
4,0,0
4,0,0
4,0,0
4,0,0
4,0,0
4,0,0
4,0,0
4,0,0
4,0,0
4,0,0
4,0,0
4,0,0
4,0,0
4,0,0
4,0,0
4,0,0
4,0,0
4,1,1
4,0,0
4,0,0
4,0,0
4,0,0
4,0,0
4,0,0
4,0,0
4,0,0
4,0,0
4,0,0
4,0,0
4,0,0
4,0,0
4,0,0
4,0,0
4,0,0
4,0,0
4,1,1
4,0,0
4,0,0
4,0,0
4,1,1
4,0,0
4,0,0
4,0,0
4,0,0
4,0,0
4,0,0
4,0,0
4,0,0
4,0,0
4,0,0
4,0,0
4,0,0
4,0,0
4,0,0
4,0,0
4,0,0
4,0,0
4,0,0
4,0,0
4,0,0
4,0,0
4,0,0
4,0,0
4,0,0
4,0,0
4,0,0
4,0,0
4,0,0
4,0,0
4,0,0
4,0,0
4,0,0
4,0,0
4,0,0
4,0,0
4,0,0
4,0,0
4,0,0
4,0,0
Total DB Queries This Round: 11242
Total time spent this round in seconds: 435.53718543052673
4,0,0
4,0,0
4,0,0
4,0,0
4,0,0
4,0,0
4,0,0
4,0,0
4,0,0
4,0,0
4,0,0
4,0,0
4,0,0
4,0,0
4,0,0
4,0,0
4,0,0
4,0,0
4,0,0
4,0,0
4,0,0
4,0,0
4,0,0
4,0,0
4,0,0
4,0,0
4,0,0
4,0,0
4,0,0
4,0,0
4,0,0
4,0,0
4,0,0
4,0,0
4,0,0
4,0,0
4,0,0
4,0,0
4,0,0
4,0,0
4,0,0
4,0,0
4,0,0
4,0,0
4,0,0
4,0,0
4,0,0
4,0,0
4,0,0
4,0,0
4,0,1
4,1,1
4,1,1
4,0,0
4,0,0
4,0,0
4,0,0
4,0,0
4,0,0
4,0,0
4,0,0
4,0,0
4,1,0
4,0,0
4,0,0
4,0,0
4,0,0
4,0,0
4,0,0
4,0,0
4,0,0
4,0,0
4,0,0
4,0,0
4,0,0
4,0,0
4,0,0
4,0,0
4,0,0
4,0,0
4,0,0
4,0,0
4,0,0
4,0,0
4,0,0
4,0,0
4,0,0
4,0,0
4,0,0
4,0,0
4,0,0
4,0,0
4,0,0
4,0,0
4,0,0
4,0,0
4,0,0
4,1,0
4,0,0
4,0,0
Total DB Queries This Round: 6591
Total time spent this round in seconds: 250.6807701587677
4,0,0
4,1,0
4,0,0
4,0,0
4,0,0
4,1,0
4,0,0
4,0,0
4,0,0
4,0,0
4,0,0
4,0,0
4,0,0
4,0,0
4,0,0
4,0,0
4,0,0
4,0,0
4,0,0
4,0,0
4,0,0
4,0,0
4,0,0
4,0,0
4,0,0
4,0,0
4,0,0
4,0,0
4,0,0
4,0,0
4,0,0
4,0,0
4,0,0
4,0,0
4,0,0
4,0,0
4,0,0
4,0,0
4,0,0
4,1,0
4,0,0
4,0,0
4,0,0
4,0,0
4,0,0
4,0,0
4,0,0
4,0,0
4,0,0
4,0,0
4,0,0
4,0,0
4,0,0
4,0,0
4,0,0
4,0,0
4,0,0
4,0,0
4,0,0
4,0,0
4,0,0
4,0,0
4,0,0
4,0,0
4,0,0
4,0,0
4,0,0
4,0,0
4,0,0
4,0,0
4,0,0
4,0,0
4,0,0
4,0,0
4,0,0
4,0,0
4,0,0
4,0,0
4,0,0
4,0,0
4,0,0
4,0,0
4,0,0
4,1,0
4,0,0
4,0,0
4,0,0
4,0,0
4,0,0
4,0,0
4,0,0
4,0,0
4,0,0
4,0,0
4,0,0
4,0,0
4,0,0
4,0,0
4,0,0
4,0,0
Total DB Queries This Round: 5456
Total time spent this round in seconds: 205.00387930870056
4,0,0
4,0,0
4,0,0
4,0,0
4,0,0
4,0,0
4,0,0
4,0,0
4,0,0
4,0,0
4,0,0
4,0,0
4,0,0
4,0,0
4,0,0
4,0,0
4,0,0
4,0,0
4,0,0
4,0,0
4,0,0
4,0,0
4,0,0
4,0,0
4,1,1
4,0,0
4,0,0
4,0,0
4,0,0
4,0,0
4,0,0
4,0,0
4,0,0
4,0,0
4,0,0
4,0,0
4,0,0
4,0,0
4,0,0
4,0,0
4,0,0
4,0,0
4,0,0
4,0,0
4,0,0
4,1,1
4,0,0
4,0,0
4,0,0
4,0,0
4,0,0
4,0,0
4,0,0
4,1,1
4,0,0
4,0,0
4,0,0
4,0,0
4,0,0
4,0,0
4,0,0
4,0,0
4,0,0
4,0,0
4,0,0
4,0,0
4,0,0
4,0,0
4,0,0
4,0,0
4,0,0
4,0,0
4,0,0
4,0,0
4,0,0
4,1,0
4,0,0
4,0,0
4,0,0
4,0,0
4,0,0
4,0,0
4,0,0
4,0,0
4,0,0
4,0,0
4,0,0
4,0,0
4,0,0
4,0,0
4,0,0
4,0,0
4,0,0
4,0,0
4,0,0
4,0,0
4,0,0
4,0,0
4,0,0
4,0,0
Total DB Queries This Round: 6088
Total time spent this round in seconds: 227.38490557670593
4,0,0
4,0,0
4,0,0
4,0,0
4,0,0
4,0,0
4,0,0
4,0,0
4,0,0
4,0,0
4,0,0
4,0,0
4,0,0
4,0,0
4,0,0
4,1,0
4,1,0
4,0,0
4,0,0
4,0,0
4,0,0
4,0,0
4,0,0
4,0,0
4,0,0
4,0,0
4,0,0
4,0,0
4,0,0
4,0,0
4,0,0
4,0,0
4,0,0
4,0,0
4,0,0
4,0,0
4,0,0
4,0,0
4,0,0
4,0,0
4,0,0
4,0,0
4,0,0
4,0,0
4,0,0
4,0,0
4,0,0
4,0,0
4,0,0
4,0,0
4,0,0
4,0,0
4,0,0
4,0,0
4,0,0
4,0,0
4,0,0
4,0,0
4,0,0
4,0,0
4,0,0
4,0,0
4,0,0
4,0,0
4,0,0
4,0,0
4,0,0
4,0,0
4,0,0
4,0,0
4,0,0
4,0,0
4,0,0
4,0,0
4,1,1
4,0,0
4,0,0
4,0,0
4,0,0
4,0,0
4,0,0
4,0,0
4,0,0
4,0,0
4,0,0
4,0,0
4,0,0
4,0,0
4,1,1
4,0,0
4,0,0
4,0,0
4,0,0
4,0,0
4,0,0
4,0,0
4,0,0
4,0,0
4,0,0
4,0,0
Total DB Queries This Round: 5993
Total time spent this round in seconds: 224.49494624137878
4,0,0
4,0,0
4,0,0
4,0,0
4,0,0
4,0,0
4,0,0
4,0,0
4,0,0
4,0,0
4,0,0
4,0,0
4,0,0
4,0,0
4,0,0
4,0,0
4,0,0
4,0,0
4,0,0
4,0,0
4,0,0
4,0,0
4,0,0
4,0,0
4,0,0
4,0,0
4,0,0
4,0,0
4,0,0
4,0,0
4,0,0
4,0,0
4,0,0
4,0,0
4,0,0
4,1,1
4,0,0
4,0,0
4,0,0
4,0,0
4,0,0
4,0,0
4,0,0
4,0,0
4,0,0
4,0,0
4,0,0
4,0,0
4,0,0
4,0,0
4,0,0
4,0,0
4,0,0
4,0,0
4,0,0
4,0,0
4,0,0
4,0,0
4,0,0
4,0,0
4,0,0
4,0,0
4,0,0
4,0,0
4,0,0
4,0,0
4,0,0
4,0,0
4,1,1
4,0,0
4,0,0
4,0,0
4,0,0
4,0,0
4,0,0
4,0,0
4,0,0
4,0,0
4,0,0
4,0,0
4,0,0
4,0,0
4,0,0
4,0,0
4,1,0
4,0,0
4,0,0
4,0,0
4,0,0
4,0,0
4,0,0
4,0,0
4,0,0
4,0,0
4,0,0
4,0,0
4,0,0
4,0,0
4,1,1
4,0,0
Total DB Queries This Round: 6768
Total time spent this round in seconds: 261.551034450531
4,0,0
4,0,0
4,0,0
4,0,0
4,0,0
4,0,0
4,0,0
4,0,0
4,0,0
4,0,0
4,1,0
4,0,0
4,0,0
4,0,0
4,0,0
4,0,0
4,0,0
4,0,0
4,0,0
4,0,0
4,0,0
4,0,0
4,0,0
4,0,0
4,0,0
4,0,0
4,0,0
4,0,0
4,0,0
4,0,0
4,0,0
4,0,0
4,0,0
4,0,0
4,0,0
4,0,0
4,0,0
4,0,0
4,0,0
4,0,0
4,0,0
4,0,0
4,0,0
4,0,0
4,0,0
4,0,0
4,0,0
4,0,0
4,0,0
4,0,0
4,0,0
4,0,0
4,0,0
4,0,0
4,0,0
4,0,0
4,0,0
4,0,0
4,0,0
4,0,0
4,0,0
4,0,0
4,0,0
4,0,0
4,0,0
4,0,0
4,0,0
4,0,0
4,0,0
4,0,0
4,0,0
4,0,0
4,0,0
4,0,0
4,0,0
4,0,0
4,1,1
4,0,0
4,0,0
4,0,0
4,0,0
4,0,0
4,0,0
4,0,0
4,0,0
4,0,0
4,0,0
4,0,0
4,0,0
4,0,0
4,0,0
4,0,0
4,1,1
4,0,0
4,1,1
4,0,0
4,0,0
4,0,0
4,0,0
4,0,0
Total DB Queries This Round: 6862
Total time spent this round in seconds: 263.5909278392792
4,0,0
4,0,0
4,0,0
4,0,0
4,0,0
4,0,0
4,0,0
4,0,0
4,0,0
4,0,0
4,0,0
4,1,0
4,0,0
4,0,0
4,0,0
4,0,0
4,0,0
4,0,0
4,0,0
4,0,0
4,0,0
4,0,0
4,0,0
4,0,0
4,0,0
4,0,0
4,0,0
4,0,0
4,0,0
4,0,0
4,0,0
4,0,0
4,0,0
4,0,0
4,0,0
4,0,0
4,0,0
4,0,0
4,0,0
4,0,0
4,0,0
4,0,0
4,0,0
4,0,0
4,0,0
4,0,0
4,0,0
4,0,0
4,0,0
4,0,0
4,0,0
4,0,0
4,0,0
4,0,0
4,0,0
4,0,0
4,0,0
4,0,0
4,0,0
4,0,0
4,0,0
4,0,0
4,1,0
4,0,0
4,0,0
4,0,0
4,0,0
4,1,1
4,0,0
4,0,0
4,0,0
4,0,0
4,0,0
4,0,0
4,1,1
4,0,0
4,0,0
4,0,0
4,0,0
4,0,0
4,0,0
4,0,0
4,0,0
4,0,0
4,0,0
4,0,0
4,0,0
4,0,0
4,0,0
4,0,0
4,0,0
4,0,0
4,0,0
4,0,0
4,0,0
4,0,0
4,0,0
4,0,0
4,0,0
4,0,0
Total DB Queries This Round: 6254
Total time spent this round in seconds: 240.44231534004211
4,0,0
4,0,0
4,0,0
4,0,0
4,0,0
4,0,0
4,0,0
4,0,0
4,0,0
4,0,0
4,1,1
4,0,0
4,0,0
4,0,0
4,0,0
4,0,0
4,1,1
4,0,0
4,0,0
4,0,0
4,0,0
4,0,0
4,0,0
4,0,0
4,0,0
4,1,1
4,0,0
4,0,0
4,0,0
4,0,0
4,0,0
4,0,0
4,0,0
4,0,0
4,0,0
4,0,0
4,0,0
4,0,0
4,0,0
4,0,0
4,0,0
4,0,0
4,0,0
4,0,0
4,0,0
4,0,0
4,0,0
4,0,0
4,0,0
4,0,0
4,0,0
4,0,0
4,0,0
4,0,0
4,0,0
4,0,0
4,0,0
4,0,0
4,0,0
4,0,0
4,0,0
4,0,0
4,0,0
4,0,0
4,0,0
4,0,0
4,0,0
4,0,0
4,0,0
4,0,0
4,0,0
4,0,0
4,0,0
4,0,0
4,0,0
4,1,1
4,0,0
4,0,0
4,0,0
4,0,0
4,0,0
4,0,0
4,0,0
4,0,0
4,0,0
4,0,0
4,0,0
4,0,0
4,0,0
4,0,0
4,0,0
4,0,0
4,0,0
4,0,0
4,0,0
4,0,0
4,0,0
4,0,0
4,0,0
4,0,0
Total DB Queries This Round: 8278
Total time spent this round in seconds: 320.27886509895325
PERCENT IN TABLE OF 100: 5%
5,0,0
5,0,0
5,0,0
5,1,1
5,0,0
5,0,0
5,0,0
5,0,0
5,0,0
5,0,0
5,0,0
5,0,0
5,0,0
5,0,0
5,0,0
5,0,0
5,0,0
5,0,0
5,0,0
5,0,0
5,0,0
5,0,0
5,0,0
5,0,0
5,0,0
5,0,0
5,0,0
5,0,0
5,0,0
5,0,0
5,0,0
5,0,0
5,0,0
5,0,0
5,0,0
5,0,0
5,0,0
5,0,0
5,1,1
5,0,0
5,0,0
5,0,0
5,0,0
5,0,0
5,0,0
5,0,0
5,0,0
5,0,0
5,0,0
5,0,0
5,0,0
5,0,0
5,0,0
5,0,0
5,0,0
5,0,0
5,0,0
5,0,0
5,0,0
5,0,0
5,0,0
5,0,0
5,0,0
5,0,0
5,0,0
5,0,0
5,0,0
5,0,0
5,1,1
5,0,0
5,0,0
5,0,0
5,0,0
5,0,0
5,0,0
5,0,0
5,0,0
5,0,0
5,0,0
5,0,0
5,0,0
5,1,1
5,0,0
5,0,0
5,0,0
5,0,0
5,0,0
5,0,0
5,0,0
5,0,0
5,0,0
5,0,0
5,0,0
5,0,0
5,0,0
5,0,0
5,0,0
5,1,1
5,0,0
5,0,0
Total DB Queries This Round: 49592
Total time spent this round in seconds: 986.0464432239532
5,0,0
5,0,0
5,0,0
5,0,0
5,0,0
5,0,0
5,1,1
5,0,0
5,0,0
5,0,0
5,0,0
5,0,0
5,0,0
5,0,0
5,0,0
5,0,0
5,0,0
5,0,0
5,1,1
5,0,0
5,0,0
5,0,0
5,0,0
5,0,0
5,0,0
5,0,0
5,0,0
5,0,0
5,0,0
5,0,0
5,0,0
5,0,0
5,0,0
5,0,0
5,0,0
5,0,0
5,0,0
5,0,0
5,0,0
5,1,1
5,0,0
5,0,0
5,0,0
5,0,0
5,0,0
5,0,0
5,0,0
5,0,0
5,1,1
5,0,0
5,0,0
5,0,0
5,0,0
5,0,0
5,0,0
5,0,0
5,0,0
5,0,0
5,0,0
5,0,0
5,0,0
5,0,0
5,0,0
5,0,0
5,1,1
5,0,0
5,0,0
5,0,0
5,0,0
5,0,0
5,0,0
5,0,0
5,0,0
5,0,0
5,0,0
5,0,0
5,0,0
5,0,0
5,0,0
5,0,0
5,0,0
5,0,0
5,0,0
5,0,0
5,0,0
5,0,0
5,0,0
5,0,0
5,0,0
5,0,0
5,0,0
5,0,0
5,0,0
5,0,0
5,0,0
5,0,0
5,0,0
5,0,0
5,0,0
5,0,0
Total DB Queries This Round: 13727
Total time spent this round in seconds: 339.6176333427429
5,0,0
5,0,0
5,0,0
5,0,0
5,0,0
5,0,0
5,0,0
5,0,0
5,0,0
5,0,0
5,0,0
5,0,0
5,0,0
5,0,0
5,0,0
5,0,0
5,0,0
5,0,0
5,0,0
5,1,1
5,0,0
5,0,0
5,0,0
5,0,0
5,0,0
5,0,0
5,0,0
5,0,0
5,0,0
5,0,0
5,0,0
5,0,0
5,0,0
5,0,0
5,0,0
5,0,0
5,0,0
5,0,0
5,0,0
5,0,0
5,0,0
5,0,0
5,0,0
5,0,0
5,0,0
5,0,0
5,0,0
5,0,0
5,0,0
5,0,0
5,0,0
5,0,0
5,0,0
5,0,0
5,0,0
5,0,0
5,0,0
5,0,0
5,0,0
5,0,0
5,0,0
5,0,0
5,0,0
5,0,0
5,0,0
5,0,0
5,0,0
5,0,0
5,0,0
5,0,0
5,0,0
5,0,0
5,0,0
5,0,0
5,0,0
5,0,0
5,1,0
5,0,0
5,0,0
5,0,0
5,0,0
5,1,1
5,0,0
5,0,0
5,1,1
5,0,1
5,0,0
5,0,0
5,0,0
5,0,0
5,0,0
5,0,0
5,0,0
5,1,0
5,0,0
5,0,0
5,0,0
5,0,0
5,0,0
5,0,0
Total DB Queries This Round: 19034
Total time spent this round in seconds: 428.9796380996704
5,0,0
5,0,0
5,0,0
5,0,0
5,0,0
5,0,0
5,0,0
5,0,0
5,0,0
5,0,0
5,0,0
5,0,0
5,0,0
5,0,0
5,0,0
5,0,0
5,0,0
5,0,0
5,0,0
5,0,0
5,0,0
5,0,0
5,0,0
5,0,0
5,0,0
5,0,0
5,0,0
5,0,0
5,0,0
5,0,0
5,0,0
5,0,0
5,0,0
5,0,0
5,0,0
5,0,0
5,0,0
5,1,1
5,0,0
5,0,0
5,0,0
5,0,0
5,0,0
5,0,0
5,0,0
5,0,0
5,0,0
5,0,0
5,0,0
5,0,0
5,0,0
5,0,0
5,0,0
5,0,0
5,0,0
5,0,0
5,0,0
5,0,0
5,0,0
5,0,0
5,0,0
5,0,0
5,0,0
5,0,0
5,0,0
5,0,0
5,0,0
5,0,0
5,1,1
5,0,0
5,0,0
5,1,1
5,0,0
5,0,0
5,0,0
5,0,0
5,0,0
5,0,0
5,0,0
5,0,0
5,0,0
5,0,0
5,0,0
5,0,0
5,0,0
5,0,0
5,0,0
5,0,0
5,0,0
5,0,0
5,0,0
5,1,1
5,0,0
5,0,0
5,0,0
5,1,1
5,0,0
5,0,0
5,0,0
5,0,0
Total DB Queries This Round: 10396
Total time spent this round in seconds: 308.1658618450165
5,0,0
5,0,0
5,0,0
5,1,0
5,0,0
5,0,0
5,0,0
5,0,0
5,0,0
5,0,0
5,0,0
5,0,0
5,0,0
5,0,0
5,0,0
5,0,0
5,0,0
5,0,0
5,0,0
5,0,0
5,0,0
5,0,0
5,0,0
5,0,0
5,0,0
5,0,0
5,0,0
5,0,0
5,1,0
5,0,0
5,0,0
5,0,0
5,0,0
5,0,0
5,0,0
5,0,0
5,0,0
5,0,0
5,0,0
5,0,0
5,0,0
5,0,0
5,1,0
5,0,0
5,0,0
5,0,0
5,0,0
5,0,0
5,0,0
5,0,0
5,0,0
5,0,0
5,0,0
5,0,0
5,1,0
5,0,0
5,0,0
5,0,0
5,0,0
5,0,0
5,0,0
5,0,0
5,0,0
5,0,0
5,0,0
5,0,0
5,0,0
5,0,0
5,0,0
5,0,0
5,0,0
5,0,0
5,0,0
5,0,0
5,0,0
5,0,0
5,0,0
5,0,0
5,0,0
5,0,0
5,0,0
5,0,0
5,0,0
5,0,0
5,0,0
5,1,0
5,0,0
5,0,0
5,0,0
5,0,0
5,0,0
5,0,0
5,0,0
5,0,0
5,0,0
5,0,0
5,0,0
5,0,0
5,0,0
5,0,0
Total DB Queries This Round: 5790
Total time spent this round in seconds: 157.34113335609436
5,0,0
5,0,0
5,0,0
5,0,0
5,0,0
5,0,0
5,0,0
5,0,0
5,0,0
5,1,1
5,0,0
5,0,0
5,0,0
5,0,0
5,0,0
5,0,0
5,0,0
5,0,0
5,0,0
5,0,0
5,0,0
5,0,0
5,0,0
5,0,0
5,0,0
5,0,0
5,0,0
5,0,0
5,0,0
5,0,0
5,0,0
5,0,0
5,0,0
5,0,0
5,0,0
5,0,0
5,0,0
5,0,0
5,0,0
5,0,0
5,0,0
5,0,0
5,0,0
5,0,0
5,0,0
5,0,0
5,0,0
5,0,0
5,0,0
5,0,0
5,0,0
5,1,1
5,0,0
5,0,0
5,0,0
5,0,0
5,0,0
5,0,0
5,0,0
5,0,0
5,0,0
5,0,0
5,0,0
5,0,0
5,0,0
5,0,0
5,0,0
5,0,0
5,0,0
5,0,0
5,0,0
5,0,0
5,1,1
5,0,0
5,0,0
5,0,0
5,0,0
5,1,1
5,0,0
5,1,1
5,0,0
5,0,0
5,0,0
5,0,0
5,0,0
5,0,0
5,0,0
5,0,0
5,0,0
5,0,0
5,0,0
5,0,0
5,0,0
5,0,0
5,0,0
5,0,0
5,0,0
5,0,0
5,0,0
5,0,0
Total DB Queries This Round: 16166
Total time spent this round in seconds: 365.4418671131134
5,0,0
5,1,0
5,0,0
5,0,0
5,0,0
5,0,0
5,0,0
5,0,0
5,0,0
5,0,0
5,0,0
5,0,0
5,0,0
5,0,0
5,0,0
5,0,0
5,0,0
5,0,0
5,0,0
5,0,0
5,0,0
5,0,0
5,0,0
5,0,0
5,0,0
5,0,0
5,0,0
5,0,0
5,0,0
5,0,0
5,0,0
5,0,0
5,0,0
5,0,0
5,0,0
5,1,0
5,0,0
5,0,0
5,0,0
5,0,0
5,0,0
5,0,0
5,0,0
5,0,0
5,0,0
5,0,0
5,0,0
5,0,0
5,1,0
5,0,0
5,0,0
5,0,0
5,0,0
5,0,0
5,0,0
5,0,0
5,0,0
5,0,0
5,0,0
5,0,0
5,0,0
5,0,0
5,0,0
5,0,0
5,0,0
5,0,0
5,0,0
5,0,0
5,0,0
5,0,0
5,0,0
5,0,0
5,0,0
5,0,0
5,0,0
5,0,0
5,0,0
5,0,0
5,0,0
5,0,0
5,0,0
5,0,0
5,0,0
5,0,0
5,0,0
5,0,0
5,0,0
5,0,0
5,1,0
5,0,0
5,0,0
5,0,0
5,0,0
5,0,0
5,0,0
5,0,0
5,1,0
5,0,0
5,0,0
5,0,0
Total DB Queries This Round: 6232
Total time spent this round in seconds: 173.65895462036133
5,0,0
5,1,0
5,0,0
5,0,0
5,0,0
5,0,0
5,0,0
5,0,0
5,0,0
5,0,0
5,0,0
5,0,0
5,0,0
5,0,0
5,0,0
5,0,0
5,0,0
5,0,0
5,0,0
5,0,0
5,0,0
5,0,0
5,0,0
5,1,0
5,0,0
5,0,0
5,0,0
5,0,0
5,0,0
5,0,0
5,0,0
5,0,0
5,0,0
5,0,0
5,0,0
5,0,0
5,0,0
5,0,0
5,0,0
5,0,0
5,0,0
5,0,0
5,0,0
5,0,0
5,0,0
5,0,0
5,0,0
5,0,0
5,0,0
5,0,0
5,0,0
5,0,0
5,0,0
5,0,0
5,0,0
5,0,0
5,0,0
5,0,0
5,0,0
5,0,0
5,0,0
5,0,0
5,0,0
5,0,0
5,0,0
5,0,0
5,0,0
5,0,0
5,0,0
5,0,0
5,0,0
5,0,0
5,0,0
5,0,0
5,0,0
5,0,0
5,0,0
5,0,0
5,0,0
5,0,0
5,0,0
5,0,0
5,1,0
5,0,0
5,0,0
5,0,0
5,0,0
5,0,0
5,0,0
5,0,0
5,1,0
5,0,0
5,0,0
5,0,0
5,0,0
5,0,0
5,0,0
5,0,0
5,1,0
5,0,0
Total DB Queries This Round: 6440
Total time spent this round in seconds: 174.00989294052124
5,0,0
5,0,0
5,0,0
5,0,0
5,0,0
5,0,0
5,0,0
5,0,0
5,0,0
5,0,0
5,0,0
5,0,0
5,0,0
5,0,0
5,0,0
5,0,0
5,0,0
5,0,0
5,0,0
5,0,0
5,0,0
5,0,0
5,0,0
5,0,0
5,0,0
5,0,0
5,0,0
5,0,0
5,0,0
5,0,0
5,1,1
5,0,0
5,0,0
5,0,0
5,0,0
5,0,0
5,0,0
5,0,0
5,0,0
5,0,0
5,0,0
5,0,0
5,0,0
5,0,0
5,0,0
5,0,0
5,0,0
5,0,0
5,0,0
5,0,0
5,0,0
5,0,0
5,0,0
5,0,0
5,1,1
5,0,0
5,0,0
5,0,0
5,0,0
5,0,0
5,0,0
5,0,0
5,0,0
5,0,0
5,0,0
5,0,0
5,0,0
5,0,0
5,0,0
5,0,0
5,0,0
5,1,1
5,0,0
5,0,0
5,1,0
5,0,0
5,0,0
5,0,0
5,0,0
5,0,0
5,0,0
5,0,0
5,0,0
5,0,0
5,1,0
5,0,0
5,0,0
5,0,0
5,0,0
5,0,0
5,0,0
5,0,0
5,0,0
5,0,0
5,0,0
5,0,0
5,0,0
5,0,0
5,0,0
5,0,0
Total DB Queries This Round: 17934
Total time spent this round in seconds: 346.2175190448761
5,0,0
5,0,0
5,0,0
5,0,0
5,0,0
5,0,0
5,0,0
5,0,0
5,0,0
5,0,0
5,0,0
5,0,0
5,0,0
5,0,0
5,0,0
5,0,0
5,0,0
5,0,0
5,0,0
5,0,0
5,0,0
5,0,0
5,0,0
5,0,0
5,0,0
5,0,0
5,0,0
5,0,0
5,1,1
5,0,0
5,0,0
5,0,0
5,1,1
5,0,0
5,0,0
5,0,0
5,0,0
5,0,0
5,0,0
5,0,0
5,0,0
5,0,0
5,0,0
5,0,0
5,0,0
5,0,0
5,0,0
5,0,0
5,0,0
5,0,0
5,0,0
5,0,0
5,0,1
5,0,0
5,1,1
5,0,0
5,0,0
5,0,0
5,0,0
5,0,0
5,0,0
5,0,0
5,0,0
5,0,0
5,0,0
5,0,0
5,1,1
5,0,0
5,0,0
5,0,0
5,0,0
5,0,0
5,0,0
5,0,0
5,1,1
5,0,0
5,0,0
5,0,0
5,0,0
5,0,0
5,0,0
5,0,0
5,0,0
5,0,0
5,0,0
5,0,0
5,0,0
5,0,0
5,0,0
5,0,0
5,0,1
5,0,0
5,0,0
5,0,0
5,0,0
5,0,0
5,0,0
5,0,0
5,0,1
5,0,0
Total DB Queries This Round: 47438
Total time spent this round in seconds: 915.4330418109894
PERCENT IN TABLE OF 100: 6%
6,0,0
6,0,0
6,0,0
6,0,0
6,0,0
6,0,0
6,0,0
6,0,0
6,0,0
6,0,0
6,0,0
6,0,0
6,0,0
6,0,0
6,0,0
6,0,0
6,0,0
6,0,0
6,0,0
6,0,0
6,0,0
6,0,0
6,0,0
6,0,0
6,0,0
6,0,0
6,0,0
6,0,0
6,0,0
6,0,0
6,0,0
6,0,0
6,0,0
6,0,0
6,0,0
6,0,0
6,0,0
6,0,0
6,0,0
6,1,1
6,0,0
6,0,0
6,0,0
6,0,0
6,0,0
6,0,0
6,0,0
6,0,0
6,0,0
6,0,0
6,0,0
6,0,0
6,0,0
6,1,0
6,0,0
6,0,0
6,0,0
6,0,0
6,0,0
6,0,0
6,0,0
6,0,0
6,0,0
6,0,0
6,0,0
6,0,0
6,0,0
6,0,0
6,0,0
6,0,0
6,0,0
6,0,0
6,0,0
6,0,0
6,0,0
6,0,0
6,0,0
6,0,0
6,0,0
6,0,0
6,0,0
6,0,0
6,0,0
6,0,0
6,1,1
6,0,0
6,1,1
6,0,0
6,0,0
6,0,0
6,0,0
6,1,1
6,0,0
6,0,0
6,0,0
6,0,0
6,1,1
6,0,0
6,0,0
6,0,0
Total DB Queries This Round: 3433
Total time spent this round in seconds: 95.68534636497498
6,0,0
6,0,0
6,0,0
6,0,0
6,0,0
6,0,0
6,0,0
6,0,0
6,1,1
6,0,0
6,0,0
6,0,0
6,0,0
6,0,0
6,0,0
6,0,0
6,0,0
6,0,0
6,0,0
6,0,1
6,0,1
6,0,0
6,0,1
6,0,0
6,0,0
6,0,1
6,0,0
6,0,0
6,0,0
6,0,0
6,0,0
6,0,0
6,0,0
6,0,0
6,0,0
6,1,1
6,0,0
6,0,0
6,0,1
6,0,1
6,0,0
6,0,0
6,0,0
6,0,0
6,0,0
6,0,0
6,0,0
6,0,0
6,0,0
6,0,0
6,0,0
6,0,0
6,0,1
6,1,1
6,0,0
6,0,0
6,0,0
6,0,0
6,0,0
6,0,0
6,0,0
6,0,0
6,0,0
6,0,0
6,0,0
6,0,0
6,0,0
6,0,0
6,1,1
6,0,0
6,0,1
6,1,1
6,1,1
6,0,0
6,0,0
6,0,0
6,0,0
6,0,0
6,0,0
6,0,1
6,0,0
6,0,0
6,0,0
6,0,0
6,0,0
6,0,0
6,0,0
6,0,0
6,0,0
6,0,0
6,0,0
6,0,0
6,0,0
6,0,0
6,0,0
6,0,0
6,0,0
6,0,0
6,0,0
6,0,0
Total DB Queries This Round: 6924
Total time spent this round in seconds: 191.42671251296997
6,0,0
6,0,0
6,0,0
6,0,0
6,0,0
6,0,0
6,0,0
6,0,0
6,0,0
6,0,0
6,0,0
6,0,0
6,0,0
6,0,0
6,0,0
6,0,0
6,0,0
6,0,0
6,0,0
6,0,0
6,0,0
6,0,0
6,0,0
6,0,0
6,0,0
6,0,0
6,1,1
6,0,0
6,0,0
6,0,0
6,0,0
6,0,0
6,0,0
6,0,0
6,0,0
6,0,0
6,0,0
6,1,1
6,0,0
6,0,0
6,0,0
6,0,0
6,0,0
6,0,0
6,0,0
6,0,0
6,0,0
6,0,0
6,0,0
6,0,0
6,0,0
6,0,0
6,0,0
6,0,0
6,0,0
6,0,0
6,0,0
6,0,0
6,1,0
6,0,0
6,0,0
6,1,1
6,0,0
6,0,0
6,0,0
6,0,0
6,0,0
6,0,0
6,0,0
6,0,0
6,0,0
6,0,0
6,0,0
6,0,0
6,0,0
6,1,0
6,0,0
6,0,0
6,0,0
6,0,0
6,0,0
6,0,0
6,0,0
6,0,0
6,0,0
6,0,0
6,0,0
6,0,0
6,0,0
6,0,0
6,0,0
6,0,0
6,0,0
6,0,0
6,0,0
6,0,0
6,0,0
6,0,0
6,0,0
6,1,1
Total DB Queries This Round: 3178
Total time spent this round in seconds: 85.24654912948608
6,0,0
6,0,0
6,0,0
6,0,0
6,0,0
6,0,0
6,0,0
6,0,0
6,0,0
6,0,0
6,0,0
6,0,0
6,0,0
6,0,0
6,0,0
6,0,0
6,0,0
6,0,0
6,0,0
6,0,0
6,1,1
6,0,0
6,0,0
6,0,0
6,0,0
6,0,0
6,0,0
6,0,0
6,0,0
6,0,0
6,0,0
6,0,0
6,1,1
6,0,0
6,0,0
6,0,0
6,0,0
6,0,0
6,0,0
6,1,0
6,0,0
6,0,0
6,0,0
6,0,0
6,1,1
6,0,0
6,0,0
6,0,0
6,0,0
6,0,0
6,0,0
6,0,0
6,0,0
6,0,0
6,0,0
6,0,0
6,0,0
6,0,0
6,0,0
6,0,0
6,0,0
6,0,0
6,0,0
6,0,0
6,0,0
6,0,0
6,0,0
6,0,0
6,0,0
6,0,0
6,0,0
6,0,0
6,1,1
6,0,0
6,0,0
6,0,0
6,0,0
6,0,0
6,0,0
6,0,0
6,0,0
6,0,0
6,0,0
6,0,0
6,0,0
6,0,0
6,0,0
6,0,0
6,0,0
6,0,0
6,0,0
6,0,0
6,0,0
6,0,0
6,1,0
6,0,0
6,0,0
6,0,0
6,0,0
6,0,0
Total DB Queries This Round: 2717
Total time spent this round in seconds: 76.48549723625183
6,0,0
6,0,0
6,0,0
6,0,0
6,1,1
6,0,0
6,0,0
6,0,0
6,0,0
6,0,0
6,0,0
6,0,0
6,0,0
6,0,0
6,0,0
6,0,0
6,0,0
6,0,0
6,0,0
6,0,0
6,0,0
6,0,0
6,0,0
6,0,0
6,0,0
6,0,0
6,0,0
6,0,0
6,0,0
6,0,0
6,0,0
6,1,1
6,0,0
6,0,0
6,0,0
6,0,0
6,0,0
6,0,0
6,0,0
6,0,0
6,0,0
6,0,0
6,0,0
6,1,1
6,0,0
6,0,0
6,0,0
6,0,0
6,0,0
6,0,0
6,0,0
6,0,0
6,0,0
6,0,0
6,0,0
6,0,0
6,0,0
6,0,0
6,0,0
6,1,0
6,0,0
6,0,0
6,1,1
6,0,0
6,0,0
6,0,0
6,0,0
6,0,0
6,0,0
6,0,0
6,0,0
6,0,0
6,0,0
6,0,0
6,0,0
6,0,0
6,0,0
6,0,0
6,0,0
6,0,0
6,0,0
6,0,0
6,0,0
6,0,0
6,0,0
6,0,0
6,1,0
6,0,0
6,0,0
6,0,0
6,0,0
6,0,0
6,0,0
6,0,0
6,0,0
6,0,0
6,0,0
6,0,0
6,0,0
6,0,0
Total DB Queries This Round: 10423
Total time spent this round in seconds: 266.18762040138245
6,0,0
6,0,0
6,0,0
6,0,0
6,0,0
6,0,0
6,0,0
6,0,0
6,0,0
6,0,0
6,0,0
6,0,0
6,0,0
6,0,0
6,1,1
6,1,1
6,0,0
6,0,0
6,0,0
6,0,0
6,0,0
6,0,0
6,0,0
6,0,0
6,0,0
6,0,0
6,0,0
6,1,0
6,0,0
6,0,0
6,0,0
6,0,0
6,0,0
6,1,1
6,0,0
6,1,0
6,0,0
6,0,0
6,0,0
6,0,0
6,0,0
6,0,0
6,0,0
6,0,0
6,0,0
6,0,0
6,0,0
6,0,0
6,0,0
6,0,0
6,0,0
6,0,0
6,0,0
6,0,0
6,0,0
6,0,0
6,0,0
6,0,0
6,0,0
6,1,1
6,0,0
6,0,0
6,0,0
6,0,0
6,0,0
6,0,0
6,0,0
6,0,0
6,0,0
6,0,0
6,0,0
6,0,0
6,0,0
6,0,0
6,0,0
6,0,0
6,0,0
6,0,0
6,0,0
6,0,0
6,0,0
6,0,0
6,0,0
6,0,0
6,0,0
6,0,0
6,0,0
6,0,0
6,0,0
6,0,0
6,0,0
6,0,0
6,0,0
6,0,0
6,0,0
6,0,0
6,0,0
6,0,0
6,0,0
6,0,0
Total DB Queries This Round: 2347
Total time spent this round in seconds: 62.91812062263489
6,0,0
6,0,0
6,0,0
6,0,0
6,0,0
6,0,0
6,0,0
6,0,0
6,0,0
6,0,0
6,0,0
6,0,0
6,0,0
6,0,0
6,1,1
6,0,0
6,0,0
6,0,0
6,0,0
6,0,0
6,0,0
6,0,0
6,0,0
6,0,0
6,0,0
6,0,0
6,1,1
6,0,0
6,0,0
6,0,0
6,0,0
6,0,0
6,0,0
6,0,0
6,0,0
6,0,0
6,0,0
6,0,0
6,0,0
6,0,0
6,0,0
6,0,0
6,0,0
6,0,0
6,0,0
6,0,0
6,1,0
6,0,0
6,0,0
6,0,0
6,0,0
6,1,1
6,0,0
6,0,0
6,0,0
6,0,0
6,0,0
6,0,0
6,0,0
6,0,0
6,0,0
6,0,0
6,0,0
6,0,0
6,0,0
6,0,0
6,0,0
6,0,0
6,0,0
6,0,0
6,0,0
6,1,1
6,0,0
6,0,0
6,1,0
6,0,0
6,0,0
6,0,0
6,0,0
6,0,0
6,0,0
6,0,0
6,0,0
6,0,0
6,0,0
6,0,0
6,0,0
6,0,0
6,0,0
6,0,0
6,0,0
6,0,0
6,0,0
6,0,0
6,0,0
6,0,0
6,0,0
6,0,0
6,0,0
6,0,0
Total DB Queries This Round: 2975
Total time spent this round in seconds: 78.56159377098083
6,0,0
6,0,0
6,0,0
6,0,0
6,1,1
6,0,0
6,0,0
6,0,0
6,0,0
6,0,0
6,0,0
6,0,0
6,0,0
6,0,0
6,0,0
6,1,1
6,0,0
6,0,0
6,0,0
6,0,0
6,0,0
6,0,0
6,1,1
6,0,0
6,0,0
6,0,0
6,0,0
6,0,0
6,0,0
6,0,0
6,0,0
6,0,0
6,0,0
6,0,0
6,0,0
6,0,0
6,0,0
6,0,0
6,0,0
6,0,0
6,0,0
6,0,0
6,0,0
6,0,0
6,0,0
6,0,0
6,0,0
6,0,0
6,0,0
6,0,0
6,0,0
6,0,0
6,0,0
6,0,0
6,0,0
6,0,0
6,0,0
6,0,0
6,0,0
6,1,0
6,0,0
6,0,0
6,0,0
6,0,0
6,0,0
6,0,0
6,0,0
6,0,0
6,0,0
6,0,0
6,0,0
6,0,0
6,0,0
6,0,0
6,0,0
6,0,0
6,0,0
6,0,0
6,0,0
6,0,0
6,0,0
6,0,0
6,0,0
6,0,0
6,0,0
6,0,0
6,0,0
6,1,1
6,0,0
6,0,0
6,1,0
6,0,0
6,0,0
6,0,0
6,0,0
6,0,0
6,0,0
6,0,0
6,0,0
6,0,0
Total DB Queries This Round: 3043
Total time spent this round in seconds: 82.27237343788147
6,0,0
6,0,0
6,0,0
6,0,0
6,1,0
6,0,0
6,0,0
6,0,0
6,0,0
6,0,0
6,0,0
6,0,0
6,0,0
6,0,0
6,0,0
6,0,0
6,1,0
6,0,0
6,0,0
6,0,0
6,0,0
6,0,0
6,0,0
6,0,0
6,0,0
6,0,0
6,0,0
6,0,0
6,0,0
6,0,0
6,0,0
6,0,0
6,0,0
6,0,0
6,0,0
6,0,0
6,0,0
6,0,0
6,0,0
6,0,0
6,0,0
6,0,0
6,0,0
6,0,0
6,0,0
6,0,0
6,0,0
6,0,0
6,0,0
6,0,0
6,0,0
6,0,0
6,0,0
6,1,0
6,0,0
6,0,0
6,1,1
6,0,0
6,0,0
6,0,0
6,0,0
6,0,0
6,0,0
6,0,0
6,0,0
6,1,1
6,0,0
6,0,0
6,0,0
6,0,0
6,0,0
6,0,0
6,0,0
6,0,0
6,0,0
6,0,0
6,0,0
6,0,0
6,0,0
6,0,0
6,0,0
6,0,0
6,0,0
6,0,0
6,1,0
6,0,0
6,0,0
6,0,0
6,0,0
6,0,0
6,0,0
6,0,0
6,0,0
6,0,0
6,0,0
6,0,0
6,0,0
6,0,0
6,0,0
6,0,0
Total DB Queries This Round: 3094
Total time spent this round in seconds: 84.63988924026489
6,1,1
6,0,0
6,0,0
6,0,0
6,0,0
6,1,1
6,0,0
6,0,0
6,0,0
6,0,0
6,0,0
6,0,0
6,0,0
6,0,0
6,0,0
6,0,0
6,0,0
6,0,0
6,0,0
6,0,0
6,0,0
6,0,0
6,0,0
6,0,0
6,1,1
6,0,0
6,0,0
6,0,0
6,0,0
6,0,0
6,0,0
6,0,0
6,0,0
6,1,1
6,0,0
6,0,0
6,0,0
6,0,0
6,0,0
6,0,0
6,0,0
6,0,0
6,0,0
6,0,0
6,0,0
6,0,0
6,0,0
6,0,0
6,0,0
6,0,0
6,0,0
6,0,0
6,0,0
6,0,0
6,0,0
6,0,0
6,0,0
6,0,0
6,0,0
6,0,0
6,0,0
6,0,0
6,0,0
6,0,0
6,0,0
6,0,0
6,0,0
6,0,0
6,0,0
6,0,0
6,0,0
6,1,1
6,0,0
6,0,0
6,0,0
6,0,0
6,0,0
6,0,0
6,0,0
6,0,0
6,0,0
6,0,0
6,1,0
6,0,0
6,0,0
6,0,0
6,0,0
6,0,0
6,0,0
6,0,0
6,0,0
6,0,0
6,0,0
6,0,0
6,0,0
6,0,0
6,0,0
6,0,0
6,0,0
6,0,0
Total DB Queries This Round: 3824
Total time spent this round in seconds: 107.25246977806091
PERCENT IN TABLE OF 100: 7%
7,1,1
7,0,0
7,0,0
7,0,0
7,1,1
7,1,1
7,0,0
7,0,0
7,0,0
7,0,0
7,0,0
7,0,0
7,0,0
7,0,0
7,0,0
7,0,0
7,0,0
7,0,0
7,0,0
7,0,0
7,0,0
7,0,0
7,0,0
7,0,0
7,0,0
7,0,0
7,0,0
7,0,0
7,0,0
7,0,0
7,0,0
7,0,0
7,0,0
7,0,0
7,0,0
7,0,0
7,0,0
7,0,0
7,0,0
7,1,1
7,0,0
7,0,0
7,0,0
7,1,0
7,0,0
7,0,0
7,0,0
7,0,0
7,0,0
7,0,0
7,0,0
7,0,0
7,0,0
7,0,0
7,0,0
7,0,0
7,0,0
7,0,0
7,0,0
7,0,0
7,0,0
7,0,0
7,0,0
7,0,0
7,1,1
7,0,0
7,0,0
7,0,0
7,0,0
7,0,0
7,0,0
7,0,0
7,0,0
7,0,0
7,0,0
7,0,0
7,0,0
7,0,0
7,0,0
7,0,0
7,0,0
7,0,0
7,0,0
7,0,0
7,0,0
7,1,1
7,0,0
7,0,0
7,0,0
7,0,0
7,0,0
7,0,0
7,0,0
7,0,0
7,0,0
7,0,0
7,0,0
7,0,0
7,0,0
7,0,0
Total DB Queries This Round: 5200
Total time spent this round in seconds: 167.4038121700287
7,0,1
7,0,1
7,1,1
7,0,0
7,0,0
7,0,0
7,0,1
7,0,0
7,0,0
7,0,0
7,0,0
7,0,0
7,0,0
7,0,0
7,0,0
7,0,0
7,0,0
7,0,0
7,1,1
7,0,1
7,0,0
7,0,0
7,0,0
7,0,0
7,0,0
7,0,0
7,0,0
7,0,0
7,0,0
7,0,0
7,0,0
7,0,0
7,0,0
7,0,0
7,0,0
7,0,0
7,0,0
7,0,0
7,0,0
7,0,0
7,0,1
7,0,1
7,0,0
7,0,0
7,0,0
7,0,0
7,0,0
7,0,0
7,0,0
7,0,0
7,0,0
7,0,0
7,0,0
7,0,0
7,0,0
7,0,0
7,0,0
7,0,0
7,0,0
7,0,0
7,1,1
7,0,0
7,0,0
7,1,1
7,0,0
7,0,0
7,0,0
7,0,0
7,0,1
7,0,1
7,0,0
7,0,0
7,0,0
7,0,0
7,0,0
7,0,0
7,0,0
7,1,1
7,0,0
7,0,0
7,0,0
7,0,0
7,0,0
7,0,0
7,0,0
7,0,0
7,0,0
7,0,0
7,1,1
7,0,0
7,0,0
7,0,0
7,1,1
7,0,0
7,0,0
7,0,0
7,0,0
7,0,0
7,0,0
7,0,0
Total DB Queries This Round: 9705
Total time spent this round in seconds: 367.0118782520294
7,1,1
7,0,0
7,0,0
7,0,0
7,0,0
7,0,0
7,0,0
7,0,0
7,0,0
7,0,0
7,0,0
7,0,0
7,0,0
7,1,1
7,1,1
7,0,0
7,0,0
7,0,0
7,0,0
7,0,0
7,0,0
7,0,0
7,0,1
7,1,1
7,0,0
7,0,0
7,0,0
7,0,0
7,0,0
7,0,0
7,0,0
7,0,0
7,0,0
7,0,0
7,0,0
7,0,0
7,0,0
7,0,0
7,0,0
7,0,0
7,0,0
7,0,0
7,0,0
7,0,0
7,0,0
7,0,0
7,0,0
7,0,0
7,0,0
7,0,0
7,0,0
7,0,0
7,0,0
7,0,0
7,0,0
7,0,0
7,0,0
7,0,0
7,0,0
7,0,0
7,0,0
7,0,0
7,0,0
7,0,0
7,0,0
7,0,0
7,0,0
7,0,0
7,0,0
7,0,0
7,0,0
7,0,0
7,0,0
7,0,0
7,0,0
7,0,0
7,0,0
7,0,0
7,0,0
7,1,0
7,0,0
7,0,0
7,0,0
7,1,1
7,0,0
7,1,0
7,0,0
7,0,0
7,0,0
7,0,0
7,0,0
7,0,0
7,0,0
7,0,0
7,0,0
7,0,0
7,0,0
7,0,0
7,0,0
7,0,0
Total DB Queries This Round: 5856
Total time spent this round in seconds: 218.63924145698547
7,0,0
7,0,0
7,0,0
7,1,1
7,0,0
7,0,0
7,0,0
7,0,0
7,0,0
7,0,0
7,0,0
7,0,0
7,0,0
7,0,0
7,0,0
7,0,0
7,0,0
7,0,0
7,0,0
7,0,0
7,0,0
7,0,0
7,0,0
7,0,0
7,0,0
7,0,0
7,0,0
7,0,0
7,0,0
7,0,0
7,0,0
7,0,0
7,1,0
7,0,0
7,0,0
7,0,0
7,0,0
7,0,0
7,0,0
7,0,0
7,0,0
7,0,0
7,0,0
7,0,0
7,0,0
7,0,0
7,0,0
7,0,0
7,0,0
7,1,1
7,0,0
7,0,0
7,0,0
7,0,0
7,0,0
7,0,0
7,0,0
7,0,0
7,0,0
7,0,0
7,0,0
7,1,1
7,0,0
7,0,0
7,0,0
7,0,0
7,0,0
7,0,0
7,0,0
7,0,0
7,0,0
7,0,0
7,0,0
7,0,0
7,0,0
7,0,0
7,0,0
7,1,0
7,0,0
7,0,0
7,0,0
7,0,0
7,0,0
7,0,0
7,0,0
7,0,0
7,0,0
7,0,0
7,0,0
7,1,1
7,0,0
7,0,0
7,0,0
7,0,0
7,1,1
7,0,0
7,0,0
7,0,0
7,0,0
7,0,0
Total DB Queries This Round: 5368
Total time spent this round in seconds: 195.74913477897644
7,0,0
7,0,0
7,1,1
7,0,0
7,0,0
7,0,0
7,0,0
7,0,0
7,1,1
7,0,0
7,0,0
7,0,0
7,0,0
7,1,0
7,0,0
7,0,0
7,0,0
7,0,0
7,0,0
7,0,0
7,0,0
7,0,0
7,0,0
7,0,0
7,0,0
7,0,0
7,1,0
7,0,0
7,0,0
7,0,0
7,0,0
7,0,0
7,0,0
7,0,0
7,0,0
7,0,0
7,0,0
7,0,0
7,0,0
7,0,0
7,0,0
7,0,0
7,0,0
7,0,0
7,0,0
7,0,0
7,0,0
7,0,0
7,0,0
7,1,0
7,0,0
7,0,0
7,0,0
7,0,0
7,0,0
7,0,0
7,0,0
7,0,0
7,0,0
7,0,0
7,0,0
7,0,0
7,0,0
7,1,1
7,0,0
7,0,0
7,0,0
7,0,0
7,0,0
7,0,0
7,0,0
7,0,0
7,0,0
7,0,0
7,0,0
7,0,0
7,0,0
7,0,0
7,1,1
7,0,0
7,0,0
7,0,0
7,0,0
7,0,0
7,0,0
7,0,0
7,0,0
7,0,0
7,0,0
7,0,0
7,0,0
7,0,0
7,0,0
7,0,0
7,0,0
7,0,0
7,0,0
7,0,0
7,0,0
7,0,0
Total DB Queries This Round: 4046
Total time spent this round in seconds: 139.10970211029053
7,1,1
7,0,0
7,0,0
7,0,0
7,0,0
7,0,0
7,0,0
7,1,1
7,0,0
7,0,0
7,0,0
7,0,0
7,0,0
7,0,0
7,0,0
7,0,0
7,0,0
7,0,0
7,0,0
7,0,0
7,0,0
7,0,0
7,0,0
7,0,0
7,0,0
7,0,0
7,0,0
7,0,0
7,0,0
7,0,0
7,1,1
7,0,0
7,0,0
7,0,0
7,0,0
7,1,0
7,1,1
7,0,0
7,0,0
7,0,0
7,0,0
7,0,0
7,0,0
7,0,0
7,0,0
7,0,0
7,0,0
7,0,0
7,0,0
7,0,0
7,0,0
7,0,0
7,0,0
7,0,0
7,0,0
7,0,0
7,0,0
7,0,0
7,0,0
7,0,0
7,0,0
7,0,0
7,0,0
7,0,0
7,0,0
7,0,0
7,0,0
7,0,0
7,0,0
7,0,0
7,0,0
7,0,0
7,0,0
7,0,0
7,0,0
7,0,0
7,0,0
7,0,0
7,0,0
7,0,0
7,0,0
7,0,0
7,0,0
7,0,0
7,0,0
7,0,0
7,0,0
7,0,0
7,0,0
7,0,0
7,0,0
7,0,0
7,0,0
7,0,0
7,0,0
7,0,0
7,1,0
7,0,0
7,0,0
7,1,0
Total DB Queries This Round: 4747
Total time spent this round in seconds: 182.4479751586914
7,0,0
7,0,0
7,0,0
7,0,0
7,0,0
7,0,0
7,0,0
7,1,1
7,0,0
7,0,0
7,0,0
7,0,0
7,0,0
7,0,0
7,0,0
7,0,0
7,0,0
7,0,0
7,0,0
7,0,0
7,1,1
7,1,1
7,1,0
7,0,0
7,0,0
7,0,0
7,0,0
7,0,0
7,0,0
7,0,0
7,0,0
7,0,0
7,0,0
7,0,0
7,0,0
7,0,0
7,0,0
7,0,0
7,0,0
7,0,0
7,0,0
7,0,0
7,0,0
7,0,0
7,0,0
7,0,0
7,0,0
7,0,0
7,0,0
7,0,0
7,0,0
7,0,0
7,0,0
7,0,0
7,0,0
7,0,0
7,0,0
7,0,0
7,0,0
7,0,0
7,0,0
7,0,0
7,0,0
7,0,0
7,1,0
7,0,0
7,0,0
7,0,0
7,0,0
7,0,0
7,0,0
7,0,0
7,1,1
7,0,0
7,0,0
7,0,0
7,0,0
7,0,0
7,0,0
7,0,0
7,0,0
7,0,0
7,0,0
7,0,0
7,0,0
7,0,0
7,0,0
7,1,1
7,0,0
7,0,0
7,0,0
7,0,0
7,0,0
7,0,0
7,0,0
7,0,0
7,0,0
7,0,0
7,0,0
7,0,0
Total DB Queries This Round: 5120
Total time spent this round in seconds: 194.20920205116272
7,0,0
7,0,0
7,0,0
7,0,0
7,0,0
7,0,0
7,1,1
7,0,0
7,0,0
7,1,1
7,0,0
7,0,0
7,0,0
7,0,0
7,0,0
7,0,0
7,0,0
7,0,0
7,0,0
7,0,0
7,0,0
7,0,0
7,0,0
7,0,0
7,0,0
7,0,0
7,0,0
7,0,0
7,0,0
7,0,0
7,0,0
7,0,0
7,0,0
7,0,0
7,0,0
7,0,0
7,0,0
7,0,0
7,0,0
7,0,0
7,0,0
7,0,0
7,0,0
7,0,0
7,0,0
7,0,0
7,0,0
7,0,0
7,0,0
7,0,0
7,0,0
7,1,1
7,0,0
7,0,0
7,1,1
7,0,0
7,1,1
7,0,0
7,0,0
7,0,0
7,0,0
7,0,0
7,0,0
7,0,0
7,0,0
7,0,0
7,0,0
7,0,0
7,0,0
7,0,0
7,0,0
7,0,0
7,0,0
7,0,0
7,0,0
7,0,0
7,0,0
7,0,0
7,0,0
7,0,0
7,1,0
7,0,0
7,0,0
7,0,0
7,0,0
7,0,0
7,1,0
7,0,0
7,0,0
7,0,0
7,0,0
7,0,0
7,0,0
7,0,0
7,0,0
7,0,0
7,0,0
7,0,0
7,0,0
7,0,0
Total DB Queries This Round: 5162
Total time spent this round in seconds: 197.4310884475708
7,0,0
7,0,0
7,0,0
7,0,0
7,0,0
7,0,0
7,0,0
7,0,0
7,0,0
7,0,0
7,0,0
7,0,0
7,0,0
7,0,0
7,0,0
7,0,0
7,0,0
7,0,0
7,0,0
7,0,0
7,1,1
7,0,0
7,0,0
7,0,0
7,0,0
7,0,0
7,0,0
7,0,0
7,0,0
7,0,0
7,0,0
7,0,0
7,0,0
7,0,0
7,0,0
7,0,0
7,0,0
7,0,0
7,0,0
7,0,0
7,0,0
7,0,0
7,0,0
7,0,0
7,0,0
7,1,1
7,0,0
7,0,0
7,0,0
7,0,0
7,0,0
7,0,0
7,0,0
7,0,0
7,0,0
7,0,0
7,0,0
7,1,0
7,0,0
7,0,0
7,0,0
7,0,0
7,0,0
7,0,0
7,1,1
7,0,0
7,0,0
7,0,0
7,0,0
7,1,1
7,0,0
7,0,0
7,0,0
7,0,0
7,0,0
7,0,0
7,0,0
7,0,0
7,1,1
7,0,0
7,0,0
7,0,0
7,0,0
7,0,0
7,0,0
7,0,0
7,1,0
7,0,0
7,0,0
7,0,0
7,0,0
7,0,0
7,0,0
7,0,0
7,0,0
7,0,0
7,0,0
7,0,0
7,0,0
7,0,0
Total DB Queries This Round: 5936
Total time spent this round in seconds: 218.77833652496338
7,0,0
7,0,0
7,0,0
7,0,0
7,0,0
7,0,0
7,0,0
7,0,0
7,0,0
7,0,0
7,0,0
7,0,0
7,0,0
7,0,0
7,0,0
7,0,0
7,0,0
7,0,0
7,0,0
7,0,0
7,0,0
7,0,0
7,0,0
7,0,0
7,0,0
7,0,0
7,0,0
7,0,0
7,0,0
7,0,0
7,0,0
7,0,0
7,0,0
7,0,0
7,0,0
7,0,0
7,0,0
7,0,0
7,0,0
7,0,0
7,0,0
7,0,0
7,0,0
7,0,0
7,0,0
7,0,0
7,0,0
7,0,0
7,0,0
7,0,0
7,0,0
7,0,0
7,0,0
7,1,1
7,0,0
7,0,0
7,1,1
7,0,0
7,1,1
7,0,0
7,0,0
7,0,0
7,0,0
7,0,0
7,0,0
7,0,0
7,0,0
7,0,0
7,0,0
7,0,0
7,0,0
7,0,0
7,0,0
7,0,0
7,1,1
7,0,0
7,0,0
7,0,0
7,1,1
7,0,0
7,0,0
7,0,0
7,0,0
7,0,0
7,1,1
7,0,0
7,0,0
7,0,0
7,0,0
7,0,0
7,0,0
7,0,0
7,0,0
7,0,0
7,0,0
7,0,0
7,0,0
7,0,0
7,0,0
7,1,0
Total DB Queries This Round: 6685
Total time spent this round in seconds: 250.96102619171143
PERCENT IN TABLE OF 100: 8%
8,0,0
8,0,0
8,0,0
8,0,0
8,0,0
8,0,0
8,0,0
8,0,0
8,1,1
8,0,0
8,0,0
8,0,0
8,0,0
8,0,0
8,0,0
8,0,0
8,0,0
8,0,0
8,0,0
8,0,0
8,0,0
8,0,0
8,0,0
8,0,0
8,0,0
8,1,1
8,0,0
8,0,0
8,0,0
8,0,0
8,0,0
8,0,0
8,1,1
8,0,0
8,0,0
8,0,0
8,0,0
8,0,0
8,0,0
8,0,0
8,0,0
8,0,0
8,0,0
8,0,0
8,0,0
8,0,0
8,0,0
8,0,0
8,0,0
8,0,0
8,0,0
8,0,0
8,0,0
8,0,0
8,1,1
8,1,1
8,0,0
8,0,0
8,0,0
8,0,0
8,1,0
8,0,0
8,0,0
8,0,0
8,0,0
8,0,0
8,0,0
8,1,0
8,0,0
8,0,0
8,0,0
8,0,0
8,0,0
8,0,0
8,0,0
8,0,0
8,0,0
8,0,0
8,0,0
8,0,0
8,0,0
8,0,0
8,0,0
8,0,0
8,0,0
8,0,0
8,0,0
8,0,0
8,0,0
8,0,0
8,0,0
8,0,0
8,0,0
8,0,0
8,0,0
8,1,0
8,0,0
8,0,0
8,0,0
8,0,0
Total DB Queries This Round: 6615
Total time spent this round in seconds: 256.39620065689087
8,0,0
8,0,0
8,1,1
8,1,1
8,0,1
8,0,0
8,0,0
8,0,0
8,0,0
8,0,0
8,1,1
8,0,0
8,0,0
8,0,0
8,0,0
8,0,0
8,0,0
8,0,0
8,0,0
8,0,0
8,0,0
8,0,0
8,0,0
8,0,0
8,0,0
8,0,0
8,0,0
8,0,0
8,1,1
8,0,0
8,0,0
8,0,0
8,0,0
8,0,0
8,0,0
8,0,0
8,0,0
8,0,0
8,0,0
8,0,0
8,0,0
8,0,0
8,0,0
8,0,0
8,0,0
8,0,0
8,0,0
8,0,0
8,0,0
8,0,0
8,0,0
8,0,0
8,1,1
8,0,0
8,0,0
8,0,0
8,0,0
8,1,1
8,0,0
8,0,0
8,1,1
8,0,0
8,0,0
8,0,0
8,0,0
8,0,0
8,0,0
8,0,0
8,0,0
8,0,0
8,0,0
8,0,0
8,0,0
8,0,0
8,0,0
8,0,0
8,0,0
8,0,0
8,0,0
8,0,0
8,0,0
8,0,0
8,0,0
8,0,0
8,0,0
8,0,0
8,1,1
8,0,1
8,0,0
8,0,0
8,0,0
8,0,0
8,0,0
8,0,0
8,0,0
8,0,0
8,0,0
8,0,0
8,0,0
8,0,0
Total DB Queries This Round: 11652
Total time spent this round in seconds: 463.22997283935547
8,0,0
8,0,0
8,0,0
8,0,0
8,0,0
8,0,0
8,0,0
8,0,0
8,0,0
8,1,0
8,0,0
8,0,0
8,0,0
8,0,0
8,0,0
8,0,0
8,0,0
8,0,0
8,0,0
8,0,0
8,1,1
8,0,0
8,0,0
8,0,0
8,1,1
8,0,0
8,0,0
8,0,0
8,0,0
8,0,0
8,0,0
8,0,0
8,1,1
8,0,0
8,1,1
8,1,1
8,0,0
8,0,0
8,0,0
8,0,0
8,0,0
8,0,0
8,0,0
8,0,0
8,0,0
8,1,1
8,0,0
8,0,0
8,0,0
8,0,0
8,0,0
8,0,0
8,0,0
8,0,0
8,0,0
8,0,0
8,0,0
8,0,0
8,0,0
8,0,0
8,0,0
8,1,1
8,0,0
8,0,0
8,0,0
8,0,0
8,0,0
8,0,0
8,0,0
8,0,0
8,0,0
8,0,0
8,0,0
8,0,0
8,0,0
8,0,0
8,0,0
8,0,0
8,0,0
8,0,0
8,0,0
8,0,0
8,0,0
8,0,0
8,0,0
8,0,0
8,0,0
8,0,0
8,0,0
8,0,0
8,0,0
8,0,0
8,0,0
8,0,0
8,0,0
8,0,0
8,0,0
8,0,0
8,0,0
8,0,0
Total DB Queries This Round: 7498
Total time spent this round in seconds: 288.6822392940521
8,0,0
8,0,0
8,0,0
8,0,0
8,0,0
8,0,0
8,0,0
8,0,0
8,0,0
8,0,0
8,0,0
8,0,0
8,0,0
8,0,0
8,0,0
8,0,0
8,0,0
8,0,0
8,0,0
8,0,0
8,0,0
8,0,0
8,0,0
8,0,0
8,0,0
8,1,0
8,0,0
8,0,0
8,0,0
8,0,0
8,0,0
8,0,0
8,0,0
8,0,0
8,0,0
8,0,0
8,0,0
8,0,0
8,0,0
8,0,0
8,0,0
8,0,0
8,0,0
8,0,0
8,1,1
8,0,0
8,0,0
8,0,0
8,1,1
8,0,0
8,0,0
8,0,0
8,0,0
8,0,0
8,0,0
8,0,0
8,0,0
8,0,0
8,1,1
8,0,0
8,0,0
8,0,0
8,0,0
8,0,0
8,0,0
8,0,0
8,0,0
8,0,0
8,0,0
8,0,0
8,0,0
8,0,0
8,1,1
8,0,0
8,0,0
8,0,0
8,0,0
8,0,0
8,0,0
8,0,0
8,0,0
8,0,0
8,0,0
8,0,0
8,1,0
8,0,0
8,1,1
8,0,0
8,0,0
8,0,0
8,0,0
8,0,0
8,0,0
8,0,0
8,0,0
8,0,0
8,0,0
8,0,0
8,1,1
8,0,0
Total DB Queries This Round: 6154
Total time spent this round in seconds: 235.46946167945862
8,0,0
8,0,0
8,0,0
8,0,0
8,0,0
8,0,0
8,0,0
8,0,0
8,0,0
8,0,0
8,0,0
8,0,0
8,0,0
8,0,0
8,0,0
8,0,0
8,0,0
8,0,0
8,0,0
8,0,0
8,0,0
8,0,0
8,0,0
8,0,0
8,0,0
8,0,0
8,0,0
8,0,0
8,0,0
8,0,0
8,0,0
8,0,0
8,0,0
8,0,0
8,0,0
8,0,0
8,0,0
8,0,0
8,0,0
8,1,0
8,1,0
8,0,0
8,0,0
8,0,0
8,0,0
8,0,0
8,1,0
8,0,0
8,1,0
8,0,0
8,1,0
8,0,0
8,0,0
8,0,0
8,0,0
8,0,0
8,0,0
8,1,0
8,0,0
8,0,0
8,0,0
8,1,0
8,0,0
8,0,0
8,0,0
8,0,0
8,0,0
8,0,0
8,0,0
8,0,0
8,0,0
8,0,0
8,0,0
8,0,0
8,0,0
8,0,0
8,0,0
8,0,0
8,0,0
8,0,0
8,0,0
8,0,0
8,0,0
8,0,0
8,0,0
8,0,0
8,0,0
8,0,0
8,0,0
8,0,0
8,0,0
8,0,0
8,0,0
8,0,0
8,0,0
8,0,0
8,0,0
8,1,0
8,0,0
8,0,0
Total DB Queries This Round: 4789
Total time spent this round in seconds: 176.0844612121582
8,0,0
8,0,0
8,0,0
8,0,0
8,0,0
8,0,0
8,0,0
8,0,0
8,0,0
8,0,0
8,0,0
8,0,0
8,0,0
8,0,0
8,1,0
8,0,0
8,0,0
8,0,0
8,0,0
8,0,0
8,0,0
8,0,0
8,0,0
8,0,0
8,0,0
8,1,0
8,1,0
8,0,0
8,0,0
8,0,0
8,0,0
8,0,0
8,0,0
8,1,0
8,0,0
8,0,0
8,0,0
8,0,0
8,0,0
8,0,0
8,0,0
8,0,0
8,0,0
8,0,0
8,1,0
8,0,0
8,0,0
8,0,0
8,0,0
8,0,0
8,0,0
8,0,0
8,0,0
8,0,0
8,0,0
8,0,0
8,0,0
8,0,0
8,0,0
8,0,0
8,0,0
8,0,0
8,1,0
8,0,0
8,0,0
8,0,0
8,0,0
8,0,0
8,0,0
8,0,0
8,0,0
8,0,0
8,0,0
8,0,0
8,0,0
8,0,0
8,0,0
8,0,0
8,0,0
8,0,0
8,0,0
8,0,0
8,0,0
8,0,0
8,0,0
8,0,0
8,0,0
8,1,0
8,0,0
8,0,0
8,0,0
8,0,0
8,0,0
8,0,0
8,0,0
8,0,0
8,0,0
8,0,0
8,0,0
8,1,0
Total DB Queries This Round: 6003
Total time spent this round in seconds: 232.43689799308777
8,0,0
8,0,0
8,0,0
8,0,0
8,1,0
8,0,0
8,0,0
8,0,0
8,1,1
8,1,0
8,0,0
8,0,0
8,0,0
8,0,0
8,0,0
8,0,0
8,0,0
8,0,0
8,0,0
8,0,0
8,0,0
8,0,0
8,0,0
8,0,0
8,0,0
8,0,0
8,1,0
8,0,0
8,0,0
8,0,0
8,0,0
8,0,0
8,0,0
8,0,0
8,0,0
8,0,0
8,0,0
8,0,0
8,0,0
8,1,0
8,0,0
8,0,0
8,0,0
8,0,0
8,0,0
8,0,0
8,0,0
8,0,0
8,0,0
8,0,0
8,0,0
8,0,0
8,1,0
8,0,0
8,0,0
8,0,0
8,0,0
8,0,0
8,1,0
8,0,0
8,0,0
8,0,0
8,0,0
8,0,0
8,0,0
8,0,0
8,0,0
8,0,0
8,0,0
8,1,0
8,0,0
8,0,0
8,0,0
8,0,0
8,0,0
8,0,0
8,0,0
8,0,0
8,0,0
8,0,0
8,0,0
8,0,0
8,0,0
8,0,0
8,0,0
8,0,0
8,0,0
8,0,0
8,0,0
8,0,0
8,0,0
8,0,0
8,0,0
8,0,0
8,0,0
8,0,0
8,0,0
8,0,0
8,0,0
8,0,0
Total DB Queries This Round: 5454
Total time spent this round in seconds: 229.4783318042755
8,1,1
8,0,0
8,0,0
8,0,0
8,0,0
8,0,0
8,0,0
8,0,0
8,0,0
8,0,0
8,0,0
8,0,0
8,0,0
8,0,0
8,0,0
8,1,0
8,0,0
8,0,0
8,0,0
8,0,0
8,0,0
8,0,0
8,0,0
8,0,0
8,0,0
8,0,0
8,0,0
8,0,0
8,0,0
8,0,0
8,0,0
8,0,0
8,0,0
8,0,0
8,0,0
8,0,0
8,0,0
8,0,0
8,0,0
8,0,0
8,0,0
8,0,0
8,0,0
8,0,0
8,0,0
8,1,0
8,0,0
8,0,0
8,0,0
8,0,0
8,0,0
8,0,0
8,0,0
8,0,0
8,0,0
8,0,0
8,0,0
8,0,0
8,0,0
8,0,0
8,0,0
8,0,0
8,1,0
8,0,0
8,0,0
8,0,0
8,0,0
8,0,0
8,0,0
8,0,0
8,0,0
8,0,0
8,0,0
8,0,0
8,0,0
8,0,0
8,0,0
8,1,0
8,0,0
8,0,0
8,0,0
8,1,1
8,0,0
8,0,0
8,0,0
8,0,0
8,0,0
8,1,1
8,0,0
8,0,0
8,0,0
8,0,0
8,0,0
8,0,0
8,0,0
8,0,0
8,0,0
8,0,0
8,1,0
8,0,0
Total DB Queries This Round: 7824
Total time spent this round in seconds: 299.36826515197754
8,0,0
8,0,0
8,0,0
8,0,0
8,0,0
8,0,0
8,1,0
8,0,0
8,0,0
8,0,0
8,0,0
8,0,0
8,0,0
8,0,0
8,0,0
8,0,0
8,1,0
8,0,0
8,0,0
8,0,0
8,0,0
8,0,0
8,0,0
8,0,0
8,0,0
8,1,1
8,0,0
8,0,0
8,0,0
8,0,0
8,0,0
8,0,0
8,0,0
8,0,0
8,0,0
8,1,0
8,0,0
8,1,0
8,0,0
8,0,0
8,0,0
8,0,0
8,0,0
8,0,0
8,0,0
8,0,0
8,0,0
8,0,0
8,0,0
8,0,0
8,0,0
8,0,0
8,0,0
8,0,0
8,1,0
8,0,0
8,0,0
8,0,0
8,0,0
8,0,0
8,0,0
8,0,0
8,0,0
8,0,0
8,0,0
8,0,0
8,0,0
8,0,0
8,0,0
8,0,0
8,0,0
8,0,0
8,0,0
8,1,0
8,0,0
8,0,0
8,0,0
8,0,0
8,0,0
8,0,0
8,0,0
8,0,0
8,0,0
8,0,0
8,0,0
8,0,0
8,0,0
8,0,0
8,0,0
8,0,0
8,0,0
8,0,0
8,0,0
8,0,0
8,0,0
8,1,1
8,0,0
8,0,0
8,0,0
8,0,0
Total DB Queries This Round: 7488
Total time spent this round in seconds: 280.69670605659485
8,0,0
8,0,0
8,0,0
8,0,0
8,0,0
8,0,0
8,1,0
8,0,0
8,0,0
8,0,0
8,0,0
8,0,0
8,0,0
8,0,0
8,0,0
8,1,0
8,0,0
8,0,0
8,0,0
8,0,0
8,0,0
8,0,0
8,1,0
8,0,0
8,0,0
8,0,0
8,0,0
8,0,0
8,1,0
8,0,0
8,0,0
8,0,0
8,0,0
8,0,0
8,0,0
8,0,0
8,0,0
8,0,0
8,0,0
8,0,0
8,1,0
8,0,0
8,0,0
8,1,0
8,0,0
8,0,0
8,0,0
8,0,0
8,0,0
8,0,0
8,0,0
8,0,0
8,1,0
8,0,0
8,0,0
8,0,0
8,0,0
8,0,0
8,0,0
8,0,0
8,0,0
8,0,0
8,0,0
8,0,0
8,0,0
8,0,0
8,0,0
8,0,0
8,0,0
8,0,0
8,0,0
8,0,0
8,0,0
8,0,0
8,0,0
8,0,0
8,1,0
8,0,0
8,0,0
8,0,0
8,0,0
8,0,0
8,0,0
8,0,0
8,0,0
8,0,0
8,0,0
8,0,0
8,0,0
8,0,0
8,0,0
8,0,0
8,0,0
8,0,0
8,0,0
8,0,0
8,0,0
8,0,0
8,0,0
8,0,0
Total DB Queries This Round: 5577
Total time spent this round in seconds: 214.67696332931519
PERCENT IN TABLE OF 100: 9%
9,0,0
9,0,0
9,0,0
9,1,1
9,0,0
9,0,0
9,0,0
9,0,0
9,1,1
9,0,0
9,0,0
9,0,0
9,0,0
9,1,1
9,0,0
9,0,0
9,0,0
9,0,0
9,0,0
9,0,0
9,0,0
9,0,0
9,0,0
9,0,0
9,0,0
9,0,0
9,0,0
9,0,0
9,0,0
9,0,0
9,1,1
9,0,0
9,1,1
9,0,0
9,0,0
9,0,0
9,0,0
9,0,0
9,0,0
9,0,0
9,0,0
9,0,0
9,0,0
9,0,0
9,0,0
9,0,0
9,0,0
9,0,0
9,0,0
9,0,0
9,0,0
9,0,0
9,0,0
9,0,0
9,0,0
9,0,0
9,0,0
9,0,0
9,0,0
9,0,0
9,0,0
9,0,0
9,0,0
9,0,0
9,0,0
9,0,0
9,0,0
9,1,1
9,0,0
9,0,0
9,0,0
9,0,0
9,0,0
9,0,0
9,0,0
9,0,0
9,0,0
9,0,0
9,0,0
9,1,1
9,0,0
9,0,0
9,0,0
9,0,0
9,0,0
9,0,0
9,0,0
9,1,0
9,0,0
9,0,0
9,0,0
9,0,0
9,1,1
9,0,0
9,0,0
9,0,0
9,0,0
9,0,0
9,0,0
9,0,0
Total DB Queries This Round: 19579
Total time spent this round in seconds: 461.89530992507935
9,0,0
9,0,0
9,0,0
9,0,0
9,0,0
9,0,0
9,0,0
9,1,1
9,0,0
9,0,0
9,0,0
9,0,0
9,0,0
9,0,0
9,0,0
9,0,0
9,0,0
9,0,0
9,1,0
9,0,0
9,0,0
9,0,0
9,0,0
9,0,0
9,0,0
9,0,0
9,0,0
9,0,0
9,0,0
9,0,0
9,0,0
9,0,0
9,0,0
9,0,0
9,0,0
9,0,0
9,0,0
9,0,0
9,0,0
9,1,0
9,0,0
9,0,0
9,0,0
9,1,1
9,0,0
9,0,0
9,0,0
9,0,0
9,0,0
9,0,0
9,0,0
9,0,0
9,0,0
9,0,0
9,0,0
9,0,0
9,0,0
9,0,0
9,0,0
9,0,0
9,0,0
9,1,1
9,0,0
9,0,0
9,0,0
9,0,0
9,0,0
9,1,1
9,0,0
9,0,0
9,0,0
9,0,0
9,0,0
9,0,0
9,0,0
9,0,0
9,0,0
9,0,0
9,1,0
9,0,0
9,1,1
9,0,0
9,0,0
9,0,0
9,0,0
9,0,0
9,0,0
9,0,0
9,0,0
9,0,0
9,0,0
9,0,0
9,0,0
9,0,0
9,0,0
9,0,0
9,0,0
9,0,0
9,0,0
9,1,1
Total DB Queries This Round: 7660
Total time spent this round in seconds: 212.5908784866333
9,0,0
9,1,1
9,0,0
9,0,0
9,0,0
9,0,0
9,0,0
9,0,0
9,0,0
9,0,0
9,1,1
9,0,0
9,0,0
9,0,0
9,0,0
9,0,0
9,0,0
9,0,0
9,0,0
9,0,0
9,0,0
9,0,0
9,0,0
9,0,0
9,0,0
9,0,0
9,0,0
9,0,0
9,1,0
9,0,0
9,0,0
9,0,0
9,0,0
9,0,0
9,0,0
9,0,0
9,1,1
9,1,1
9,0,0
9,0,0
9,0,0
9,0,0
9,0,0
9,0,0
9,0,0
9,0,0
9,0,0
9,0,0
9,0,0
9,0,0
9,0,0
9,0,0
9,0,0
9,0,0
9,0,0
9,0,0
9,0,0
9,0,0
9,0,0
9,0,0
9,0,0
9,0,0
9,1,1
9,0,0
9,0,0
9,0,0
9,0,0
9,0,0
9,0,0
9,0,0
9,0,0
9,0,0
9,0,0
9,0,0
9,0,0
9,0,0
9,0,0
9,0,0
9,0,0
9,0,0
9,0,0
9,0,0
9,0,0
9,0,0
9,0,0
9,0,0
9,0,0
9,1,1
9,0,0
9,0,0
9,1,1
9,0,0
9,0,0
9,0,0
9,0,0
9,0,0
9,0,0
9,1,0
9,0,0
9,0,0
Total DB Queries This Round: 8436
Total time spent this round in seconds: 255.40333580970764
9,1,1
9,1,1
9,0,0
9,0,0
9,0,0
9,0,0
9,1,0
9,0,0
9,0,0
9,0,0
9,1,1
9,0,0
9,0,0
9,0,0
9,0,0
9,0,0
9,0,0
9,0,0
9,0,0
9,0,0
9,0,0
9,0,0
9,0,0
9,0,0
9,0,0
9,0,0
9,0,0
9,0,0
9,0,0
9,0,0
9,0,0
9,0,0
9,0,0
9,0,0
9,0,0
9,0,0
9,0,0
9,0,0
9,0,0
9,1,1
9,0,0
9,0,0
9,0,0
9,0,0
9,0,0
9,0,0
9,0,0
9,0,0
9,0,0
9,0,0
9,1,0
9,0,0
9,0,0
9,0,0
9,0,0
9,0,0
9,0,0
9,0,0
9,0,0
9,0,0
9,0,0
9,0,0
9,0,0
9,0,0
9,1,0
9,0,0
9,0,0
9,0,0
9,0,0
9,0,0
9,0,0
9,0,0
9,0,0
9,0,0
9,0,0
9,0,0
9,0,0
9,0,0
9,0,0
9,0,0
9,0,0
9,0,0
9,0,0
9,0,0
9,0,0
9,0,0
9,0,0
9,0,0
9,0,0
9,0,0
9,0,0
9,0,0
9,0,0
9,0,0
9,1,1
9,0,0
9,0,0
9,1,1
9,0,0
9,0,0
Total DB Queries This Round: 8897
Total time spent this round in seconds: 289.7451317310333
9,0,0
9,0,0
9,0,0
9,0,0
9,0,0
9,0,0
9,0,0
9,0,0
9,0,0
9,0,0
9,0,0
9,0,0
9,0,0
9,0,0
9,0,0
9,0,0
9,1,0
9,0,0
9,0,0
9,0,0
9,0,0
9,0,0
9,1,1
9,0,1
9,0,0
9,0,0
9,0,0
9,0,0
9,0,0
9,0,0
9,1,1
9,0,1
9,0,0
9,1,0
9,0,0
9,1,0
9,0,0
9,0,0
9,0,0
9,0,0
9,0,0
9,0,0
9,0,0
9,0,0
9,0,0
9,1,0
9,0,0
9,0,0
9,0,0
9,0,0
9,0,0
9,1,0
9,0,0
9,0,0
9,0,0
9,1,0
9,0,0
9,0,0
9,0,0
9,0,0
9,0,0
9,0,0
9,0,0
9,0,0
9,0,0
9,0,0
9,0,0
9,0,0
9,0,0
9,0,0
9,0,0
9,0,0
9,0,0
9,0,0
9,0,0
9,0,0
9,0,0
9,0,0
9,0,0
9,0,0
9,0,0
9,0,0
9,0,0
9,0,0
9,0,0
9,0,0
9,0,0
9,0,0
9,0,0
9,0,0
9,0,0
9,0,0
9,0,0
9,0,0
9,0,0
9,0,0
9,0,0
9,1,0
9,0,0
9,0,0
Total DB Queries This Round: 9414
Total time spent this round in seconds: 237.92310619354248
9,0,0
9,0,0
9,0,0
9,0,0
9,0,0
9,1,0
9,0,0
9,0,0
9,0,0
9,0,0
9,0,0
9,0,0
9,0,0
9,0,0
9,0,0
9,0,0
9,0,0
9,1,1
9,0,0
9,1,0
9,0,0
9,0,0
9,0,0
9,0,0
9,0,0
9,0,0
9,0,0
9,0,0
9,0,0
9,1,0
9,0,0
9,0,0
9,0,0
9,0,0
9,0,0
9,0,0
9,0,0
9,0,0
9,0,0
9,0,0
9,0,0
9,0,0
9,0,0
9,0,0
9,0,0
9,0,0
9,0,0
9,0,0
9,0,0
9,0,0
9,0,0
9,0,0
9,0,0
9,0,0
9,1,0
9,0,0
9,0,0
9,0,0
9,0,0
9,0,0
9,0,0
9,0,0
9,0,0
9,0,0
9,0,0
9,0,0
9,0,0
9,0,0
9,0,0
9,1,0
9,0,0
9,1,1
9,0,0
9,0,0
9,0,0
9,0,0
9,0,0
9,0,0
9,1,0
9,0,0
9,1,1
9,0,0
9,0,0
9,0,0
9,0,0
9,0,0
9,0,0
9,0,0
9,0,0
9,0,0
9,0,0
9,0,0
9,0,0
9,0,0
9,0,0
9,0,0
9,0,0
9,0,0
9,0,0
9,0,0
Total DB Queries This Round: 13104
Total time spent this round in seconds: 309.44266724586487
9,0,0
9,0,0
9,0,0
9,0,0
9,0,0
9,0,0
9,1,1
9,0,0
9,0,0
9,0,0
9,0,0
9,1,1
9,0,0
9,0,0
9,0,0
9,0,0
9,1,1
9,0,0
9,0,0
9,0,0
9,0,0
9,0,0
9,0,0
9,0,0
9,0,0
9,0,0
9,0,0
9,0,0
9,0,0
9,0,0
9,0,0
9,0,0
9,0,0
9,0,0
9,0,0
9,0,0
9,0,0
9,0,0
9,0,0
9,0,0
9,0,0
9,0,0
9,0,0
9,0,0
9,0,0
9,1,1
9,0,0
9,0,0
9,0,0
9,0,0
9,0,0
9,1,1
9,0,0
9,0,0
9,0,0
9,0,0
9,0,0
9,0,0
9,0,0
9,1,1
9,0,0
9,0,0
9,0,0
9,1,1
9,1,1
9,0,0
9,0,0
9,0,0
9,0,0
9,0,0
9,0,0
9,0,0
9,0,0
9,0,0
9,0,0
9,0,0
9,0,0
9,1,1
9,0,0
9,0,0
9,0,0
9,0,0
9,0,0
9,0,0
9,0,0
9,0,0
9,0,0
9,0,0
9,0,0
9,0,0
9,0,0
9,0,0
9,0,0
9,0,0
9,0,0
9,0,0
9,0,0
9,0,0
9,0,0
9,0,0
Total DB Queries This Round: 37091
Total time spent this round in seconds: 795.8135664463043
9,0,0
9,0,0
9,0,0
9,0,0
9,0,0
9,0,0
9,0,0
9,0,0
9,0,0
9,1,1
9,0,0
9,0,0
9,0,0
9,0,0
9,0,0
9,1,0
9,0,0
9,0,0
9,0,0
9,0,0
9,0,0
9,0,0
9,0,0
9,0,0
9,1,0
9,0,0
9,1,1
9,0,0
9,0,0
9,0,0
9,0,0
9,0,0
9,1,1
9,0,0
9,0,0
9,0,0
9,0,0
9,0,0
9,0,0
9,0,0
9,0,0
9,0,0
9,0,0
9,0,0
9,0,0
9,0,0
9,0,0
9,0,0
9,0,0
9,0,0
9,0,0
9,0,0
9,0,0
9,0,0
9,0,0
9,0,0
9,0,0
9,0,0
9,0,0
9,0,0
9,0,0
9,0,0
9,0,0
9,0,0
9,0,0
9,0,0
9,0,0
9,1,1
9,0,0
9,0,0
9,0,0
9,0,0
9,0,0
9,0,0
9,0,0
9,0,0
9,0,0
9,0,0
9,0,0
9,0,0
9,1,0
9,0,0
9,0,0
9,0,0
9,0,0
9,0,0
9,0,0
9,0,0
9,0,0
9,0,0
9,0,0
9,0,0
9,1,1
9,1,1
9,0,0
9,0,0
9,0,0
9,0,0
9,0,0
9,0,0
Total DB Queries This Round: 5303
Total time spent this round in seconds: 124.03457403182983
9,0,0
9,0,0
9,0,0
9,0,0
9,0,0
9,0,0
9,0,0
9,1,1
9,0,0
9,0,0
9,0,0
9,0,0
9,0,0
9,0,0
9,0,0
9,0,0
9,0,0
9,0,0
9,0,0
9,0,0
9,0,0
9,0,0
9,0,0
9,0,0
9,0,0
9,0,0
9,0,0
9,0,0
9,0,0
9,1,0
9,0,0
9,0,0
9,0,0
9,0,0
9,0,0
9,0,0
9,0,0
9,0,0
9,0,0
9,0,0
9,1,1
9,0,0
9,0,0
9,0,0
9,1,1
9,0,0
9,0,0
9,1,1
9,0,0
9,0,0
9,0,0
9,0,0
9,0,0
9,0,0
9,0,0
9,0,0
9,0,0
9,0,0
9,0,0
9,1,1
9,0,0
9,0,0
9,0,0
9,0,0
9,1,1
9,0,0
9,0,0
9,0,0
9,0,0
9,1,1
9,0,0
9,0,0
9,0,0
9,0,0
9,0,0
9,0,0
9,0,0
9,0,0
9,0,0
9,0,0
9,0,0
9,0,0
9,0,0
9,0,0
9,0,0
9,0,0
9,0,0
9,0,0
9,0,0
9,0,0
9,0,0
9,0,0
9,0,0
9,0,0
9,0,0
9,0,0
9,0,0
9,1,1
9,0,0
9,0,0
Total DB Queries This Round: 13947
Total time spent this round in seconds: 300.2314031124115
9,0,0
9,0,0
9,0,0
9,0,0
9,0,0
9,0,0
9,0,0
9,1,1
9,0,0
9,0,0
9,0,0
9,0,0
9,0,0
9,0,0
9,0,0
9,0,0
9,0,0
9,0,0
9,0,0
9,0,0
9,0,0
9,0,0
9,0,0
9,1,1
9,0,0
9,1,0
9,0,0
9,0,0
9,0,0
9,0,0
9,0,0
9,0,0
9,0,0
9,0,0
9,0,0
9,0,0
9,0,0
9,0,0
9,0,0
9,0,0
9,0,0
9,0,0
9,0,0
9,0,0
9,1,1
9,1,1
9,0,0
9,0,0
9,0,0
9,0,0
9,0,0
9,1,1
9,0,0
9,0,0
9,0,0
9,0,0
9,0,0
9,0,0
9,0,0
9,0,0
9,0,0
9,0,0
9,0,0
9,0,0
9,0,0
9,0,0
9,0,0
9,0,0
9,0,0
9,0,0
9,0,0
9,0,0
9,0,0
9,0,0
9,1,1
9,0,0
9,0,0
9,0,0
9,0,0
9,0,0
9,0,0
9,0,0
9,0,0
9,0,0
9,0,0
9,0,0
9,0,0
9,1,1
9,0,0
9,0,0
9,0,0
9,0,0
9,1,1
9,0,0
9,0,0
9,0,0
9,0,0
9,0,0
9,0,0
9,0,0
Total DB Queries This Round: 9689
Total time spent this round in seconds: 214.8559648990631
PERCENT IN TABLE OF 100: 10%
10,0,0
10,0,0
10,0,0
10,0,0
10,0,0
10,0,0
10,0,0
10,0,0
10,0,0
10,0,0
10,0,0
10,1,0
10,0,0
10,0,0
10,0,0
10,0,0
10,1,1
10,0,0
10,0,0
10,0,0
10,0,0
10,0,0
10,0,0
10,0,0
10,0,0
10,0,0
10,0,0
10,0,0
10,0,0
10,0,0
10,0,0
10,0,0
10,0,0
10,0,0
10,0,0
10,0,0
10,1,1
10,0,0
10,0,0
10,0,0
10,0,0
10,0,0
10,0,0
10,1,1
10,0,0
10,0,0
10,0,0
10,0,0
10,0,0
10,0,0
10,1,1
10,0,0
10,0,0
10,0,0
10,0,0
10,0,0
10,0,0
10,0,0
10,0,0
10,0,0
10,0,0
10,0,0
10,0,0
10,0,0
10,1,1
10,0,0
10,1,1
10,0,0
10,0,0
10,0,0
10,0,0
10,0,0
10,1,1
10,0,0
10,0,0
10,0,0
10,1,1
10,0,0
10,0,0
10,1,1
10,0,0
10,0,0
10,0,0
10,0,0
10,0,0
10,0,0
10,0,0
10,0,0
10,0,0
10,0,0
10,0,0
10,0,0
10,0,0
10,0,0
10,0,0
10,0,0
10,0,0
10,0,0
10,0,0
10,0,0
Total DB Queries This Round: 3570
Total time spent this round in seconds: 101.60947513580322
10,0,0
10,0,0
10,0,0
10,0,0
10,0,0
10,0,0
10,0,0
10,0,0
10,0,0
10,0,0
10,0,0
10,0,0
10,0,0
10,0,0
10,1,1
10,0,0
10,0,0
10,0,0
10,0,0
10,1,1
10,0,0
10,0,0
10,0,0
10,1,1
10,0,0
10,0,0
10,0,0
10,1,0
10,0,0
10,0,0
10,0,0
10,0,0
10,0,0
10,1,0
10,0,0
10,0,0
10,0,0
10,0,0
10,0,0
10,0,0
10,0,0
10,1,1
10,0,0
10,0,0
10,0,0
10,0,0
10,0,0
10,0,0
10,0,0
10,0,0
10,0,0
10,0,0
10,1,1
10,0,0
10,0,0
10,0,0
10,0,0
10,0,0
10,0,0
10,0,0
10,0,0
10,0,0
10,0,0
10,0,0
10,0,0
10,0,0
10,0,0
10,0,0
10,0,0
10,0,0
10,0,0
10,0,0
10,0,0
10,0,0
10,0,0
10,0,0
10,0,0
10,0,0
10,0,0
10,0,0
10,0,0
10,0,0
10,0,0
10,0,0
10,0,0
10,0,0
10,0,0
10,0,0
10,0,0
10,1,1
10,0,0
10,0,0
10,1,0
10,0,0
10,0,0
10,0,0
10,0,0
10,0,0
10,1,0
10,0,0
Total DB Queries This Round: 4964
Total time spent this round in seconds: 104.144522190094
10,0,0
10,0,0
10,0,0
10,0,0
10,0,0
10,1,0
10,0,0
10,0,0
10,0,0
10,0,0
10,0,0
10,0,0
10,1,1
10,0,0
10,0,0
10,0,0
10,0,0
10,0,0
10,0,0
10,0,0
10,0,0
10,0,0
10,0,0
10,0,0
10,0,0
10,0,0
10,0,0
10,0,0
10,0,0
10,0,0
10,0,0
10,0,0
10,0,0
10,0,0
10,1,1
10,1,1
10,1,1
10,0,0
10,0,0
10,0,0
10,0,0
10,0,0
10,0,0
10,1,0
10,0,0
10,0,0
10,0,0
10,0,0
10,0,0
10,0,0
10,0,0
10,0,0
10,1,1
10,0,0
10,1,1
10,0,0
10,0,0
10,0,0
10,0,0
10,0,0
10,0,0
10,0,0
10,0,0
10,1,1
10,0,0
10,0,0
10,0,0
10,0,0
10,0,0
10,0,0
10,1,1
10,0,0
10,0,0
10,0,0
10,0,0
10,0,0
10,0,0
10,0,0
10,0,0
10,0,0
10,0,0
10,0,0
10,0,0
10,0,0
10,0,0
10,0,0
10,0,0
10,0,0
10,0,0
10,0,0
10,0,0
10,0,0
10,0,0
10,0,0
10,0,0
10,0,0
10,0,0
10,0,0
10,0,0
10,0,0
Total DB Queries This Round: 2768
Total time spent this round in seconds: 76.47406792640686
10,0,0
10,0,0
10,0,0
10,0,0
10,0,0
10,0,0
10,0,0
10,1,1
10,0,0
10,0,0
10,0,0
10,0,0
10,0,0
10,0,0
10,0,0
10,0,0
10,0,0
10,0,0
10,0,0
10,0,0
10,0,0
10,0,0
10,0,0
10,0,0
10,0,0
10,0,0
10,1,1
10,0,0
10,1,1
10,0,0
10,0,0
10,1,1
10,0,0
10,0,0
10,0,0
10,0,0
10,0,0
10,0,0
10,0,0
10,0,0
10,0,0
10,0,0
10,1,1
10,0,0
10,1,1
10,0,0
10,1,0
10,0,0
10,0,0
10,0,0
10,0,0
10,0,0
10,0,0
10,1,0
10,0,0
10,0,0
10,0,0
10,0,0
10,0,0
10,0,0
10,0,0
10,0,0
10,0,0
10,0,0
10,0,0
10,0,0
10,0,0
10,0,0
10,0,0
10,1,1
10,0,0
10,0,0
10,0,0
10,0,0
10,0,0
10,0,0
10,0,0
10,0,0
10,0,0
10,0,0
10,0,0
10,0,0
10,0,0
10,1,0
10,0,0
10,0,0
10,0,0
10,0,0
10,0,0
10,0,0
10,0,0
10,0,0
10,0,0
10,0,0
10,0,0
10,0,0
10,0,0
10,0,0
10,0,0
10,0,0
Total DB Queries This Round: 4030
Total time spent this round in seconds: 107.56256866455078
10,0,0
10,0,0
10,0,0
10,0,0
10,0,0
10,0,0
10,0,0
10,0,0
10,0,0
10,0,0
10,0,0
10,0,0
10,0,0
10,0,0
10,1,1
10,0,0
10,0,0
10,0,0
10,0,0
10,0,0
10,0,0
10,1,1
10,0,0
10,0,0
10,0,0
10,0,0
10,0,0
10,0,0
10,0,0
10,1,0
10,0,0
10,1,0
10,0,0
10,0,0
10,0,0
10,0,0
10,0,0
10,0,0
10,0,0
10,0,0
10,0,0
10,1,1
10,0,0
10,0,0
10,0,0
10,0,0
10,0,0
10,0,0
10,0,0
10,1,1
10,0,0
10,0,0
10,0,0
10,0,0
10,0,0
10,0,0
10,0,0
10,0,0
10,0,0
10,0,0
10,0,0
10,0,0
10,0,0
10,0,0
10,0,0
10,1,0
10,0,0
10,0,0
10,0,0
10,0,0
10,0,0
10,0,0
10,0,0
10,0,0
10,1,1
10,0,0
10,0,0
10,0,0
10,0,0
10,0,0
10,0,0
10,0,0
10,0,0
10,0,0
10,0,0
10,0,0
10,0,0
10,0,0
10,1,1
10,0,0
10,0,0
10,0,0
10,0,0
10,0,0
10,0,0
10,0,0
10,0,0
10,0,0
10,0,0
10,1,1
Total DB Queries This Round: 1839
Total time spent this round in seconds: 49.966941118240356
10,0,0
10,0,0
10,0,0
10,0,0
10,0,0
10,0,0
10,0,0
10,0,0
10,0,0
10,0,0
10,1,0
10,0,0
10,0,0
10,0,0
10,0,0
10,0,0
10,0,0
10,0,0
10,0,0
10,0,0
10,0,0
10,0,0
10,0,0
10,1,0
10,0,0
10,0,0
10,0,0
10,0,0
10,0,0
10,0,0
10,0,0
10,0,0
10,0,0
10,0,0
10,0,0
10,1,0
10,0,0
10,0,0
10,0,0
10,0,0
10,0,0
10,0,0
10,1,0
10,0,0
10,0,0
10,0,0
10,0,0
10,1,0
10,0,0
10,0,0
10,0,0
10,0,0
10,0,0
10,0,0
10,0,0
10,1,0
10,0,0
10,0,0
10,0,0
10,0,0
10,0,0
10,0,0
10,0,0
10,0,0
10,0,0
10,1,1
10,0,0
10,0,0
10,0,0
10,0,0
10,0,0
10,0,0
10,0,0
10,0,0
10,0,0
10,0,0
10,0,0
10,0,0
10,1,1
10,0,0
10,0,0
10,0,0
10,0,0
10,0,0
10,0,0
10,0,0
10,1,1
10,0,0
10,0,0
10,0,0
10,0,0
10,0,0
10,0,0
10,0,0
10,1,1
10,0,0
10,0,0
10,0,0
10,0,0
10,0,0
Total DB Queries This Round: 2975
Total time spent this round in seconds: 85.1422348022461
10,1,1
10,0,0
10,1,1
10,0,0
10,0,0
10,1,1
10,0,0
10,0,0
10,0,0
10,0,0
10,0,0
10,0,0
10,0,0
10,0,0
10,0,0
10,0,0
10,0,0
10,0,0
10,0,0
10,0,0
10,0,0
10,0,0
10,0,0
10,0,0
10,0,0
10,0,0
10,0,0
10,0,0
10,0,0
10,0,0
10,0,0
10,1,0
10,0,0
10,0,0
10,0,0
10,0,0
10,0,0
10,0,0
10,0,0
10,0,0
10,0,0
10,0,0
10,0,0
10,1,0
10,0,0
10,0,0
10,0,0
10,0,0
10,0,0
10,0,0
10,1,0
10,0,0
10,0,0
10,0,0
10,1,1
10,0,0
10,0,0
10,0,0
10,0,0
10,0,0
10,0,0
10,0,0
10,0,0
10,0,0
10,0,0
10,0,0
10,0,0
10,0,0
10,0,0
10,0,0
10,0,0
10,0,0
10,0,0
10,0,0
10,0,0
10,0,0
10,0,0
10,0,0
10,0,0
10,0,0
10,1,1
10,1,1
10,0,0
10,0,0
10,0,0
10,0,0
10,0,0
10,0,0
10,0,0
10,0,0
10,0,0
10,0,0
10,0,0
10,0,0
10,0,0
10,0,0
10,0,0
10,0,0
10,0,0
10,1,1
Total DB Queries This Round: 3327
Total time spent this round in seconds: 95.58768200874329
10,0,0
10,0,0
10,0,0
10,0,0
10,0,0
10,0,0
10,0,0
10,0,0
10,0,0
10,0,0
10,0,0
10,0,0
10,1,1
10,0,0
10,0,0
10,0,0
10,0,0
10,0,0
10,1,1
10,0,0
10,0,0
10,0,0
10,0,0
10,0,0
10,0,0
10,0,0
10,0,0
10,0,0
10,0,0
10,0,0
10,0,0
10,0,0
10,0,0
10,0,0
10,0,0
10,0,0
10,0,0
10,0,0
10,0,0
10,0,0
10,0,0
10,0,0
10,0,0
10,0,0
10,0,0
10,0,0
10,0,0
10,0,0
10,0,0
10,0,0
10,0,0
10,0,0
10,0,0
10,0,0
10,0,0
10,0,0
10,0,0
10,1,1
10,0,0
10,1,1
10,0,0
10,0,0
10,0,0
10,0,0
10,0,0
10,0,0
10,0,0
10,0,0
10,1,1
10,0,0
10,0,0
10,0,0
10,1,1
10,0,0
10,0,0
10,0,0
10,0,0
10,1,1
10,0,0
10,1,1
10,0,0
10,0,0
10,0,0
10,0,0
10,0,0
10,0,0
10,1,1
10,0,0
10,0,0
10,0,0
10,1,1
10,0,0
10,0,0
10,0,0
10,0,0
10,0,0
10,0,0
10,0,0
10,0,0
10,0,0
Total DB Queries This Round: 4285
Total time spent this round in seconds: 120.77630567550659
10,0,0
10,0,0
10,0,0
10,0,0
10,0,0
10,0,0
10,0,0
10,1,1
10,0,0
10,0,0
10,0,0
10,0,0
10,0,0
10,0,0
10,0,0
10,0,0
10,0,0
10,0,0
10,0,0
10,0,0
10,0,0
10,0,0
10,0,0
10,0,0
10,0,0
10,0,0
10,0,0
10,0,0
10,0,0
10,0,0
10,0,0
10,1,1
10,0,0
10,0,0
10,0,0
10,0,0
10,0,0
10,1,1
10,0,0
10,0,0
10,0,0
10,0,0
10,0,0
10,0,0
10,1,1
10,0,0
10,0,0
10,0,0
10,0,0
10,0,0
10,0,0
10,0,0
10,0,0
10,0,0
10,0,0
10,0,0
10,0,0
10,0,0
10,0,0
10,0,0
10,0,0
10,0,0
10,1,1
10,1,1
10,0,0
10,0,0
10,0,0
10,0,0
10,0,0
10,0,0
10,0,0
10,0,0
10,0,0
10,0,0
10,0,0
10,0,0
10,0,0
10,0,0
10,0,0
10,0,0
10,1,1
10,1,1
10,1,1
10,0,0
10,0,0
10,0,0
10,0,0
10,0,0
10,0,0
10,0,0
10,0,0
10,0,0
10,0,0
10,0,0
10,0,0
10,0,0
10,1,1
10,0,0
10,0,0
10,0,0
Total DB Queries This Round: 4102
Total time spent this round in seconds: 116.80899739265442
10,0,0
10,0,0
10,0,0
10,0,0
10,0,0
10,0,0
10,0,0
10,0,0
10,0,0
10,0,0
10,0,0
10,0,0
10,0,0
10,0,0
10,0,0
10,0,0
10,0,0
10,0,0
10,0,0
10,0,0
10,1,1
10,0,0
10,0,0
10,0,0
10,0,0
10,1,1
10,0,0
10,0,0
10,0,0
10,0,0
10,0,0
10,1,1
10,0,0
10,0,0
10,0,0
10,0,0
10,0,0
10,0,0
10,1,1
10,0,0
10,0,0
10,0,0
10,0,0
10,1,1
10,0,0
10,0,0
10,0,0
10,0,0
10,0,0
10,0,0
10,0,0
10,1,1
10,0,0
10,0,0
10,0,0
10,0,0
10,0,0
10,0,0
10,0,0
10,1,1
10,0,0
10,0,0
10,0,0
10,0,0
10,0,0
10,0,0
10,0,0
10,0,0
10,0,0
10,1,1
10,0,0
10,0,0
10,0,0
10,0,0
10,0,0
10,0,0
10,0,0
10,0,0
10,0,0
10,0,0
10,1,1
10,0,0
10,0,0
10,0,0
10,0,0
10,0,0
10,0,0
10,0,0
10,0,0
10,0,0
10,0,0
10,0,0
10,1,1
10,0,0
10,0,0
10,0,0
10,0,0
10,0,0
10,0,0
10,0,0
Total DB Queries This Round: 5073
Total time spent this round in seconds: 142.7020127773285
