true_label,num_secrets,b_no,b_guess,b_yes,setup_time,per_guess_time
1,100,11,1,0,0.892751932144165,5.193801810741425
1,100,11,0,0,0.892751932144165,5.193801810741425
1,100,6,0,1,0.892751932144165,5.193801810741425
1,100,11,0,0,0.892751932144165,5.193801810741425
1,100,7,7,0,0.892751932144165,5.193801810741425
1,100,5,0,0,0.892751932144165,5.193801810741425
1,100,7,0,0,0.892751932144165,5.193801810741425
1,100,7,7,0,0.892751932144165,5.193801810741425
1,100,6,0,1,0.892751932144165,5.193801810741425
1,100,11,0,0,0.892751932144165,5.193801810741425
1,100,7,7,0,0.892751932144165,5.193801810741425
1,100,7,0,2,0.892751932144165,5.193801810741425
1,100,11,2,0,0.892751932144165,5.193801810741425
1,100,7,2,0,0.892751932144165,5.193801810741425
1,100,11,0,0,0.892751932144165,5.193801810741425
1,100,11,1,0,0.892751932144165,5.193801810741425
1,100,7,2,0,0.892751932144165,5.193801810741425
1,100,7,0,0,0.892751932144165,5.193801810741425
1,100,5,1,0,0.892751932144165,5.193801810741425
1,100,7,9,0,0.892751932144165,5.193801810741425
1,100,7,0,0,0.892751932144165,5.193801810741425
1,100,7,4,0,0.892751932144165,5.193801810741425
1,100,11,0,0,0.892751932144165,5.193801810741425
1,100,7,6,0,0.892751932144165,5.193801810741425
1,100,7,5,0,0.892751932144165,5.193801810741425
1,100,7,1,0,0.892751932144165,5.193801810741425
1,100,11,0,0,0.892751932144165,5.193801810741425
1,100,6,0,1,0.892751932144165,5.193801810741425
1,100,8,0,1,0.892751932144165,5.193801810741425
1,100,12,0,1,0.892751932144165,5.193801810741425
1,100,7,5,0,0.892751932144165,5.193801810741425
1,100,7,1,0,0.892751932144165,5.193801810741425
1,100,7,2,0,0.892751932144165,5.193801810741425
1,100,7,7,0,0.892751932144165,5.193801810741425
1,100,7,1,0,0.892751932144165,5.193801810741425
1,100,11,0,0,0.892751932144165,5.193801810741425
1,100,7,8,0,0.892751932144165,5.193801810741425
1,100,7,3,0,0.892751932144165,5.193801810741425
1,100,5,0,0,0.892751932144165,5.193801810741425
1,100,7,0,2,0.892751932144165,5.193801810741425
1,100,7,0,2,0.892751932144165,5.193801810741425
1,100,11,2,0,0.892751932144165,5.193801810741425
1,100,7,7,0,0.892751932144165,5.193801810741425
1,100,7,1,0,0.892751932144165,5.193801810741425
1,100,6,0,1,0.892751932144165,5.193801810741425
1,100,5,1,0,0.892751932144165,5.193801810741425
1,100,7,7,0,0.892751932144165,5.193801810741425
1,100,7,4,0,0.892751932144165,5.193801810741425
1,100,7,0,2,0.892751932144165,5.193801810741425
1,100,7,0,0,0.892751932144165,5.193801810741425
1,100,11,3,0,0.892751932144165,5.193801810741425
1,100,7,3,0,0.892751932144165,5.193801810741425
1,100,7,10,0,0.892751932144165,5.193801810741425
1,100,7,6,0,0.892751932144165,5.193801810741425
1,100,7,3,0,0.892751932144165,5.193801810741425
1,100,9,0,2,0.892751932144165,5.193801810741425
1,100,7,4,0,0.892751932144165,5.193801810741425
1,100,7,1,0,0.892751932144165,5.193801810741425
1,100,5,4,0,0.892751932144165,5.193801810741425
1,100,11,4,0,0.892751932144165,5.193801810741425
1,100,7,2,0,0.892751932144165,5.193801810741425
1,100,7,0,0,0.892751932144165,5.193801810741425
1,100,7,6,0,0.892751932144165,5.193801810741425
1,100,7,4,0,0.892751932144165,5.193801810741425
1,100,7,6,0,0.892751932144165,5.193801810741425
1,100,11,2,0,0.892751932144165,5.193801810741425
1,100,7,0,2,0.892751932144165,5.193801810741425
1,100,11,0,0,0.892751932144165,5.193801810741425
1,100,6,0,1,0.892751932144165,5.193801810741425
1,100,7,1,0,0.892751932144165,5.193801810741425
1,100,11,3,0,0.892751932144165,5.193801810741425
1,100,5,2,0,0.892751932144165,5.193801810741425
1,100,6,0,1,0.892751932144165,5.193801810741425
1,100,7,0,0,0.892751932144165,5.193801810741425
1,100,11,1,0,0.892751932144165,5.193801810741425
1,100,7,0,2,0.892751932144165,5.193801810741425
1,100,11,2,0,0.892751932144165,5.193801810741425
1,100,7,2,0,0.892751932144165,5.193801810741425
1,100,11,0,0,0.892751932144165,5.193801810741425
1,100,7,0,0,0.892751932144165,5.193801810741425
1,100,9,0,2,0.892751932144165,5.193801810741425
1,100,11,0,0,0.892751932144165,5.193801810741425
1,100,12,0,1,0.892751932144165,5.193801810741425
1,100,7,8,0,0.892751932144165,5.193801810741425
1,100,11,0,0,0.892751932144165,5.193801810741425
1,100,7,1,0,0.892751932144165,5.193801810741425
1,100,7,7,0,0.892751932144165,5.193801810741425
1,100,11,1,0,0.892751932144165,5.193801810741425
1,100,11,2,0,0.892751932144165,5.193801810741425
1,100,7,5,0,0.892751932144165,5.193801810741425
1,100,11,1,0,0.892751932144165,5.193801810741425
1,100,11,1,0,0.892751932144165,5.193801810741425
1,100,7,0,0,0.892751932144165,5.193801810741425
1,100,7,2,0,0.892751932144165,5.193801810741425
1,100,7,2,0,0.892751932144165,5.193801810741425
1,100,7,5,0,0.892751932144165,5.193801810741425
1,100,5,3,0,0.892751932144165,5.193801810741425
1,100,7,3,0,0.892751932144165,5.193801810741425
1,100,8,0,1,0.892751932144165,5.193801810741425
1,100,8,0,1,0.892751932144165,5.193801810741425
0,100,5,7,0,0.892751932144165,5.193801810741425
0,100,7,7,0,0.892751932144165,5.193801810741425
0,100,11,7,0,0.892751932144165,5.193801810741425
0,100,7,5,0,0.892751932144165,5.193801810741425
0,100,5,11,0,0.892751932144165,5.193801810741425
0,100,7,6,0,0.892751932144165,5.193801810741425
0,100,7,8,0,0.892751932144165,5.193801810741425
0,100,5,8,0,0.892751932144165,5.193801810741425
0,100,7,5,0,0.892751932144165,5.193801810741425
0,100,5,12,0,0.892751932144165,5.193801810741425
0,100,7,9,0,0.892751932144165,5.193801810741425
0,100,7,8,0,0.892751932144165,5.193801810741425
0,100,7,9,0,0.892751932144165,5.193801810741425
0,100,7,6,0,0.892751932144165,5.193801810741425
0,100,5,5,0,0.892751932144165,5.193801810741425
0,100,7,9,0,0.892751932144165,5.193801810741425
0,100,11,9,0,0.892751932144165,5.193801810741425
0,100,7,9,0,0.892751932144165,5.193801810741425
0,100,7,3,0,0.892751932144165,5.193801810741425
0,100,11,12,0,0.892751932144165,5.193801810741425
0,100,7,5,0,0.892751932144165,5.193801810741425
0,100,7,10,0,0.892751932144165,5.193801810741425
0,100,7,12,0,0.892751932144165,5.193801810741425
0,100,11,8,0,0.892751932144165,5.193801810741425
0,100,7,6,0,0.892751932144165,5.193801810741425
0,100,11,8,0,0.892751932144165,5.193801810741425
0,100,7,10,0,0.892751932144165,5.193801810741425
0,100,7,12,0,0.892751932144165,5.193801810741425
0,100,7,3,0,0.892751932144165,5.193801810741425
0,100,11,12,0,0.892751932144165,5.193801810741425
0,100,11,9,0,0.892751932144165,5.193801810741425
0,100,7,9,0,0.892751932144165,5.193801810741425
0,100,5,6,0,0.892751932144165,5.193801810741425
0,100,7,10,0,0.892751932144165,5.193801810741425
0,100,7,7,0,0.892751932144165,5.193801810741425
0,100,5,8,0,0.892751932144165,5.193801810741425
0,100,7,6,0,0.892751932144165,5.193801810741425
0,100,7,8,0,0.892751932144165,5.193801810741425
0,100,5,9,0,0.892751932144165,5.193801810741425
0,100,7,6,0,0.892751932144165,5.193801810741425
0,100,7,7,0,0.892751932144165,5.193801810741425
0,100,7,8,0,0.892751932144165,5.193801810741425
0,100,5,5,0,0.892751932144165,5.193801810741425
0,100,7,4,0,0.892751932144165,5.193801810741425
0,100,7,5,0,0.892751932144165,5.193801810741425
0,100,11,11,0,0.892751932144165,5.193801810741425
0,100,11,14,0,0.892751932144165,5.193801810741425
0,100,7,7,0,0.892751932144165,5.193801810741425
0,100,7,6,0,0.892751932144165,5.193801810741425
0,100,11,8,0,0.892751932144165,5.193801810741425
0,100,7,10,0,0.892751932144165,5.193801810741425
0,100,7,7,0,0.892751932144165,5.193801810741425
0,100,7,9,0,0.892751932144165,5.193801810741425
0,100,5,8,0,0.892751932144165,5.193801810741425
0,100,7,11,0,0.892751932144165,5.193801810741425
0,100,11,11,0,0.892751932144165,5.193801810741425
0,100,5,8,0,0.892751932144165,5.193801810741425
0,100,11,9,0,0.892751932144165,5.193801810741425
0,100,7,9,0,0.892751932144165,5.193801810741425
0,100,7,5,0,0.892751932144165,5.193801810741425
0,100,7,10,0,0.892751932144165,5.193801810741425
0,100,7,8,0,0.892751932144165,5.193801810741425
0,100,5,7,0,0.892751932144165,5.193801810741425
0,100,7,7,0,0.892751932144165,5.193801810741425
0,100,7,6,0,0.892751932144165,5.193801810741425
0,100,7,7,0,0.892751932144165,5.193801810741425
0,100,7,4,0,0.892751932144165,5.193801810741425
0,100,11,11,0,0.892751932144165,5.193801810741425
0,100,7,10,0,0.892751932144165,5.193801810741425
0,100,7,4,0,0.892751932144165,5.193801810741425
0,100,7,3,0,0.892751932144165,5.193801810741425
0,100,7,7,0,0.892751932144165,5.193801810741425
0,100,7,11,0,0.892751932144165,5.193801810741425
0,100,7,6,0,0.892751932144165,5.193801810741425
0,100,5,6,0,0.892751932144165,5.193801810741425
0,100,5,9,0,0.892751932144165,5.193801810741425
0,100,11,11,0,0.892751932144165,5.193801810741425
0,100,7,8,0,0.892751932144165,5.193801810741425
0,100,7,5,0,0.892751932144165,5.193801810741425
0,100,7,8,0,0.892751932144165,5.193801810741425
0,100,7,7,0,0.892751932144165,5.193801810741425
0,100,5,10,0,0.892751932144165,5.193801810741425
0,100,7,8,0,0.892751932144165,5.193801810741425
0,100,7,7,0,0.892751932144165,5.193801810741425
0,100,7,9,0,0.892751932144165,5.193801810741425
0,100,7,10,0,0.892751932144165,5.193801810741425
0,100,7,8,0,0.892751932144165,5.193801810741425
0,100,5,11,0,0.892751932144165,5.193801810741425
0,100,11,10,0,0.892751932144165,5.193801810741425
0,100,7,12,0,0.892751932144165,5.193801810741425
0,100,7,10,0,0.892751932144165,5.193801810741425
0,100,5,11,0,0.892751932144165,5.193801810741425
0,100,7,5,0,0.892751932144165,5.193801810741425
0,100,7,8,0,0.892751932144165,5.193801810741425
0,100,7,6,0,0.892751932144165,5.193801810741425
0,100,5,5,0,0.892751932144165,5.193801810741425
0,100,11,12,0,0.892751932144165,5.193801810741425
0,100,5,5,0,0.892751932144165,5.193801810741425
0,100,7,9,0,0.892751932144165,5.193801810741425
0,100,7,7,0,0.892751932144165,5.193801810741425
Total DB Queries This Round: 25016
1,100,14,0,2,0.8217999935150146,5.45090631723404
1,100,11,4,0,0.8217999935150146,5.45090631723404
1,100,12,0,0,0.8217999935150146,5.45090631723404
1,100,7,0,0,0.8217999935150146,5.45090631723404
1,100,11,5,0,0.8217999935150146,5.45090631723404
1,100,14,0,3,0.8217999935150146,5.45090631723404
1,100,10,0,3,0.8217999935150146,5.45090631723404
1,100,11,5,0,0.8217999935150146,5.45090631723404
1,100,14,0,2,0.8217999935150146,5.45090631723404
1,100,8,0,1,0.8217999935150146,5.45090631723404
1,100,11,6,0,0.8217999935150146,5.45090631723404
1,100,16,0,4,0.8217999935150146,5.45090631723404
1,100,11,0,0,0.8217999935150146,5.45090631723404
1,100,14,0,2,0.8217999935150146,5.45090631723404
1,100,15,0,3,0.8217999935150146,5.45090631723404
1,100,7,2,0,0.8217999935150146,5.45090631723404
1,100,11,0,0,0.8217999935150146,5.45090631723404
1,100,11,2,0,0.8217999935150146,5.45090631723404
1,100,7,0,0,0.8217999935150146,5.45090631723404
1,100,10,0,3,0.8217999935150146,5.45090631723404
1,100,12,0,5,0.8217999935150146,5.45090631723404
1,100,13,0,1,0.8217999935150146,5.45090631723404
1,100,7,0,0,0.8217999935150146,5.45090631723404
1,100,11,3,0,0.8217999935150146,5.45090631723404
1,100,11,0,0,0.8217999935150146,5.45090631723404
1,100,13,0,1,0.8217999935150146,5.45090631723404
1,100,11,4,0,0.8217999935150146,5.45090631723404
1,100,11,0,0,0.8217999935150146,5.45090631723404
1,100,12,0,0,0.8217999935150146,5.45090631723404
1,100,7,1,0,0.8217999935150146,5.45090631723404
1,100,11,0,0,0.8217999935150146,5.45090631723404
1,100,13,0,6,0.8217999935150146,5.45090631723404
1,100,13,0,6,0.8217999935150146,5.45090631723404
1,100,11,0,0,0.8217999935150146,5.45090631723404
1,100,12,0,0,0.8217999935150146,5.45090631723404
1,100,10,0,3,0.8217999935150146,5.45090631723404
1,100,13,0,6,0.8217999935150146,5.45090631723404
1,100,11,5,0,0.8217999935150146,5.45090631723404
1,100,11,4,0,0.8217999935150146,5.45090631723404
1,100,11,5,0,0.8217999935150146,5.45090631723404
1,100,14,0,2,0.8217999935150146,5.45090631723404
1,100,13,0,6,0.8217999935150146,5.45090631723404
1,100,14,0,3,0.8217999935150146,5.45090631723404
1,100,11,4,0,0.8217999935150146,5.45090631723404
1,100,11,6,0,0.8217999935150146,5.45090631723404
1,100,8,0,1,0.8217999935150146,5.45090631723404
1,100,8,0,1,0.8217999935150146,5.45090631723404
1,100,11,4,0,0.8217999935150146,5.45090631723404
1,100,11,0,0,0.8217999935150146,5.45090631723404
1,100,13,0,1,0.8217999935150146,5.45090631723404
1,100,10,0,3,0.8217999935150146,5.45090631723404
1,100,9,0,2,0.8217999935150146,5.45090631723404
1,100,11,4,0,0.8217999935150146,5.45090631723404
1,100,11,5,0,0.8217999935150146,5.45090631723404
1,100,13,0,2,0.8217999935150146,5.45090631723404
1,100,13,0,6,0.8217999935150146,5.45090631723404
1,100,11,5,0,0.8217999935150146,5.45090631723404
1,100,11,10,0,0.8217999935150146,5.45090631723404
1,100,14,0,2,0.8217999935150146,5.45090631723404
1,100,8,0,1,0.8217999935150146,5.45090631723404
1,100,12,0,1,0.8217999935150146,5.45090631723404
1,100,12,0,5,0.8217999935150146,5.45090631723404
1,100,10,0,3,0.8217999935150146,5.45090631723404
1,100,7,0,0,0.8217999935150146,5.45090631723404
1,100,15,0,3,0.8217999935150146,5.45090631723404
1,100,11,6,0,0.8217999935150146,5.45090631723404
1,100,13,0,1,0.8217999935150146,5.45090631723404
1,100,11,3,0,0.8217999935150146,5.45090631723404
1,100,11,5,0,0.8217999935150146,5.45090631723404
1,100,18,0,6,0.8217999935150146,5.45090631723404
1,100,11,1,0,0.8217999935150146,5.45090631723404
1,100,11,3,0,0.8217999935150146,5.45090631723404
1,100,12,0,1,0.8217999935150146,5.45090631723404
1,100,12,0,0,0.8217999935150146,5.45090631723404
1,100,11,4,0,0.8217999935150146,5.45090631723404
1,100,12,0,0,0.8217999935150146,5.45090631723404
1,100,10,0,3,0.8217999935150146,5.45090631723404
1,100,14,0,2,0.8217999935150146,5.45090631723404
1,100,11,0,0,0.8217999935150146,5.45090631723404
1,100,11,4,0,0.8217999935150146,5.45090631723404
1,100,12,0,0,0.8217999935150146,5.45090631723404
1,100,13,0,1,0.8217999935150146,5.45090631723404
1,100,7,2,0,0.8217999935150146,5.45090631723404
1,100,15,0,3,0.8217999935150146,5.45090631723404
1,100,11,2,0,0.8217999935150146,5.45090631723404
1,100,7,1,0,0.8217999935150146,5.45090631723404
1,100,14,0,2,0.8217999935150146,5.45090631723404
1,100,14,0,2,0.8217999935150146,5.45090631723404
1,100,8,0,1,0.8217999935150146,5.45090631723404
1,100,14,0,2,0.8217999935150146,5.45090631723404
1,100,16,0,4,0.8217999935150146,5.45090631723404
1,100,15,0,4,0.8217999935150146,5.45090631723404
1,100,14,0,7,0.8217999935150146,5.45090631723404
1,100,17,0,6,0.8217999935150146,5.45090631723404
1,100,12,0,1,0.8217999935150146,5.45090631723404
1,100,13,0,2,0.8217999935150146,5.45090631723404
1,100,14,0,7,0.8217999935150146,5.45090631723404
1,100,13,0,6,0.8217999935150146,5.45090631723404
1,100,11,0,0,0.8217999935150146,5.45090631723404
1,100,11,4,0,0.8217999935150146,5.45090631723404
0,100,11,12,0,0.8217999935150146,5.45090631723404
0,100,12,8,0,0.8217999935150146,5.45090631723404
0,100,7,4,0,0.8217999935150146,5.45090631723404
0,100,11,18,0,0.8217999935150146,5.45090631723404
0,100,11,9,0,0.8217999935150146,5.45090631723404
0,100,7,7,0,0.8217999935150146,5.45090631723404
0,100,11,14,0,0.8217999935150146,5.45090631723404
0,100,11,14,0,0.8217999935150146,5.45090631723404
0,100,11,16,0,0.8217999935150146,5.45090631723404
0,100,7,5,0,0.8217999935150146,5.45090631723404
0,100,11,14,0,0.8217999935150146,5.45090631723404
0,100,11,12,0,0.8217999935150146,5.45090631723404
0,100,7,6,0,0.8217999935150146,5.45090631723404
0,100,11,14,0,0.8217999935150146,5.45090631723404
0,100,11,11,0,0.8217999935150146,5.45090631723404
0,100,12,10,0,0.8217999935150146,5.45090631723404
0,100,11,13,0,0.8217999935150146,5.45090631723404
0,100,7,10,0,0.8217999935150146,5.45090631723404
0,100,12,7,0,0.8217999935150146,5.45090631723404
0,100,11,11,0,0.8217999935150146,5.45090631723404
0,100,7,7,0,0.8217999935150146,5.45090631723404
0,100,7,8,0,0.8217999935150146,5.45090631723404
0,100,12,10,0,0.8217999935150146,5.45090631723404
0,100,7,7,0,0.8217999935150146,5.45090631723404
0,100,12,12,0,0.8217999935150146,5.45090631723404
0,100,11,13,0,0.8217999935150146,5.45090631723404
0,100,7,5,0,0.8217999935150146,5.45090631723404
0,100,11,11,0,0.8217999935150146,5.45090631723404
0,100,12,11,0,0.8217999935150146,5.45090631723404
0,100,12,9,0,0.8217999935150146,5.45090631723404
0,100,7,7,0,0.8217999935150146,5.45090631723404
0,100,11,17,0,0.8217999935150146,5.45090631723404
0,100,11,9,0,0.8217999935150146,5.45090631723404
0,100,7,8,0,0.8217999935150146,5.45090631723404
0,100,11,16,0,0.8217999935150146,5.45090631723404
0,100,11,15,0,0.8217999935150146,5.45090631723404
0,100,11,13,0,0.8217999935150146,5.45090631723404
0,100,11,11,0,0.8217999935150146,5.45090631723404
0,100,7,9,0,0.8217999935150146,5.45090631723404
0,100,11,11,0,0.8217999935150146,5.45090631723404
0,100,11,13,0,0.8217999935150146,5.45090631723404
0,100,11,16,0,0.8217999935150146,5.45090631723404
0,100,11,13,0,0.8217999935150146,5.45090631723404
0,100,7,7,0,0.8217999935150146,5.45090631723404
0,100,12,11,0,0.8217999935150146,5.45090631723404
0,100,12,6,0,0.8217999935150146,5.45090631723404
0,100,11,14,0,0.8217999935150146,5.45090631723404
0,100,11,12,0,0.8217999935150146,5.45090631723404
0,100,12,10,0,0.8217999935150146,5.45090631723404
0,100,7,8,0,0.8217999935150146,5.45090631723404
0,100,11,14,0,0.8217999935150146,5.45090631723404
0,100,11,11,0,0.8217999935150146,5.45090631723404
0,100,11,15,0,0.8217999935150146,5.45090631723404
0,100,7,6,0,0.8217999935150146,5.45090631723404
0,100,12,13,0,0.8217999935150146,5.45090631723404
0,100,11,15,0,0.8217999935150146,5.45090631723404
0,100,12,10,0,0.8217999935150146,5.45090631723404
0,100,11,13,0,0.8217999935150146,5.45090631723404
0,100,11,7,0,0.8217999935150146,5.45090631723404
0,100,7,6,0,0.8217999935150146,5.45090631723404
0,100,11,12,0,0.8217999935150146,5.45090631723404
0,100,11,16,0,0.8217999935150146,5.45090631723404
0,100,11,13,0,0.8217999935150146,5.45090631723404
0,100,7,7,0,0.8217999935150146,5.45090631723404
0,100,11,11,0,0.8217999935150146,5.45090631723404
0,100,7,0,0,0.8217999935150146,5.45090631723404
0,100,12,10,0,0.8217999935150146,5.45090631723404
0,100,11,12,0,0.8217999935150146,5.45090631723404
0,100,7,3,0,0.8217999935150146,5.45090631723404
0,100,11,10,0,0.8217999935150146,5.45090631723404
0,100,7,3,0,0.8217999935150146,5.45090631723404
0,100,11,13,0,0.8217999935150146,5.45090631723404
0,100,7,8,0,0.8217999935150146,5.45090631723404
0,100,11,18,0,0.8217999935150146,5.45090631723404
0,100,11,15,0,0.8217999935150146,5.45090631723404
0,100,12,13,0,0.8217999935150146,5.45090631723404
0,100,11,11,0,0.8217999935150146,5.45090631723404
0,100,7,7,0,0.8217999935150146,5.45090631723404
0,100,11,11,0,0.8217999935150146,5.45090631723404
0,100,11,13,0,0.8217999935150146,5.45090631723404
0,100,11,17,0,0.8217999935150146,5.45090631723404
0,100,7,3,0,0.8217999935150146,5.45090631723404
0,100,7,8,0,0.8217999935150146,5.45090631723404
0,100,11,11,0,0.8217999935150146,5.45090631723404
0,100,7,7,0,0.8217999935150146,5.45090631723404
0,100,7,3,0,0.8217999935150146,5.45090631723404
0,100,11,17,0,0.8217999935150146,5.45090631723404
0,100,12,13,0,0.8217999935150146,5.45090631723404
0,100,11,12,0,0.8217999935150146,5.45090631723404
0,100,7,9,0,0.8217999935150146,5.45090631723404
0,100,11,17,0,0.8217999935150146,5.45090631723404
0,100,7,11,0,0.8217999935150146,5.45090631723404
0,100,11,11,0,0.8217999935150146,5.45090631723404
0,100,7,7,0,0.8217999935150146,5.45090631723404
0,100,11,18,0,0.8217999935150146,5.45090631723404
0,100,12,12,0,0.8217999935150146,5.45090631723404
0,100,11,17,0,0.8217999935150146,5.45090631723404
0,100,11,7,0,0.8217999935150146,5.45090631723404
0,100,11,13,0,0.8217999935150146,5.45090631723404
0,100,12,12,0,0.8217999935150146,5.45090631723404
Total DB Queries This Round: 36367
1,100,8,1,0,0.2927823066711426,4.969284145832062
1,100,11,2,0,0.2927823066711426,4.969284145832062
1,100,8,2,0,0.2927823066711426,4.969284145832062
1,100,8,1,0,0.2927823066711426,4.969284145832062
1,100,6,1,0,0.2927823066711426,4.969284145832062
1,100,9,0,1,0.2927823066711426,4.969284145832062
1,100,8,1,0,0.2927823066711426,4.969284145832062
1,100,11,4,0,0.2927823066711426,4.969284145832062
1,100,8,3,0,0.2927823066711426,4.969284145832062
1,100,8,1,0,0.2927823066711426,4.969284145832062
1,100,11,3,0,0.2927823066711426,4.969284145832062
1,100,6,2,0,0.2927823066711426,4.969284145832062
1,100,11,2,0,0.2927823066711426,4.969284145832062
1,100,11,0,0,0.2927823066711426,4.969284145832062
1,100,8,1,0,0.2927823066711426,4.969284145832062
1,100,9,0,3,0.2927823066711426,4.969284145832062
1,100,11,0,3,0.2927823066711426,4.969284145832062
1,100,10,0,2,0.2927823066711426,4.969284145832062
1,100,8,2,0,0.2927823066711426,4.969284145832062
1,100,8,0,0,0.2927823066711426,4.969284145832062
1,100,11,2,0,0.2927823066711426,4.969284145832062
1,100,8,1,0,0.2927823066711426,4.969284145832062
1,100,6,1,0,0.2927823066711426,4.969284145832062
1,100,7,0,1,0.2927823066711426,4.969284145832062
1,100,11,2,0,0.2927823066711426,4.969284145832062
1,100,8,0,0,0.2927823066711426,4.969284145832062
1,100,6,1,0,0.2927823066711426,4.969284145832062
1,100,11,1,0,0.2927823066711426,4.969284145832062
1,100,8,3,0,0.2927823066711426,4.969284145832062
1,100,6,1,0,0.2927823066711426,4.969284145832062
1,100,8,1,0,0.2927823066711426,4.969284145832062
1,100,9,0,1,0.2927823066711426,4.969284145832062
1,100,7,0,1,0.2927823066711426,4.969284145832062
1,100,11,2,0,0.2927823066711426,4.969284145832062
1,100,9,0,1,0.2927823066711426,4.969284145832062
1,100,8,1,0,0.2927823066711426,4.969284145832062
1,100,8,2,0,0.2927823066711426,4.969284145832062
1,100,11,0,3,0.2927823066711426,4.969284145832062
1,100,8,0,0,0.2927823066711426,4.969284145832062
1,100,12,0,1,0.2927823066711426,4.969284145832062
1,100,8,3,0,0.2927823066711426,4.969284145832062
1,100,8,0,2,0.2927823066711426,4.969284145832062
1,100,8,1,0,0.2927823066711426,4.969284145832062
1,100,8,2,0,0.2927823066711426,4.969284145832062
1,100,8,2,0,0.2927823066711426,4.969284145832062
1,100,8,2,0,0.2927823066711426,4.969284145832062
1,100,9,0,1,0.2927823066711426,4.969284145832062
1,100,6,2,0,0.2927823066711426,4.969284145832062
1,100,11,2,0,0.2927823066711426,4.969284145832062
1,100,8,2,0,0.2927823066711426,4.969284145832062
1,100,8,1,0,0.2927823066711426,4.969284145832062
1,100,6,1,0,0.2927823066711426,4.969284145832062
1,100,6,2,0,0.2927823066711426,4.969284145832062
1,100,7,0,1,0.2927823066711426,4.969284145832062
1,100,8,0,0,0.2927823066711426,4.969284145832062
1,100,6,1,0,0.2927823066711426,4.969284145832062
1,100,9,0,1,0.2927823066711426,4.969284145832062
1,100,11,2,0,0.2927823066711426,4.969284145832062
1,100,8,3,0,0.2927823066711426,4.969284145832062
1,100,6,0,0,0.2927823066711426,4.969284145832062
1,100,8,2,0,0.2927823066711426,4.969284145832062
1,100,8,2,0,0.2927823066711426,4.969284145832062
1,100,8,3,0,0.2927823066711426,4.969284145832062
1,100,11,0,0,0.2927823066711426,4.969284145832062
1,100,11,0,3,0.2927823066711426,4.969284145832062
1,100,13,0,2,0.2927823066711426,4.969284145832062
1,100,8,1,0,0.2927823066711426,4.969284145832062
1,100,6,3,0,0.2927823066711426,4.969284145832062
1,100,11,2,0,0.2927823066711426,4.969284145832062
1,100,8,1,0,0.2927823066711426,4.969284145832062
1,100,8,0,0,0.2927823066711426,4.969284145832062
1,100,7,0,1,0.2927823066711426,4.969284145832062
1,100,11,4,0,0.2927823066711426,4.969284145832062
1,100,8,0,0,0.2927823066711426,4.969284145832062
1,100,11,4,0,0.2927823066711426,4.969284145832062
1,100,8,0,0,0.2927823066711426,4.969284145832062
1,100,11,1,0,0.2927823066711426,4.969284145832062
1,100,6,2,0,0.2927823066711426,4.969284145832062
1,100,7,0,1,0.2927823066711426,4.969284145832062
1,100,12,0,1,0.2927823066711426,4.969284145832062
1,100,11,3,0,0.2927823066711426,4.969284145832062
1,100,8,3,0,0.2927823066711426,4.969284145832062
1,100,11,2,0,0.2927823066711426,4.969284145832062
1,100,7,0,1,0.2927823066711426,4.969284145832062
1,100,9,0,1,0.2927823066711426,4.969284145832062
1,100,12,0,1,0.2927823066711426,4.969284145832062
1,100,11,2,0,0.2927823066711426,4.969284145832062
1,100,8,2,0,0.2927823066711426,4.969284145832062
1,100,13,0,2,0.2927823066711426,4.969284145832062
1,100,12,0,1,0.2927823066711426,4.969284145832062
1,100,6,1,0,0.2927823066711426,4.969284145832062
1,100,11,0,3,0.2927823066711426,4.969284145832062
1,100,6,0,0,0.2927823066711426,4.969284145832062
1,100,6,3,0,0.2927823066711426,4.969284145832062
1,100,10,0,2,0.2927823066711426,4.969284145832062
1,100,8,0,0,0.2927823066711426,4.969284145832062
1,100,8,0,0,0.2927823066711426,4.969284145832062
1,100,6,0,0,0.2927823066711426,4.969284145832062
1,100,9,0,1,0.2927823066711426,4.969284145832062
1,100,8,0,2,0.2927823066711426,4.969284145832062
0,100,11,11,0,0.2927823066711426,4.969284145832062
0,100,8,4,0,0.2927823066711426,4.969284145832062
0,100,8,9,0,0.2927823066711426,4.969284145832062
0,100,6,9,0,0.2927823066711426,4.969284145832062
0,100,8,2,0,0.2927823066711426,4.969284145832062
0,100,8,8,0,0.2927823066711426,4.969284145832062
0,100,6,9,0,0.2927823066711426,4.969284145832062
0,100,8,11,0,0.2927823066711426,4.969284145832062
0,100,8,5,0,0.2927823066711426,4.969284145832062
0,100,6,10,0,0.2927823066711426,4.969284145832062
0,100,6,8,0,0.2927823066711426,4.969284145832062
0,100,8,4,0,0.2927823066711426,4.969284145832062
0,100,8,9,0,0.2927823066711426,4.969284145832062
0,100,6,7,0,0.2927823066711426,4.969284145832062
0,100,11,8,0,0.2927823066711426,4.969284145832062
0,100,6,7,0,0.2927823066711426,4.969284145832062
0,100,8,6,0,0.2927823066711426,4.969284145832062
0,100,11,12,0,0.2927823066711426,4.969284145832062
0,100,6,10,0,0.2927823066711426,4.969284145832062
0,100,8,6,0,0.2927823066711426,4.969284145832062
0,100,8,6,0,0.2927823066711426,4.969284145832062
0,100,11,11,0,0.2927823066711426,4.969284145832062
0,100,8,4,0,0.2927823066711426,4.969284145832062
0,100,11,14,0,0.2927823066711426,4.969284145832062
0,100,6,8,0,0.2927823066711426,4.969284145832062
0,100,8,4,0,0.2927823066711426,4.969284145832062
0,100,6,8,0,0.2927823066711426,4.969284145832062
0,100,11,10,0,0.2927823066711426,4.969284145832062
0,100,11,12,0,0.2927823066711426,4.969284145832062
0,100,8,8,0,0.2927823066711426,4.969284145832062
0,100,8,11,0,0.2927823066711426,4.969284145832062
0,100,6,10,0,0.2927823066711426,4.969284145832062
0,100,8,8,0,0.2927823066711426,4.969284145832062
0,100,8,10,0,0.2927823066711426,4.969284145832062
0,100,6,7,0,0.2927823066711426,4.969284145832062
0,100,6,9,0,0.2927823066711426,4.969284145832062
0,100,8,5,0,0.2927823066711426,4.969284145832062
0,100,8,6,0,0.2927823066711426,4.969284145832062
0,100,6,9,0,0.2927823066711426,4.969284145832062
0,100,6,11,0,0.2927823066711426,4.969284145832062
0,100,8,9,0,0.2927823066711426,4.969284145832062
0,100,6,9,0,0.2927823066711426,4.969284145832062
0,100,8,8,0,0.2927823066711426,4.969284145832062
0,100,11,14,0,0.2927823066711426,4.969284145832062
0,100,11,15,0,0.2927823066711426,4.969284145832062
0,100,6,10,0,0.2927823066711426,4.969284145832062
0,100,6,10,0,0.2927823066711426,4.969284145832062
0,100,11,14,0,0.2927823066711426,4.969284145832062
0,100,8,8,0,0.2927823066711426,4.969284145832062
0,100,6,9,0,0.2927823066711426,4.969284145832062
0,100,6,10,0,0.2927823066711426,4.969284145832062
0,100,8,8,0,0.2927823066711426,4.969284145832062
0,100,8,8,0,0.2927823066711426,4.969284145832062
0,100,11,14,0,0.2927823066711426,4.969284145832062
0,100,8,11,0,0.2927823066711426,4.969284145832062
0,100,11,12,0,0.2927823066711426,4.969284145832062
0,100,6,9,0,0.2927823066711426,4.969284145832062
0,100,6,10,0,0.2927823066711426,4.969284145832062
0,100,8,5,0,0.2927823066711426,4.969284145832062
0,100,6,10,0,0.2927823066711426,4.969284145832062
0,100,8,11,0,0.2927823066711426,4.969284145832062
0,100,6,10,0,0.2927823066711426,4.969284145832062
0,100,8,8,0,0.2927823066711426,4.969284145832062
0,100,6,9,0,0.2927823066711426,4.969284145832062
0,100,8,4,0,0.2927823066711426,4.969284145832062
0,100,11,10,0,0.2927823066711426,4.969284145832062
0,100,6,11,0,0.2927823066711426,4.969284145832062
0,100,8,11,0,0.2927823066711426,4.969284145832062
0,100,6,15,0,0.2927823066711426,4.969284145832062
0,100,8,8,0,0.2927823066711426,4.969284145832062
0,100,6,9,0,0.2927823066711426,4.969284145832062
0,100,8,8,0,0.2927823066711426,4.969284145832062
0,100,8,10,0,0.2927823066711426,4.969284145832062
0,100,8,10,0,0.2927823066711426,4.969284145832062
0,100,11,14,0,0.2927823066711426,4.969284145832062
0,100,6,10,0,0.2927823066711426,4.969284145832062
0,100,8,9,0,0.2927823066711426,4.969284145832062
0,100,6,8,0,0.2927823066711426,4.969284145832062
0,100,6,12,0,0.2927823066711426,4.969284145832062
0,100,8,10,0,0.2927823066711426,4.969284145832062
0,100,8,4,0,0.2927823066711426,4.969284145832062
0,100,8,8,0,0.2927823066711426,4.969284145832062
0,100,6,13,0,0.2927823066711426,4.969284145832062
0,100,8,7,0,0.2927823066711426,4.969284145832062
0,100,8,8,0,0.2927823066711426,4.969284145832062
0,100,8,9,0,0.2927823066711426,4.969284145832062
0,100,11,13,0,0.2927823066711426,4.969284145832062
0,100,6,10,0,0.2927823066711426,4.969284145832062
0,100,8,6,0,0.2927823066711426,4.969284145832062
0,100,8,6,0,0.2927823066711426,4.969284145832062
0,100,8,5,0,0.2927823066711426,4.969284145832062
0,100,6,10,0,0.2927823066711426,4.969284145832062
0,100,8,7,0,0.2927823066711426,4.969284145832062
0,100,8,10,0,0.2927823066711426,4.969284145832062
0,100,11,15,0,0.2927823066711426,4.969284145832062
0,100,8,9,0,0.2927823066711426,4.969284145832062
0,100,6,10,0,0.2927823066711426,4.969284145832062
0,100,6,10,0,0.2927823066711426,4.969284145832062
0,100,11,11,0,0.2927823066711426,4.969284145832062
0,100,11,9,0,0.2927823066711426,4.969284145832062
Total DB Queries This Round: 20277
1,100,8,3,0,0.3430674076080322,5.115538733005524
1,100,5,0,2,0.3430674076080322,5.115538733005524
1,100,12,7,0,0.3430674076080322,5.115538733005524
1,100,7,3,0,0.3430674076080322,5.115538733005524
1,100,4,0,1,0.3430674076080322,5.115538733005524
1,100,12,6,0,0.3430674076080322,5.115538733005524
1,100,10,0,2,0.3430674076080322,5.115538733005524
1,100,5,0,2,0.3430674076080322,5.115538733005524
1,100,12,1,0,0.3430674076080322,5.115538733005524
1,100,8,1,0,0.3430674076080322,5.115538733005524
1,100,7,1,0,0.3430674076080322,5.115538733005524
1,100,8,1,0,0.3430674076080322,5.115538733005524
1,100,10,0,2,0.3430674076080322,5.115538733005524
1,100,4,0,1,0.3430674076080322,5.115538733005524
1,100,7,1,0,0.3430674076080322,5.115538733005524
1,100,12,5,0,0.3430674076080322,5.115538733005524
1,100,4,0,1,0.3430674076080322,5.115538733005524
1,100,3,2,0,0.3430674076080322,5.115538733005524
1,100,5,0,2,0.3430674076080322,5.115538733005524
1,100,8,4,0,0.3430674076080322,5.115538733005524
1,100,3,1,0,0.3430674076080322,5.115538733005524
1,100,7,0,0,0.3430674076080322,5.115538733005524
1,100,7,2,0,0.3430674076080322,5.115538733005524
1,100,8,1,0,0.3430674076080322,5.115538733005524
1,100,12,2,0,0.3430674076080322,5.115538733005524
1,100,9,0,2,0.3430674076080322,5.115538733005524
1,100,8,1,0,0.3430674076080322,5.115538733005524
1,100,7,0,4,0.3430674076080322,5.115538733005524
1,100,10,0,3,0.3430674076080322,5.115538733005524
1,100,3,2,0,0.3430674076080322,5.115538733005524
1,100,3,0,0,0.3430674076080322,5.115538733005524
1,100,7,3,0,0.3430674076080322,5.115538733005524
1,100,8,1,0,0.3430674076080322,5.115538733005524
1,100,4,0,1,0.3430674076080322,5.115538733005524
1,100,5,0,2,0.3430674076080322,5.115538733005524
1,100,12,5,0,0.3430674076080322,5.115538733005524
1,100,12,2,0,0.3430674076080322,5.115538733005524
1,100,12,3,0,0.3430674076080322,5.115538733005524
1,100,8,1,0,0.3430674076080322,5.115538733005524
1,100,4,0,1,0.3430674076080322,5.115538733005524
1,100,7,1,0,0.3430674076080322,5.115538733005524
1,100,12,4,0,0.3430674076080322,5.115538733005524
1,100,12,3,0,0.3430674076080322,5.115538733005524
1,100,3,0,0,0.3430674076080322,5.115538733005524
1,100,5,0,2,0.3430674076080322,5.115538733005524
1,100,12,4,0,0.3430674076080322,5.115538733005524
1,100,8,0,1,0.3430674076080322,5.115538733005524
1,100,11,0,3,0.3430674076080322,5.115538733005524
1,100,5,0,2,0.3430674076080322,5.115538733005524
1,100,4,0,1,0.3430674076080322,5.115538733005524
1,100,7,0,0,0.3430674076080322,5.115538733005524
1,100,10,0,3,0.3430674076080322,5.115538733005524
1,100,11,0,4,0.3430674076080322,5.115538733005524
1,100,8,0,5,0.3430674076080322,5.115538733005524
1,100,7,3,0,0.3430674076080322,5.115538733005524
1,100,12,4,0,0.3430674076080322,5.115538733005524
1,100,8,0,0,0.3430674076080322,5.115538733005524
1,100,7,0,4,0.3430674076080322,5.115538733005524
1,100,11,0,4,0.3430674076080322,5.115538733005524
1,100,4,0,1,0.3430674076080322,5.115538733005524
1,100,6,0,3,0.3430674076080322,5.115538733005524
1,100,3,1,0,0.3430674076080322,5.115538733005524
1,100,8,2,0,0.3430674076080322,5.115538733005524
1,100,12,2,0,0.3430674076080322,5.115538733005524
1,100,10,0,2,0.3430674076080322,5.115538733005524
1,100,12,4,0,0.3430674076080322,5.115538733005524
1,100,8,0,1,0.3430674076080322,5.115538733005524
1,100,8,0,0,0.3430674076080322,5.115538733005524
1,100,12,1,0,0.3430674076080322,5.115538733005524
1,100,12,2,0,0.3430674076080322,5.115538733005524
1,100,7,0,0,0.3430674076080322,5.115538733005524
1,100,10,0,2,0.3430674076080322,5.115538733005524
1,100,12,2,0,0.3430674076080322,5.115538733005524
1,100,8,0,0,0.3430674076080322,5.115538733005524
1,100,4,0,1,0.3430674076080322,5.115538733005524
1,100,9,0,1,0.3430674076080322,5.115538733005524
1,100,10,0,3,0.3430674076080322,5.115538733005524
1,100,7,0,0,0.3430674076080322,5.115538733005524
1,100,13,0,5,0.3430674076080322,5.115538733005524
1,100,11,0,3,0.3430674076080322,5.115538733005524
1,100,4,0,1,0.3430674076080322,5.115538733005524
1,100,8,1,0,0.3430674076080322,5.115538733005524
1,100,9,0,2,0.3430674076080322,5.115538733005524
1,100,7,0,4,0.3430674076080322,5.115538733005524
1,100,10,0,2,0.3430674076080322,5.115538733005524
1,100,12,0,4,0.3430674076080322,5.115538733005524
1,100,5,0,2,0.3430674076080322,5.115538733005524
1,100,10,0,2,0.3430674076080322,5.115538733005524
1,100,13,0,5,0.3430674076080322,5.115538733005524
1,100,10,0,3,0.3430674076080322,5.115538733005524
1,100,9,0,6,0.3430674076080322,5.115538733005524
1,100,11,0,4,0.3430674076080322,5.115538733005524
1,100,8,0,1,0.3430674076080322,5.115538733005524
1,100,12,1,0,0.3430674076080322,5.115538733005524
1,100,11,0,8,0.3430674076080322,5.115538733005524
1,100,8,0,5,0.3430674076080322,5.115538733005524
1,100,10,0,3,0.3430674076080322,5.115538733005524
1,100,13,0,1,0.3430674076080322,5.115538733005524
1,100,7,0,0,0.3430674076080322,5.115538733005524
1,100,15,0,7,0.3430674076080322,5.115538733005524
0,100,3,0,0,0.3430674076080322,5.115538733005524
0,100,12,10,0,0.3430674076080322,5.115538733005524
0,100,7,7,0,0.3430674076080322,5.115538733005524
0,100,3,1,0,0.3430674076080322,5.115538733005524
0,100,12,16,0,0.3430674076080322,5.115538733005524
0,100,7,9,0,0.3430674076080322,5.115538733005524
0,100,12,13,0,0.3430674076080322,5.115538733005524
0,100,3,2,0,0.3430674076080322,5.115538733005524
0,100,7,7,0,0.3430674076080322,5.115538733005524
0,100,7,4,0,0.3430674076080322,5.115538733005524
0,100,3,3,0,0.3430674076080322,5.115538733005524
0,100,12,12,0,0.3430674076080322,5.115538733005524
0,100,7,8,0,0.3430674076080322,5.115538733005524
0,100,8,11,0,0.3430674076080322,5.115538733005524
0,100,7,7,0,0.3430674076080322,5.115538733005524
0,100,3,2,0,0.3430674076080322,5.115538733005524
0,100,8,10,0,0.3430674076080322,5.115538733005524
0,100,7,3,0,0.3430674076080322,5.115538733005524
0,100,4,0,1,0.3430674076080322,5.115538733005524
0,100,3,2,0,0.3430674076080322,5.115538733005524
0,100,8,9,0,0.3430674076080322,5.115538733005524
0,100,3,2,0,0.3430674076080322,5.115538733005524
0,100,8,9,0,0.3430674076080322,5.115538733005524
0,100,7,7,0,0.3430674076080322,5.115538733005524
0,100,3,2,0,0.3430674076080322,5.115538733005524
0,100,7,7,0,0.3430674076080322,5.115538733005524
0,100,8,7,0,0.3430674076080322,5.115538733005524
0,100,8,10,0,0.3430674076080322,5.115538733005524
0,100,4,0,1,0.3430674076080322,5.115538733005524
0,100,12,12,0,0.3430674076080322,5.115538733005524
0,100,7,7,0,0.3430674076080322,5.115538733005524
0,100,3,5,0,0.3430674076080322,5.115538733005524
0,100,12,14,0,0.3430674076080322,5.115538733005524
0,100,7,8,0,0.3430674076080322,5.115538733005524
0,100,7,7,0,0.3430674076080322,5.115538733005524
0,100,12,12,0,0.3430674076080322,5.115538733005524
0,100,5,0,2,0.3430674076080322,5.115538733005524
0,100,7,7,0,0.3430674076080322,5.115538733005524
0,100,7,7,0,0.3430674076080322,5.115538733005524
0,100,12,12,0,0.3430674076080322,5.115538733005524
0,100,7,7,0,0.3430674076080322,5.115538733005524
0,100,3,2,0,0.3430674076080322,5.115538733005524
0,100,8,6,0,0.3430674076080322,5.115538733005524
0,100,8,10,0,0.3430674076080322,5.115538733005524
0,100,7,7,0,0.3430674076080322,5.115538733005524
0,100,7,6,0,0.3430674076080322,5.115538733005524
0,100,8,9,0,0.3430674076080322,5.115538733005524
0,100,3,3,0,0.3430674076080322,5.115538733005524
0,100,7,11,0,0.3430674076080322,5.115538733005524
0,100,7,6,0,0.3430674076080322,5.115538733005524
0,100,12,12,0,0.3430674076080322,5.115538733005524
0,100,3,2,0,0.3430674076080322,5.115538733005524
0,100,8,10,0,0.3430674076080322,5.115538733005524
0,100,12,12,0,0.3430674076080322,5.115538733005524
0,100,8,10,0,0.3430674076080322,5.115538733005524
0,100,7,7,0,0.3430674076080322,5.115538733005524
0,100,7,7,0,0.3430674076080322,5.115538733005524
0,100,3,2,0,0.3430674076080322,5.115538733005524
0,100,7,7,0,0.3430674076080322,5.115538733005524
0,100,12,12,0,0.3430674076080322,5.115538733005524
0,100,7,7,0,0.3430674076080322,5.115538733005524
0,100,3,2,0,0.3430674076080322,5.115538733005524
0,100,7,7,0,0.3430674076080322,5.115538733005524
0,100,3,2,0,0.3430674076080322,5.115538733005524
0,100,8,10,0,0.3430674076080322,5.115538733005524
0,100,7,7,0,0.3430674076080322,5.115538733005524
0,100,3,3,0,0.3430674076080322,5.115538733005524
0,100,7,11,0,0.3430674076080322,5.115538733005524
0,100,3,0,0,0.3430674076080322,5.115538733005524
0,100,7,7,0,0.3430674076080322,5.115538733005524
0,100,3,2,0,0.3430674076080322,5.115538733005524
0,100,12,11,0,0.3430674076080322,5.115538733005524
0,100,12,12,0,0.3430674076080322,5.115538733005524
0,100,8,10,0,0.3430674076080322,5.115538733005524
0,100,7,7,0,0.3430674076080322,5.115538733005524
0,100,3,2,0,0.3430674076080322,5.115538733005524
0,100,7,7,0,0.3430674076080322,5.115538733005524
0,100,7,7,0,0.3430674076080322,5.115538733005524
0,100,12,11,0,0.3430674076080322,5.115538733005524
0,100,3,2,0,0.3430674076080322,5.115538733005524
0,100,3,2,0,0.3430674076080322,5.115538733005524
0,100,7,7,0,0.3430674076080322,5.115538733005524
0,100,3,5,0,0.3430674076080322,5.115538733005524
0,100,3,5,0,0.3430674076080322,5.115538733005524
0,100,12,12,0,0.3430674076080322,5.115538733005524
0,100,8,10,0,0.3430674076080322,5.115538733005524
0,100,7,6,0,0.3430674076080322,5.115538733005524
0,100,3,3,0,0.3430674076080322,5.115538733005524
0,100,12,12,0,0.3430674076080322,5.115538733005524
0,100,3,3,0,0.3430674076080322,5.115538733005524
0,100,7,11,0,0.3430674076080322,5.115538733005524
0,100,3,2,0,0.3430674076080322,5.115538733005524
0,100,12,14,0,0.3430674076080322,5.115538733005524
0,100,8,10,0,0.3430674076080322,5.115538733005524
0,100,12,19,0,0.3430674076080322,5.115538733005524
0,100,7,7,0,0.3430674076080322,5.115538733005524
0,100,7,8,0,0.3430674076080322,5.115538733005524
0,100,8,10,0,0.3430674076080322,5.115538733005524
0,100,8,10,0,0.3430674076080322,5.115538733005524
0,100,12,13,0,0.3430674076080322,5.115538733005524
Total DB Queries This Round: 20674
1,100,7,1,0,0.3743326663970947,5.480065639019013
1,100,15,3,0,0.3743326663970947,5.480065639019013
1,100,4,0,0,0.3743326663970947,5.480065639019013
1,100,7,1,0,0.3743326663970947,5.480065639019013
1,100,15,1,0,0.3743326663970947,5.480065639019013
1,100,14,0,3,0.3743326663970947,5.480065639019013
1,100,7,0,0,0.3743326663970947,5.480065639019013
1,100,15,0,0,0.3743326663970947,5.480065639019013
1,100,11,2,0,0.3743326663970947,5.480065639019013
1,100,4,0,0,0.3743326663970947,5.480065639019013
1,100,12,0,1,0.3743326663970947,5.480065639019013
1,100,11,2,0,0.3743326663970947,5.480065639019013
1,100,7,1,0,0.3743326663970947,5.480065639019013
1,100,4,1,0,0.3743326663970947,5.480065639019013
1,100,16,0,1,0.3743326663970947,5.480065639019013
1,100,7,0,0,0.3743326663970947,5.480065639019013
1,100,9,0,2,0.3743326663970947,5.480065639019013
1,100,7,1,0,0.3743326663970947,5.480065639019013
1,100,13,0,2,0.3743326663970947,5.480065639019013
1,100,7,1,0,0.3743326663970947,5.480065639019013
1,100,4,1,0,0.3743326663970947,5.480065639019013
1,100,5,0,1,0.3743326663970947,5.480065639019013
1,100,14,0,3,0.3743326663970947,5.480065639019013
1,100,15,1,0,0.3743326663970947,5.480065639019013
1,100,4,0,0,0.3743326663970947,5.480065639019013
1,100,11,1,0,0.3743326663970947,5.480065639019013
1,100,8,0,1,0.3743326663970947,5.480065639019013
1,100,4,0,0,0.3743326663970947,5.480065639019013
1,100,10,0,3,0.3743326663970947,5.480065639019013
1,100,7,0,0,0.3743326663970947,5.480065639019013
1,100,4,2,0,0.3743326663970947,5.480065639019013
1,100,12,0,1,0.3743326663970947,5.480065639019013
1,100,7,0,0,0.3743326663970947,5.480065639019013
1,100,7,1,0,0.3743326663970947,5.480065639019013
1,100,17,0,2,0.3743326663970947,5.480065639019013
1,100,15,0,0,0.3743326663970947,5.480065639019013
1,100,15,1,0,0.3743326663970947,5.480065639019013
1,100,11,1,0,0.3743326663970947,5.480065639019013
1,100,7,0,0,0.3743326663970947,5.480065639019013
1,100,5,0,1,0.3743326663970947,5.480065639019013
1,100,15,0,0,0.3743326663970947,5.480065639019013
1,100,15,1,0,0.3743326663970947,5.480065639019013
1,100,7,1,0,0.3743326663970947,5.480065639019013
1,100,7,0,0,0.3743326663970947,5.480065639019013
1,100,15,1,0,0.3743326663970947,5.480065639019013
1,100,4,2,0,0.3743326663970947,5.480065639019013
1,100,14,0,3,0.3743326663970947,5.480065639019013
1,100,7,2,0,0.3743326663970947,5.480065639019013
1,100,7,1,0,0.3743326663970947,5.480065639019013
1,100,5,0,1,0.3743326663970947,5.480065639019013
1,100,4,0,0,0.3743326663970947,5.480065639019013
1,100,5,0,1,0.3743326663970947,5.480065639019013
1,100,7,0,0,0.3743326663970947,5.480065639019013
1,100,4,0,0,0.3743326663970947,5.480065639019013
1,100,15,2,0,0.3743326663970947,5.480065639019013
1,100,16,0,5,0.3743326663970947,5.480065639019013
1,100,7,1,0,0.3743326663970947,5.480065639019013
1,100,4,1,0,0.3743326663970947,5.480065639019013
1,100,7,1,0,0.3743326663970947,5.480065639019013
1,100,7,2,0,0.3743326663970947,5.480065639019013
1,100,7,1,0,0.3743326663970947,5.480065639019013
1,100,12,0,1,0.3743326663970947,5.480065639019013
1,100,16,0,1,0.3743326663970947,5.480065639019013
1,100,13,0,2,0.3743326663970947,5.480065639019013
1,100,15,0,0,0.3743326663970947,5.480065639019013
1,100,4,1,0,0.3743326663970947,5.480065639019013
1,100,16,0,5,0.3743326663970947,5.480065639019013
1,100,16,0,1,0.3743326663970947,5.480065639019013
1,100,15,0,0,0.3743326663970947,5.480065639019013
1,100,4,1,0,0.3743326663970947,5.480065639019013
1,100,12,0,1,0.3743326663970947,5.480065639019013
1,100,15,1,0,0.3743326663970947,5.480065639019013
1,100,12,0,1,0.3743326663970947,5.480065639019013
1,100,8,0,1,0.3743326663970947,5.480065639019013
1,100,16,0,5,0.3743326663970947,5.480065639019013
1,100,8,0,4,0.3743326663970947,5.480065639019013
1,100,6,0,2,0.3743326663970947,5.480065639019013
1,100,14,0,3,0.3743326663970947,5.480065639019013
1,100,11,1,0,0.3743326663970947,5.480065639019013
1,100,8,0,1,0.3743326663970947,5.480065639019013
1,100,15,0,4,0.3743326663970947,5.480065639019013
1,100,7,0,3,0.3743326663970947,5.480065639019013
1,100,7,0,0,0.3743326663970947,5.480065639019013
1,100,18,0,7,0.3743326663970947,5.480065639019013
1,100,15,0,4,0.3743326663970947,5.480065639019013
1,100,7,0,0,0.3743326663970947,5.480065639019013
1,100,14,0,3,0.3743326663970947,5.480065639019013
1,100,11,0,0,0.3743326663970947,5.480065639019013
1,100,6,0,2,0.3743326663970947,5.480065639019013
1,100,11,0,4,0.3743326663970947,5.480065639019013
1,100,4,0,0,0.3743326663970947,5.480065639019013
1,100,4,1,0,0.3743326663970947,5.480065639019013
1,100,18,0,3,0.3743326663970947,5.480065639019013
1,100,9,0,2,0.3743326663970947,5.480065639019013
1,100,9,0,2,0.3743326663970947,5.480065639019013
1,100,8,0,4,0.3743326663970947,5.480065639019013
1,100,16,0,1,0.3743326663970947,5.480065639019013
1,100,4,1,0,0.3743326663970947,5.480065639019013
1,100,12,0,1,0.3743326663970947,5.480065639019013
1,100,12,0,5,0.3743326663970947,5.480065639019013
0,100,15,11,0,0.3743326663970947,5.480065639019013
0,100,4,10,0,0.3743326663970947,5.480065639019013
0,100,7,6,0,0.3743326663970947,5.480065639019013
0,100,15,6,0,0.3743326663970947,5.480065639019013
0,100,4,10,0,0.3743326663970947,5.480065639019013
0,100,15,6,0,0.3743326663970947,5.480065639019013
0,100,7,6,0,0.3743326663970947,5.480065639019013
0,100,4,3,0,0.3743326663970947,5.480065639019013
0,100,4,10,0,0.3743326663970947,5.480065639019013
0,100,7,6,0,0.3743326663970947,5.480065639019013
0,100,15,13,0,0.3743326663970947,5.480065639019013
0,100,4,3,0,0.3743326663970947,5.480065639019013
0,100,11,5,0,0.3743326663970947,5.480065639019013
0,100,4,10,0,0.3743326663970947,5.480065639019013
0,100,7,7,0,0.3743326663970947,5.480065639019013
0,100,11,10,0,0.3743326663970947,5.480065639019013
0,100,4,6,0,0.3743326663970947,5.480065639019013
0,100,7,0,0,0.3743326663970947,5.480065639019013
0,100,7,5,0,0.3743326663970947,5.480065639019013
0,100,11,8,0,0.3743326663970947,5.480065639019013
0,100,7,4,0,0.3743326663970947,5.480065639019013
0,100,11,17,0,0.3743326663970947,5.480065639019013
0,100,4,8,0,0.3743326663970947,5.480065639019013
0,100,7,5,0,0.3743326663970947,5.480065639019013
0,100,4,3,0,0.3743326663970947,5.480065639019013
0,100,11,10,0,0.3743326663970947,5.480065639019013
0,100,11,5,0,0.3743326663970947,5.480065639019013
0,100,7,7,0,0.3743326663970947,5.480065639019013
0,100,15,12,0,0.3743326663970947,5.480065639019013
0,100,4,3,0,0.3743326663970947,5.480065639019013
0,100,7,8,0,0.3743326663970947,5.480065639019013
0,100,15,12,0,0.3743326663970947,5.480065639019013
0,100,4,10,0,0.3743326663970947,5.480065639019013
0,100,4,7,0,0.3743326663970947,5.480065639019013
0,100,15,11,0,0.3743326663970947,5.480065639019013
0,100,7,1,0,0.3743326663970947,5.480065639019013
0,100,4,4,0,0.3743326663970947,5.480065639019013
0,100,4,3,0,0.3743326663970947,5.480065639019013
0,100,15,6,0,0.3743326663970947,5.480065639019013
0,100,4,3,0,0.3743326663970947,5.480065639019013
0,100,7,1,0,0.3743326663970947,5.480065639019013
0,100,11,8,0,0.3743326663970947,5.480065639019013
0,100,11,10,0,0.3743326663970947,5.480065639019013
0,100,4,9,0,0.3743326663970947,5.480065639019013
0,100,4,10,0,0.3743326663970947,5.480065639019013
0,100,11,9,0,0.3743326663970947,5.480065639019013
0,100,7,6,0,0.3743326663970947,5.480065639019013
0,100,4,7,0,0.3743326663970947,5.480065639019013
0,100,4,3,0,0.3743326663970947,5.480065639019013
0,100,15,9,0,0.3743326663970947,5.480065639019013
0,100,7,2,0,0.3743326663970947,5.480065639019013
0,100,11,5,0,0.3743326663970947,5.480065639019013
0,100,15,6,0,0.3743326663970947,5.480065639019013
0,100,11,8,0,0.3743326663970947,5.480065639019013
0,100,4,5,0,0.3743326663970947,5.480065639019013
0,100,4,4,0,0.3743326663970947,5.480065639019013
0,100,7,2,0,0.3743326663970947,5.480065639019013
0,100,4,3,0,0.3743326663970947,5.480065639019013
0,100,15,6,0,0.3743326663970947,5.480065639019013
0,100,4,3,0,0.3743326663970947,5.480065639019013
0,100,7,7,0,0.3743326663970947,5.480065639019013
0,100,4,7,0,0.3743326663970947,5.480065639019013
0,100,7,1,0,0.3743326663970947,5.480065639019013
0,100,11,5,0,0.3743326663970947,5.480065639019013
0,100,4,8,0,0.3743326663970947,5.480065639019013
0,100,7,9,0,0.3743326663970947,5.480065639019013
0,100,4,4,0,0.3743326663970947,5.480065639019013
0,100,7,9,0,0.3743326663970947,5.480065639019013
0,100,4,9,0,0.3743326663970947,5.480065639019013
0,100,7,8,0,0.3743326663970947,5.480065639019013
0,100,15,11,0,0.3743326663970947,5.480065639019013
0,100,15,9,0,0.3743326663970947,5.480065639019013
0,100,11,6,0,0.3743326663970947,5.480065639019013
0,100,4,3,0,0.3743326663970947,5.480065639019013
0,100,7,4,0,0.3743326663970947,5.480065639019013
0,100,4,8,0,0.3743326663970947,5.480065639019013
0,100,4,3,0,0.3743326663970947,5.480065639019013
0,100,15,11,0,0.3743326663970947,5.480065639019013
0,100,7,7,0,0.3743326663970947,5.480065639019013
0,100,7,7,0,0.3743326663970947,5.480065639019013
0,100,4,9,0,0.3743326663970947,5.480065639019013
0,100,7,13,0,0.3743326663970947,5.480065639019013
0,100,7,6,0,0.3743326663970947,5.480065639019013
0,100,15,17,0,0.3743326663970947,5.480065639019013
0,100,11,8,0,0.3743326663970947,5.480065639019013
0,100,4,6,0,0.3743326663970947,5.480065639019013
0,100,7,7,0,0.3743326663970947,5.480065639019013
0,100,15,11,0,0.3743326663970947,5.480065639019013
0,100,7,1,0,0.3743326663970947,5.480065639019013
0,100,4,8,0,0.3743326663970947,5.480065639019013
0,100,7,6,0,0.3743326663970947,5.480065639019013
0,100,15,6,0,0.3743326663970947,5.480065639019013
0,100,11,6,0,0.3743326663970947,5.480065639019013
0,100,15,13,0,0.3743326663970947,5.480065639019013
0,100,4,14,0,0.3743326663970947,5.480065639019013
0,100,4,10,0,0.3743326663970947,5.480065639019013
0,100,11,9,0,0.3743326663970947,5.480065639019013
0,100,11,5,0,0.3743326663970947,5.480065639019013
0,100,15,12,0,0.3743326663970947,5.480065639019013
0,100,11,9,0,0.3743326663970947,5.480065639019013
Total DB Queries This Round: 21491
1,100,13,2,0,0.3738250732421875,5.634777290821075
1,100,12,2,0,0.3738250732421875,5.634777290821075
1,100,7,1,0,0.3738250732421875,5.634777290821075
1,100,13,3,0,0.3738250732421875,5.634777290821075
1,100,15,0,1,0.3738250732421875,5.634777290821075
1,100,8,0,1,0.3738250732421875,5.634777290821075
1,100,13,2,0,0.3738250732421875,5.634777290821075
1,100,15,0,1,0.3738250732421875,5.634777290821075
1,100,12,2,0,0.3738250732421875,5.634777290821075
1,100,17,0,3,0.3738250732421875,5.634777290821075
1,100,14,0,0,0.3738250732421875,5.634777290821075
1,100,7,0,0,0.3738250732421875,5.634777290821075
1,100,12,2,0,0.3738250732421875,5.634777290821075
1,100,13,4,0,0.3738250732421875,5.634777290821075
1,100,7,0,0,0.3738250732421875,5.634777290821075
1,100,7,1,0,0.3738250732421875,5.634777290821075
1,100,7,0,0,0.3738250732421875,5.634777290821075
1,100,18,0,4,0.3738250732421875,5.634777290821075
1,100,7,0,0,0.3738250732421875,5.634777290821075
1,100,12,4,0,0.3738250732421875,5.634777290821075
1,100,12,2,0,0.3738250732421875,5.634777290821075
1,100,19,0,5,0.3738250732421875,5.634777290821075
1,100,13,2,0,0.3738250732421875,5.634777290821075
1,100,12,2,0,0.3738250732421875,5.634777290821075
1,100,16,0,2,0.3738250732421875,5.634777290821075
1,100,7,0,0,0.3738250732421875,5.634777290821075
1,100,12,2,0,0.3738250732421875,5.634777290821075
1,100,7,7,0,0.3738250732421875,5.634777290821075
1,100,7,0,0,0.3738250732421875,5.634777290821075
1,100,12,3,0,0.3738250732421875,5.634777290821075
1,100,17,0,3,0.3738250732421875,5.634777290821075
1,100,7,0,0,0.3738250732421875,5.634777290821075
1,100,7,0,0,0.3738250732421875,5.634777290821075
1,100,13,1,0,0.3738250732421875,5.634777290821075
1,100,13,2,0,0.3738250732421875,5.634777290821075
1,100,13,4,0,0.3738250732421875,5.634777290821075
1,100,14,2,0,0.3738250732421875,5.634777290821075
1,100,7,1,0,0.3738250732421875,5.634777290821075
1,100,14,0,2,0.3738250732421875,5.634777290821075
1,100,15,0,2,0.3738250732421875,5.634777290821075
1,100,13,2,0,0.3738250732421875,5.634777290821075
1,100,7,0,0,0.3738250732421875,5.634777290821075
1,100,7,1,0,0.3738250732421875,5.634777290821075
1,100,13,1,0,0.3738250732421875,5.634777290821075
1,100,12,3,0,0.3738250732421875,5.634777290821075
1,100,15,0,1,0.3738250732421875,5.634777290821075
1,100,7,0,0,0.3738250732421875,5.634777290821075
1,100,8,0,1,0.3738250732421875,5.634777290821075
1,100,12,2,0,0.3738250732421875,5.634777290821075
1,100,12,1,0,0.3738250732421875,5.634777290821075
1,100,12,1,0,0.3738250732421875,5.634777290821075
1,100,7,0,0,0.3738250732421875,5.634777290821075
1,100,12,3,0,0.3738250732421875,5.634777290821075
1,100,13,0,0,0.3738250732421875,5.634777290821075
1,100,20,0,6,0.3738250732421875,5.634777290821075
1,100,7,1,0,0.3738250732421875,5.634777290821075
1,100,12,1,0,0.3738250732421875,5.634777290821075
1,100,7,0,0,0.3738250732421875,5.634777290821075
1,100,7,0,0,0.3738250732421875,5.634777290821075
1,100,7,4,0,0.3738250732421875,5.634777290821075
1,100,15,0,1,0.3738250732421875,5.634777290821075
1,100,13,3,0,0.3738250732421875,5.634777290821075
1,100,16,0,2,0.3738250732421875,5.634777290821075
1,100,13,3,0,0.3738250732421875,5.634777290821075
1,100,12,7,0,0.3738250732421875,5.634777290821075
1,100,14,1,0,0.3738250732421875,5.634777290821075
1,100,13,0,0,0.3738250732421875,5.634777290821075
1,100,14,0,1,0.3738250732421875,5.634777290821075
1,100,12,1,0,0.3738250732421875,5.634777290821075
1,100,14,0,0,0.3738250732421875,5.634777290821075
1,100,13,1,0,0.3738250732421875,5.634777290821075
1,100,18,0,4,0.3738250732421875,5.634777290821075
1,100,9,0,2,0.3738250732421875,5.634777290821075
1,100,15,0,1,0.3738250732421875,5.634777290821075
1,100,12,0,0,0.3738250732421875,5.634777290821075
1,100,12,0,0,0.3738250732421875,5.634777290821075
1,100,18,0,4,0.3738250732421875,5.634777290821075
1,100,16,0,2,0.3738250732421875,5.634777290821075
1,100,7,1,0,0.3738250732421875,5.634777290821075
1,100,14,3,0,0.3738250732421875,5.634777290821075
1,100,12,2,0,0.3738250732421875,5.634777290821075
1,100,7,0,0,0.3738250732421875,5.634777290821075
1,100,16,0,2,0.3738250732421875,5.634777290821075
1,100,17,0,3,0.3738250732421875,5.634777290821075
1,100,7,1,0,0.3738250732421875,5.634777290821075
1,100,19,0,5,0.3738250732421875,5.634777290821075
1,100,17,0,3,0.3738250732421875,5.634777290821075
1,100,13,0,1,0.3738250732421875,5.634777290821075
1,100,7,0,0,0.3738250732421875,5.634777290821075
1,100,12,0,0,0.3738250732421875,5.634777290821075
1,100,12,3,0,0.3738250732421875,5.634777290821075
1,100,13,2,0,0.3738250732421875,5.634777290821075
1,100,10,0,3,0.3738250732421875,5.634777290821075
1,100,9,0,2,0.3738250732421875,5.634777290821075
1,100,12,0,0,0.3738250732421875,5.634777290821075
1,100,15,0,2,0.3738250732421875,5.634777290821075
1,100,12,3,0,0.3738250732421875,5.634777290821075
1,100,18,0,4,0.3738250732421875,5.634777290821075
1,100,8,0,1,0.3738250732421875,5.634777290821075
1,100,16,0,3,0.3738250732421875,5.634777290821075
0,100,12,15,0,0.3738250732421875,5.634777290821075
0,100,7,8,0,0.3738250732421875,5.634777290821075
0,100,13,13,0,0.3738250732421875,5.634777290821075
0,100,12,13,0,0.3738250732421875,5.634777290821075
0,100,13,13,0,0.3738250732421875,5.634777290821075
0,100,7,1,0,0.3738250732421875,5.634777290821075
0,100,12,13,0,0.3738250732421875,5.634777290821075
0,100,12,13,0,0.3738250732421875,5.634777290821075
0,100,7,9,0,0.3738250732421875,5.634777290821075
0,100,13,11,0,0.3738250732421875,5.634777290821075
0,100,12,10,0,0.3738250732421875,5.634777290821075
0,100,14,5,0,0.3738250732421875,5.634777290821075
0,100,12,11,0,0.3738250732421875,5.634777290821075
0,100,7,9,0,0.3738250732421875,5.634777290821075
0,100,14,4,0,0.3738250732421875,5.634777290821075
0,100,12,4,0,0.3738250732421875,5.634777290821075
0,100,7,9,0,0.3738250732421875,5.634777290821075
0,100,7,3,0,0.3738250732421875,5.634777290821075
0,100,14,8,0,0.3738250732421875,5.634777290821075
0,100,7,6,0,0.3738250732421875,5.634777290821075
0,100,14,10,0,0.3738250732421875,5.634777290821075
0,100,12,9,0,0.3738250732421875,5.634777290821075
0,100,7,6,0,0.3738250732421875,5.634777290821075
0,100,12,10,0,0.3738250732421875,5.634777290821075
0,100,14,11,0,0.3738250732421875,5.634777290821075
0,100,14,8,0,0.3738250732421875,5.634777290821075
0,100,7,7,0,0.3738250732421875,5.634777290821075
0,100,13,14,0,0.3738250732421875,5.634777290821075
0,100,12,7,0,0.3738250732421875,5.634777290821075
0,100,7,12,0,0.3738250732421875,5.634777290821075
0,100,13,6,0,0.3738250732421875,5.634777290821075
0,100,12,7,0,0.3738250732421875,5.634777290821075
0,100,12,10,0,0.3738250732421875,5.634777290821075
0,100,13,12,0,0.3738250732421875,5.634777290821075
0,100,7,5,0,0.3738250732421875,5.634777290821075
0,100,12,13,0,0.3738250732421875,5.634777290821075
0,100,12,4,0,0.3738250732421875,5.634777290821075
0,100,13,11,0,0.3738250732421875,5.634777290821075
0,100,12,4,0,0.3738250732421875,5.634777290821075
0,100,7,7,0,0.3738250732421875,5.634777290821075
0,100,14,9,0,0.3738250732421875,5.634777290821075
0,100,14,11,0,0.3738250732421875,5.634777290821075
0,100,12,9,0,0.3738250732421875,5.634777290821075
0,100,12,5,0,0.3738250732421875,5.634777290821075
0,100,14,10,0,0.3738250732421875,5.634777290821075
0,100,7,6,0,0.3738250732421875,5.634777290821075
0,100,12,12,0,0.3738250732421875,5.634777290821075
0,100,12,4,0,0.3738250732421875,5.634777290821075
0,100,13,9,0,0.3738250732421875,5.634777290821075
0,100,7,0,0,0.3738250732421875,5.634777290821075
0,100,14,4,0,0.3738250732421875,5.634777290821075
0,100,13,14,0,0.3738250732421875,5.634777290821075
0,100,14,10,0,0.3738250732421875,5.634777290821075
0,100,12,10,0,0.3738250732421875,5.634777290821075
0,100,12,12,0,0.3738250732421875,5.634777290821075
0,100,7,9,0,0.3738250732421875,5.634777290821075
0,100,12,10,0,0.3738250732421875,5.634777290821075
0,100,13,12,0,0.3738250732421875,5.634777290821075
0,100,12,5,0,0.3738250732421875,5.634777290821075
0,100,7,1,0,0.3738250732421875,5.634777290821075
0,100,12,5,0,0.3738250732421875,5.634777290821075
0,100,7,7,0,0.3738250732421875,5.634777290821075
0,100,14,10,0,0.3738250732421875,5.634777290821075
0,100,12,15,0,0.3738250732421875,5.634777290821075
0,100,7,1,0,0.3738250732421875,5.634777290821075
0,100,12,4,0,0.3738250732421875,5.634777290821075
0,100,7,1,0,0.3738250732421875,5.634777290821075
0,100,12,9,0,0.3738250732421875,5.634777290821075
0,100,7,9,0,0.3738250732421875,5.634777290821075
0,100,13,10,0,0.3738250732421875,5.634777290821075
0,100,13,7,0,0.3738250732421875,5.634777290821075
0,100,14,8,0,0.3738250732421875,5.634777290821075
0,100,12,8,0,0.3738250732421875,5.634777290821075
0,100,7,8,0,0.3738250732421875,5.634777290821075
0,100,12,13,0,0.3738250732421875,5.634777290821075
0,100,12,10,0,0.3738250732421875,5.634777290821075
0,100,13,11,0,0.3738250732421875,5.634777290821075
0,100,7,10,0,0.3738250732421875,5.634777290821075
0,100,7,8,0,0.3738250732421875,5.634777290821075
0,100,12,10,0,0.3738250732421875,5.634777290821075
0,100,7,0,0,0.3738250732421875,5.634777290821075
0,100,7,5,0,0.3738250732421875,5.634777290821075
0,100,13,6,0,0.3738250732421875,5.634777290821075
0,100,14,4,0,0.3738250732421875,5.634777290821075
0,100,12,13,0,0.3738250732421875,5.634777290821075
0,100,7,4,0,0.3738250732421875,5.634777290821075
0,100,13,12,0,0.3738250732421875,5.634777290821075
0,100,7,0,0,0.3738250732421875,5.634777290821075
0,100,12,11,0,0.3738250732421875,5.634777290821075
0,100,7,7,0,0.3738250732421875,5.634777290821075
0,100,13,7,0,0.3738250732421875,5.634777290821075
0,100,14,9,0,0.3738250732421875,5.634777290821075
0,100,13,13,0,0.3738250732421875,5.634777290821075
0,100,12,11,0,0.3738250732421875,5.634777290821075
0,100,12,12,0,0.3738250732421875,5.634777290821075
0,100,14,10,0,0.3738250732421875,5.634777290821075
0,100,14,12,0,0.3738250732421875,5.634777290821075
0,100,13,17,0,0.3738250732421875,5.634777290821075
0,100,14,9,0,0.3738250732421875,5.634777290821075
0,100,7,11,0,0.3738250732421875,5.634777290821075
Total DB Queries This Round: 21792
1,100,8,5,0,0.374922513961792,4.965468723773956
1,100,10,4,0,0.374922513961792,4.965468723773956
1,100,10,0,2,0.374922513961792,4.965468723773956
1,100,9,1,0,0.374922513961792,4.965468723773956
1,100,10,5,0,0.374922513961792,4.965468723773956
1,100,8,2,0,0.374922513961792,4.965468723773956
1,100,9,2,0,0.374922513961792,4.965468723773956
1,100,8,0,0,0.374922513961792,4.965468723773956
1,100,9,1,0,0.374922513961792,4.965468723773956
1,100,9,3,0,0.374922513961792,4.965468723773956
1,100,10,4,0,0.374922513961792,4.965468723773956
1,100,6,4,0,0.374922513961792,4.965468723773956
1,100,8,1,0,0.374922513961792,4.965468723773956
1,100,10,6,0,0.374922513961792,4.965468723773956
1,100,10,5,0,0.374922513961792,4.965468723773956
1,100,10,6,0,0.374922513961792,4.965468723773956
1,100,9,2,0,0.374922513961792,4.965468723773956
1,100,10,2,0,0.374922513961792,4.965468723773956
1,100,6,2,0,0.374922513961792,4.965468723773956
1,100,6,0,0,0.374922513961792,4.965468723773956
1,100,9,0,0,0.374922513961792,4.965468723773956
1,100,9,3,0,0.374922513961792,4.965468723773956
1,100,6,1,0,0.374922513961792,4.965468723773956
1,100,9,1,0,0.374922513961792,4.965468723773956
1,100,10,6,0,0.374922513961792,4.965468723773956
1,100,6,1,0,0.374922513961792,4.965468723773956
1,100,10,4,0,0.374922513961792,4.965468723773956
1,100,10,4,0,0.374922513961792,4.965468723773956
1,100,6,1,0,0.374922513961792,4.965468723773956
1,100,9,1,0,0.374922513961792,4.965468723773956
1,100,10,3,0,0.374922513961792,4.965468723773956
1,100,10,4,0,0.374922513961792,4.965468723773956
1,100,8,4,0,0.374922513961792,4.965468723773956
1,100,9,2,0,0.374922513961792,4.965468723773956
1,100,9,4,0,0.374922513961792,4.965468723773956
1,100,9,1,0,0.374922513961792,4.965468723773956
1,100,10,4,0,0.374922513961792,4.965468723773956
1,100,8,0,0,0.374922513961792,4.965468723773956
1,100,9,4,0,0.374922513961792,4.965468723773956
1,100,8,3,0,0.374922513961792,4.965468723773956
1,100,10,4,0,0.374922513961792,4.965468723773956
1,100,10,6,0,0.374922513961792,4.965468723773956
1,100,9,2,0,0.374922513961792,4.965468723773956
1,100,9,0,3,0.374922513961792,4.965468723773956
1,100,9,2,0,0.374922513961792,4.965468723773956
1,100,10,2,0,0.374922513961792,4.965468723773956
1,100,10,7,0,0.374922513961792,4.965468723773956
1,100,6,0,0,0.374922513961792,4.965468723773956
1,100,8,0,2,0.374922513961792,4.965468723773956
1,100,8,1,0,0.374922513961792,4.965468723773956
1,100,10,1,0,0.374922513961792,4.965468723773956
1,100,6,3,0,0.374922513961792,4.965468723773956
1,100,11,0,3,0.374922513961792,4.965468723773956
1,100,11,0,2,0.374922513961792,4.965468723773956
1,100,10,2,0,0.374922513961792,4.965468723773956
1,100,8,0,0,0.374922513961792,4.965468723773956
1,100,10,0,0,0.374922513961792,4.965468723773956
1,100,10,2,0,0.374922513961792,4.965468723773956
1,100,10,2,0,0.374922513961792,4.965468723773956
1,100,10,0,1,0.374922513961792,4.965468723773956
1,100,9,0,1,0.374922513961792,4.965468723773956
1,100,9,1,0,0.374922513961792,4.965468723773956
1,100,10,0,1,0.374922513961792,4.965468723773956
1,100,6,0,0,0.374922513961792,4.965468723773956
1,100,11,0,2,0.374922513961792,4.965468723773956
1,100,8,1,0,0.374922513961792,4.965468723773956
1,100,12,0,4,0.374922513961792,4.965468723773956
1,100,6,2,0,0.374922513961792,4.965468723773956
1,100,9,2,0,0.374922513961792,4.965468723773956
1,100,9,4,0,0.374922513961792,4.965468723773956
1,100,9,3,0,0.374922513961792,4.965468723773956
1,100,10,4,0,0.374922513961792,4.965468723773956
1,100,9,3,0,0.374922513961792,4.965468723773956
1,100,10,0,2,0.374922513961792,4.965468723773956
1,100,6,2,0,0.374922513961792,4.965468723773956
1,100,9,2,0,0.374922513961792,4.965468723773956
1,100,10,0,1,0.374922513961792,4.965468723773956
1,100,10,3,0,0.374922513961792,4.965468723773956
1,100,9,1,0,0.374922513961792,4.965468723773956
1,100,6,4,0,0.374922513961792,4.965468723773956
1,100,10,3,0,0.374922513961792,4.965468723773956
1,100,9,2,0,0.374922513961792,4.965468723773956
1,100,9,0,0,0.374922513961792,4.965468723773956
1,100,10,5,0,0.374922513961792,4.965468723773956
1,100,9,2,0,0.374922513961792,4.965468723773956
1,100,9,0,0,0.374922513961792,4.965468723773956
1,100,8,2,0,0.374922513961792,4.965468723773956
1,100,10,0,0,0.374922513961792,4.965468723773956
1,100,8,3,0,0.374922513961792,4.965468723773956
1,100,10,0,4,0.374922513961792,4.965468723773956
1,100,8,3,0,0.374922513961792,4.965468723773956
1,100,10,3,0,0.374922513961792,4.965468723773956
1,100,10,1,0,0.374922513961792,4.965468723773956
1,100,8,0,2,0.374922513961792,4.965468723773956
1,100,11,0,2,0.374922513961792,4.965468723773956
1,100,8,0,2,0.374922513961792,4.965468723773956
1,100,12,0,3,0.374922513961792,4.965468723773956
1,100,10,2,0,0.374922513961792,4.965468723773956
1,100,8,1,0,0.374922513961792,4.965468723773956
1,100,8,0,2,0.374922513961792,4.965468723773956
0,100,10,7,0,0.374922513961792,4.965468723773956
0,100,9,11,0,0.374922513961792,4.965468723773956
0,100,6,9,0,0.374922513961792,4.965468723773956
0,100,8,7,0,0.374922513961792,4.965468723773956
0,100,10,7,0,0.374922513961792,4.965468723773956
0,100,6,6,0,0.374922513961792,4.965468723773956
0,100,8,9,0,0.374922513961792,4.965468723773956
0,100,10,4,0,0.374922513961792,4.965468723773956
0,100,9,11,0,0.374922513961792,4.965468723773956
0,100,8,7,0,0.374922513961792,4.965468723773956
0,100,9,12,0,0.374922513961792,4.965468723773956
0,100,6,10,0,0.374922513961792,4.965468723773956
0,100,10,10,0,0.374922513961792,4.965468723773956
0,100,9,10,0,0.374922513961792,4.965468723773956
0,100,6,4,0,0.374922513961792,4.965468723773956
0,100,10,8,0,0.374922513961792,4.965468723773956
0,100,10,12,0,0.374922513961792,4.965468723773956
0,100,9,10,0,0.374922513961792,4.965468723773956
0,100,10,9,0,0.374922513961792,4.965468723773956
0,100,9,15,0,0.374922513961792,4.965468723773956
0,100,6,7,0,0.374922513961792,4.965468723773956
0,100,10,7,0,0.374922513961792,4.965468723773956
0,100,8,7,0,0.374922513961792,4.965468723773956
0,100,9,11,0,0.374922513961792,4.965468723773956
0,100,9,12,0,0.374922513961792,4.965468723773956
0,100,10,6,0,0.374922513961792,4.965468723773956
0,100,8,13,0,0.374922513961792,4.965468723773956
0,100,6,9,0,0.374922513961792,4.965468723773956
0,100,10,12,0,0.374922513961792,4.965468723773956
0,100,9,8,0,0.374922513961792,4.965468723773956
0,100,6,3,0,0.374922513961792,4.965468723773956
0,100,8,9,0,0.374922513961792,4.965468723773956
0,100,9,12,0,0.374922513961792,4.965468723773956
0,100,10,10,0,0.374922513961792,4.965468723773956
0,100,6,6,0,0.374922513961792,4.965468723773956
0,100,6,4,0,0.374922513961792,4.965468723773956
0,100,9,13,0,0.374922513961792,4.965468723773956
0,100,8,8,0,0.374922513961792,4.965468723773956
0,100,10,8,0,0.374922513961792,4.965468723773956
0,100,9,13,0,0.374922513961792,4.965468723773956
0,100,9,7,0,0.374922513961792,4.965468723773956
0,100,6,4,0,0.374922513961792,4.965468723773956
0,100,6,6,0,0.374922513961792,4.965468723773956
0,100,9,12,0,0.374922513961792,4.965468723773956
0,100,10,11,0,0.374922513961792,4.965468723773956
0,100,6,6,0,0.374922513961792,4.965468723773956
0,100,6,6,0,0.374922513961792,4.965468723773956
0,100,8,11,0,0.374922513961792,4.965468723773956
0,100,10,10,0,0.374922513961792,4.965468723773956
0,100,9,12,0,0.374922513961792,4.965468723773956
0,100,9,9,0,0.374922513961792,4.965468723773956
0,100,9,12,0,0.374922513961792,4.965468723773956
0,100,6,9,0,0.374922513961792,4.965468723773956
0,100,6,6,0,0.374922513961792,4.965468723773956
0,100,10,6,0,0.374922513961792,4.965468723773956
0,100,6,5,0,0.374922513961792,4.965468723773956
0,100,9,13,0,0.374922513961792,4.965468723773956
0,100,6,6,0,0.374922513961792,4.965468723773956
0,100,10,9,0,0.374922513961792,4.965468723773956
0,100,8,10,0,0.374922513961792,4.965468723773956
0,100,10,11,0,0.374922513961792,4.965468723773956
0,100,9,10,0,0.374922513961792,4.965468723773956
0,100,6,8,0,0.374922513961792,4.965468723773956
0,100,10,10,0,0.374922513961792,4.965468723773956
0,100,6,5,0,0.374922513961792,4.965468723773956
0,100,10,11,0,0.374922513961792,4.965468723773956
0,100,6,7,0,0.374922513961792,4.965468723773956
0,100,10,5,0,0.374922513961792,4.965468723773956
0,100,9,14,0,0.374922513961792,4.965468723773956
0,100,8,9,0,0.374922513961792,4.965468723773956
0,100,9,11,0,0.374922513961792,4.965468723773956
0,100,8,12,0,0.374922513961792,4.965468723773956
0,100,10,9,0,0.374922513961792,4.965468723773956
0,100,6,5,0,0.374922513961792,4.965468723773956
0,100,6,3,0,0.374922513961792,4.965468723773956
0,100,9,13,0,0.374922513961792,4.965468723773956
0,100,10,10,0,0.374922513961792,4.965468723773956
0,100,10,10,0,0.374922513961792,4.965468723773956
0,100,6,3,0,0.374922513961792,4.965468723773956
0,100,10,4,0,0.374922513961792,4.965468723773956
0,100,10,9,0,0.374922513961792,4.965468723773956
0,100,9,15,0,0.374922513961792,4.965468723773956
0,100,9,13,0,0.374922513961792,4.965468723773956
0,100,6,3,0,0.374922513961792,4.965468723773956
0,100,10,9,0,0.374922513961792,4.965468723773956
0,100,9,9,0,0.374922513961792,4.965468723773956
0,100,10,10,0,0.374922513961792,4.965468723773956
0,100,6,5,0,0.374922513961792,4.965468723773956
0,100,10,9,0,0.374922513961792,4.965468723773956
0,100,9,14,0,0.374922513961792,4.965468723773956
0,100,9,14,0,0.374922513961792,4.965468723773956
0,100,8,13,0,0.374922513961792,4.965468723773956
0,100,8,16,0,0.374922513961792,4.965468723773956
0,100,8,10,0,0.374922513961792,4.965468723773956
0,100,9,10,0,0.374922513961792,4.965468723773956
0,100,9,12,0,0.374922513961792,4.965468723773956
0,100,8,12,0,0.374922513961792,4.965468723773956
0,100,9,15,0,0.374922513961792,4.965468723773956
0,100,10,7,0,0.374922513961792,4.965468723773956
0,100,8,10,0,0.374922513961792,4.965468723773956
Total DB Queries This Round: 19559
1,100,10,2,0,0.3480987548828125,5.0185233807563785
1,100,13,2,0,0.3480987548828125,5.0185233807563785
1,100,11,0,3,0.3480987548828125,5.0185233807563785
1,100,10,5,0,0.3480987548828125,5.0185233807563785
1,100,13,3,0,0.3480987548828125,5.0185233807563785
1,100,13,0,5,0.3480987548828125,5.0185233807563785
1,100,9,0,0,0.3480987548828125,5.0185233807563785
1,100,14,0,6,0.3480987548828125,5.0185233807563785
1,100,12,0,4,0.3480987548828125,5.0185233807563785
1,100,10,3,0,0.3480987548828125,5.0185233807563785
1,100,9,4,0,0.3480987548828125,5.0185233807563785
1,100,13,3,0,0.3480987548828125,5.0185233807563785
1,100,10,0,0,0.3480987548828125,5.0185233807563785
1,100,10,1,0,0.3480987548828125,5.0185233807563785
1,100,10,3,0,0.3480987548828125,5.0185233807563785
1,100,11,0,3,0.3480987548828125,5.0185233807563785
1,100,10,1,0,0.3480987548828125,5.0185233807563785
1,100,9,2,0,0.3480987548828125,5.0185233807563785
1,100,9,3,0,0.3480987548828125,5.0185233807563785
1,100,12,0,4,0.3480987548828125,5.0185233807563785
1,100,13,1,0,0.3480987548828125,5.0185233807563785
1,100,9,3,0,0.3480987548828125,5.0185233807563785
1,100,9,0,1,0.3480987548828125,5.0185233807563785
1,100,10,2,0,0.3480987548828125,5.0185233807563785
1,100,9,7,0,0.3480987548828125,5.0185233807563785
1,100,10,4,0,0.3480987548828125,5.0185233807563785
1,100,10,4,0,0.3480987548828125,5.0185233807563785
1,100,9,7,0,0.3480987548828125,5.0185233807563785
1,100,11,0,3,0.3480987548828125,5.0185233807563785
1,100,10,6,0,0.3480987548828125,5.0185233807563785
1,100,10,8,0,0.3480987548828125,5.0185233807563785
1,100,13,7,0,0.3480987548828125,5.0185233807563785
1,100,13,4,0,0.3480987548828125,5.0185233807563785
1,100,13,5,0,0.3480987548828125,5.0185233807563785
1,100,11,0,3,0.3480987548828125,5.0185233807563785
1,100,10,3,0,0.3480987548828125,5.0185233807563785
1,100,9,1,0,0.3480987548828125,5.0185233807563785
1,100,13,0,0,0.3480987548828125,5.0185233807563785
1,100,13,0,0,0.3480987548828125,5.0185233807563785
1,100,10,2,0,0.3480987548828125,5.0185233807563785
1,100,10,2,0,0.3480987548828125,5.0185233807563785
1,100,13,1,0,0.3480987548828125,5.0185233807563785
1,100,9,2,0,0.3480987548828125,5.0185233807563785
1,100,14,0,6,0.3480987548828125,5.0185233807563785
1,100,10,1,0,0.3480987548828125,5.0185233807563785
1,100,10,5,0,0.3480987548828125,5.0185233807563785
1,100,9,4,0,0.3480987548828125,5.0185233807563785
1,100,9,3,0,0.3480987548828125,5.0185233807563785
1,100,9,0,0,0.3480987548828125,5.0185233807563785
1,100,10,1,0,0.3480987548828125,5.0185233807563785
1,100,9,5,0,0.3480987548828125,5.0185233807563785
1,100,13,5,0,0.3480987548828125,5.0185233807563785
1,100,9,0,1,0.3480987548828125,5.0185233807563785
1,100,10,4,0,0.3480987548828125,5.0185233807563785
1,100,9,3,0,0.3480987548828125,5.0185233807563785
1,100,10,2,0,0.3480987548828125,5.0185233807563785
1,100,10,7,0,0.3480987548828125,5.0185233807563785
1,100,10,10,0,0.3480987548828125,5.0185233807563785
1,100,12,0,4,0.3480987548828125,5.0185233807563785
1,100,13,4,0,0.3480987548828125,5.0185233807563785
1,100,10,0,2,0.3480987548828125,5.0185233807563785
1,100,13,5,0,0.3480987548828125,5.0185233807563785
1,100,9,6,0,0.3480987548828125,5.0185233807563785
1,100,13,0,5,0.3480987548828125,5.0185233807563785
1,100,13,4,0,0.3480987548828125,5.0185233807563785
1,100,13,2,0,0.3480987548828125,5.0185233807563785
1,100,10,0,1,0.3480987548828125,5.0185233807563785
1,100,12,0,4,0.3480987548828125,5.0185233807563785
1,100,15,0,2,0.3480987548828125,5.0185233807563785
1,100,11,0,3,0.3480987548828125,5.0185233807563785
1,100,10,4,0,0.3480987548828125,5.0185233807563785
1,100,10,0,2,0.3480987548828125,5.0185233807563785
1,100,10,0,1,0.3480987548828125,5.0185233807563785
1,100,9,8,0,0.3480987548828125,5.0185233807563785
1,100,8,0,0,0.3480987548828125,5.0185233807563785
1,100,8,0,0,0.3480987548828125,5.0185233807563785
1,100,10,4,0,0.3480987548828125,5.0185233807563785
1,100,9,0,1,0.3480987548828125,5.0185233807563785
1,100,9,3,0,0.3480987548828125,5.0185233807563785
1,100,10,2,0,0.3480987548828125,5.0185233807563785
1,100,10,0,2,0.3480987548828125,5.0185233807563785
1,100,11,0,3,0.3480987548828125,5.0185233807563785
1,100,10,9,0,0.3480987548828125,5.0185233807563785
1,100,12,0,4,0.3480987548828125,5.0185233807563785
1,100,12,0,4,0.3480987548828125,5.0185233807563785
1,100,9,5,0,0.3480987548828125,5.0185233807563785
1,100,10,2,0,0.3480987548828125,5.0185233807563785
1,100,9,4,0,0.3480987548828125,5.0185233807563785
1,100,9,0,0,0.3480987548828125,5.0185233807563785
1,100,13,3,0,0.3480987548828125,5.0185233807563785
1,100,10,0,0,0.3480987548828125,5.0185233807563785
1,100,11,0,1,0.3480987548828125,5.0185233807563785
1,100,9,0,0,0.3480987548828125,5.0185233807563785
1,100,13,2,0,0.3480987548828125,5.0185233807563785
1,100,10,0,1,0.3480987548828125,5.0185233807563785
1,100,11,0,3,0.3480987548828125,5.0185233807563785
1,100,11,0,1,0.3480987548828125,5.0185233807563785
1,100,13,1,0,0.3480987548828125,5.0185233807563785
1,100,9,0,0,0.3480987548828125,5.0185233807563785
1,100,11,0,1,0.3480987548828125,5.0185233807563785
0,100,13,12,0,0.3480987548828125,5.0185233807563785
0,100,9,12,0,0.3480987548828125,5.0185233807563785
0,100,13,14,0,0.3480987548828125,5.0185233807563785
0,100,10,9,0,0.3480987548828125,5.0185233807563785
0,100,9,13,0,0.3480987548828125,5.0185233807563785
0,100,9,11,0,0.3480987548828125,5.0185233807563785
0,100,10,7,0,0.3480987548828125,5.0185233807563785
0,100,13,14,0,0.3480987548828125,5.0185233807563785
0,100,9,7,0,0.3480987548828125,5.0185233807563785
0,100,8,12,0,0.3480987548828125,5.0185233807563785
0,100,9,10,0,0.3480987548828125,5.0185233807563785
0,100,10,10,0,0.3480987548828125,5.0185233807563785
0,100,8,15,0,0.3480987548828125,5.0185233807563785
0,100,9,12,0,0.3480987548828125,5.0185233807563785
0,100,10,13,0,0.3480987548828125,5.0185233807563785
0,100,10,12,0,0.3480987548828125,5.0185233807563785
0,100,8,12,0,0.3480987548828125,5.0185233807563785
0,100,10,11,0,0.3480987548828125,5.0185233807563785
0,100,8,11,0,0.3480987548828125,5.0185233807563785
0,100,9,11,0,0.3480987548828125,5.0185233807563785
0,100,10,10,0,0.3480987548828125,5.0185233807563785
0,100,9,12,0,0.3480987548828125,5.0185233807563785
0,100,8,9,0,0.3480987548828125,5.0185233807563785
0,100,8,11,0,0.3480987548828125,5.0185233807563785
0,100,10,10,0,0.3480987548828125,5.0185233807563785
0,100,13,8,0,0.3480987548828125,5.0185233807563785
0,100,9,8,0,0.3480987548828125,5.0185233807563785
0,100,10,12,0,0.3480987548828125,5.0185233807563785
0,100,13,13,0,0.3480987548828125,5.0185233807563785
0,100,9,12,0,0.3480987548828125,5.0185233807563785
0,100,9,9,0,0.3480987548828125,5.0185233807563785
0,100,13,14,0,0.3480987548828125,5.0185233807563785
0,100,10,9,0,0.3480987548828125,5.0185233807563785
0,100,9,11,0,0.3480987548828125,5.0185233807563785
0,100,9,14,0,0.3480987548828125,5.0185233807563785
0,100,13,14,0,0.3480987548828125,5.0185233807563785
0,100,9,12,0,0.3480987548828125,5.0185233807563785
0,100,10,13,0,0.3480987548828125,5.0185233807563785
0,100,8,8,0,0.3480987548828125,5.0185233807563785
0,100,8,11,0,0.3480987548828125,5.0185233807563785
0,100,9,12,0,0.3480987548828125,5.0185233807563785
0,100,9,12,0,0.3480987548828125,5.0185233807563785
0,100,8,10,0,0.3480987548828125,5.0185233807563785
0,100,10,8,0,0.3480987548828125,5.0185233807563785
0,100,9,14,0,0.3480987548828125,5.0185233807563785
0,100,9,14,0,0.3480987548828125,5.0185233807563785
0,100,13,13,0,0.3480987548828125,5.0185233807563785
0,100,10,9,0,0.3480987548828125,5.0185233807563785
0,100,8,12,0,0.3480987548828125,5.0185233807563785
0,100,13,13,0,0.3480987548828125,5.0185233807563785
0,100,8,10,0,0.3480987548828125,5.0185233807563785
0,100,9,11,0,0.3480987548828125,5.0185233807563785
0,100,9,11,0,0.3480987548828125,5.0185233807563785
0,100,10,8,0,0.3480987548828125,5.0185233807563785
0,100,9,7,0,0.3480987548828125,5.0185233807563785
0,100,13,13,0,0.3480987548828125,5.0185233807563785
0,100,9,11,0,0.3480987548828125,5.0185233807563785
0,100,10,6,0,0.3480987548828125,5.0185233807563785
0,100,9,11,0,0.3480987548828125,5.0185233807563785
0,100,10,7,0,0.3480987548828125,5.0185233807563785
0,100,8,11,0,0.3480987548828125,5.0185233807563785
0,100,9,11,0,0.3480987548828125,5.0185233807563785
0,100,10,7,0,0.3480987548828125,5.0185233807563785
0,100,9,9,0,0.3480987548828125,5.0185233807563785
0,100,10,10,0,0.3480987548828125,5.0185233807563785
0,100,9,12,0,0.3480987548828125,5.0185233807563785
0,100,10,9,0,0.3480987548828125,5.0185233807563785
0,100,13,13,0,0.3480987548828125,5.0185233807563785
0,100,13,13,0,0.3480987548828125,5.0185233807563785
0,100,8,10,0,0.3480987548828125,5.0185233807563785
0,100,9,12,0,0.3480987548828125,5.0185233807563785
0,100,10,11,0,0.3480987548828125,5.0185233807563785
0,100,9,10,0,0.3480987548828125,5.0185233807563785
0,100,9,8,0,0.3480987548828125,5.0185233807563785
0,100,13,12,0,0.3480987548828125,5.0185233807563785
0,100,10,9,0,0.3480987548828125,5.0185233807563785
0,100,10,8,0,0.3480987548828125,5.0185233807563785
0,100,9,14,0,0.3480987548828125,5.0185233807563785
0,100,10,12,0,0.3480987548828125,5.0185233807563785
0,100,10,8,0,0.3480987548828125,5.0185233807563785
0,100,13,13,0,0.3480987548828125,5.0185233807563785
0,100,8,11,0,0.3480987548828125,5.0185233807563785
0,100,9,11,0,0.3480987548828125,5.0185233807563785
0,100,10,7,0,0.3480987548828125,5.0185233807563785
0,100,13,16,0,0.3480987548828125,5.0185233807563785
0,100,10,9,0,0.3480987548828125,5.0185233807563785
0,100,9,12,0,0.3480987548828125,5.0185233807563785
0,100,10,10,0,0.3480987548828125,5.0185233807563785
0,100,13,13,0,0.3480987548828125,5.0185233807563785
0,100,8,9,0,0.3480987548828125,5.0185233807563785
0,100,13,11,0,0.3480987548828125,5.0185233807563785
0,100,9,13,0,0.3480987548828125,5.0185233807563785
0,100,9,8,0,0.3480987548828125,5.0185233807563785
0,100,8,10,0,0.3480987548828125,5.0185233807563785
0,100,8,11,0,0.3480987548828125,5.0185233807563785
0,100,13,13,0,0.3480987548828125,5.0185233807563785
0,100,8,6,0,0.3480987548828125,5.0185233807563785
0,100,10,8,0,0.3480987548828125,5.0185233807563785
0,100,13,15,0,0.3480987548828125,5.0185233807563785
0,100,9,9,0,0.3480987548828125,5.0185233807563785
Total DB Queries This Round: 19373
1,100,6,0,0,0.41315460205078125,5.614123699665069
1,100,15,5,0,0.41315460205078125,5.614123699665069
1,100,0,4,0,0.41315460205078125,5.614123699665069
1,100,6,0,0,0.41315460205078125,5.614123699665069
1,100,15,5,0,0.41315460205078125,5.614123699665069
1,100,11,4,0,0.41315460205078125,5.614123699665069
1,100,15,5,0,0.41315460205078125,5.614123699665069
1,100,15,5,0,0.41315460205078125,5.614123699665069
1,100,0,0,0,0.41315460205078125,5.614123699665069
1,100,11,4,0,0.41315460205078125,5.614123699665069
1,100,6,1,0,0.41315460205078125,5.614123699665069
1,100,0,3,0,0.41315460205078125,5.614123699665069
1,100,10,0,0,0.41315460205078125,5.614123699665069
1,100,0,0,0,0.41315460205078125,5.614123699665069
1,100,15,4,0,0.41315460205078125,5.614123699665069
1,100,10,0,0,0.41315460205078125,5.614123699665069
1,100,10,0,0,0.41315460205078125,5.614123699665069
1,100,11,5,0,0.41315460205078125,5.614123699665069
1,100,15,3,0,0.41315460205078125,5.614123699665069
1,100,6,1,0,0.41315460205078125,5.614123699665069
1,100,11,3,0,0.41315460205078125,5.614123699665069
1,100,15,1,0,0.41315460205078125,5.614123699665069
1,100,0,0,0,0.41315460205078125,5.614123699665069
1,100,11,5,0,0.41315460205078125,5.614123699665069
1,100,0,0,0,0.41315460205078125,5.614123699665069
1,100,0,1,0,0.41315460205078125,5.614123699665069
1,100,10,0,0,0.41315460205078125,5.614123699665069
1,100,15,1,0,0.41315460205078125,5.614123699665069
1,100,0,0,0,0.41315460205078125,5.614123699665069
1,100,0,1,0,0.41315460205078125,5.614123699665069
1,100,9,0,3,0.41315460205078125,5.614123699665069
1,100,8,0,2,0.41315460205078125,5.614123699665069
1,100,10,0,4,0.41315460205078125,5.614123699665069
1,100,15,3,0,0.41315460205078125,5.614123699665069
1,100,10,0,0,0.41315460205078125,5.614123699665069
1,100,11,5,0,0.41315460205078125,5.614123699665069
1,100,6,0,0,0.41315460205078125,5.614123699665069
1,100,9,0,3,0.41315460205078125,5.614123699665069
1,100,0,4,0,0.41315460205078125,5.614123699665069
1,100,0,0,0,0.41315460205078125,5.614123699665069
1,100,8,0,2,0.41315460205078125,5.614123699665069
1,100,11,0,1,0.41315460205078125,5.614123699665069
1,100,16,0,1,0.41315460205078125,5.614123699665069
1,100,0,1,0,0.41315460205078125,5.614123699665069
1,100,0,0,0,0.41315460205078125,5.614123699665069
1,100,14,0,4,0.41315460205078125,5.614123699665069
1,100,10,0,0,0.41315460205078125,5.614123699665069
1,100,11,3,0,0.41315460205078125,5.614123699665069
1,100,0,1,0,0.41315460205078125,5.614123699665069
1,100,11,0,1,0.41315460205078125,5.614123699665069
1,100,8,0,2,0.41315460205078125,5.614123699665069
1,100,16,0,1,0.41315460205078125,5.614123699665069
1,100,0,0,0,0.41315460205078125,5.614123699665069
1,100,11,1,0,0.41315460205078125,5.614123699665069
1,100,0,0,0,0.41315460205078125,5.614123699665069
1,100,0,0,0,0.41315460205078125,5.614123699665069
1,100,0,1,0,0.41315460205078125,5.614123699665069
1,100,15,3,0,0.41315460205078125,5.614123699665069
1,100,9,0,3,0.41315460205078125,5.614123699665069
1,100,15,4,0,0.41315460205078125,5.614123699665069
1,100,10,0,4,0.41315460205078125,5.614123699665069
1,100,11,0,1,0.41315460205078125,5.614123699665069
1,100,15,2,0,0.41315460205078125,5.614123699665069
1,100,7,0,1,0.41315460205078125,5.614123699665069
1,100,8,0,2,0.41315460205078125,5.614123699665069
1,100,11,5,0,0.41315460205078125,5.614123699665069
1,100,15,8,0,0.41315460205078125,5.614123699665069
1,100,6,1,0,0.41315460205078125,5.614123699665069
1,100,15,4,0,0.41315460205078125,5.614123699665069
1,100,11,0,1,0.41315460205078125,5.614123699665069
1,100,15,4,0,0.41315460205078125,5.614123699665069
1,100,11,5,0,0.41315460205078125,5.614123699665069
1,100,11,0,0,0.41315460205078125,5.614123699665069
1,100,15,3,0,0.41315460205078125,5.614123699665069
1,100,15,1,0,0.41315460205078125,5.614123699665069
1,100,0,0,0,0.41315460205078125,5.614123699665069
1,100,15,2,0,0.41315460205078125,5.614123699665069
1,100,13,0,2,0.41315460205078125,5.614123699665069
1,100,10,0,0,0.41315460205078125,5.614123699665069
1,100,15,0,0,0.41315460205078125,5.614123699665069
1,100,15,4,0,0.41315460205078125,5.614123699665069
1,100,0,0,0,0.41315460205078125,5.614123699665069
1,100,15,2,0,0.41315460205078125,5.614123699665069
1,100,15,3,0,0.41315460205078125,5.614123699665069
1,100,13,0,2,0.41315460205078125,5.614123699665069
1,100,10,0,0,0.41315460205078125,5.614123699665069
1,100,11,5,0,0.41315460205078125,5.614123699665069
1,100,11,0,1,0.41315460205078125,5.614123699665069
1,100,11,0,5,0.41315460205078125,5.614123699665069
1,100,10,0,0,0.41315460205078125,5.614123699665069
1,100,10,1,0,0.41315460205078125,5.614123699665069
1,100,11,3,0,0.41315460205078125,5.614123699665069
1,100,15,0,9,0.41315460205078125,5.614123699665069
1,100,13,0,3,0.41315460205078125,5.614123699665069
1,100,15,0,0,0.41315460205078125,5.614123699665069
1,100,10,0,0,0.41315460205078125,5.614123699665069
1,100,9,0,3,0.41315460205078125,5.614123699665069
1,100,12,0,2,0.41315460205078125,5.614123699665069
1,100,13,0,3,0.41315460205078125,5.614123699665069
1,100,10,0,4,0.41315460205078125,5.614123699665069
0,100,11,13,0,0.41315460205078125,5.614123699665069
0,100,6,13,0,0.41315460205078125,5.614123699665069
0,100,10,10,0,0.41315460205078125,5.614123699665069
0,100,11,10,0,0.41315460205078125,5.614123699665069
0,100,11,14,0,0.41315460205078125,5.614123699665069
0,100,0,6,0,0.41315460205078125,5.614123699665069
0,100,6,7,0,0.41315460205078125,5.614123699665069
0,100,11,14,0,0.41315460205078125,5.614123699665069
0,100,15,18,0,0.41315460205078125,5.614123699665069
0,100,10,9,0,0.41315460205078125,5.614123699665069
0,100,0,10,0,0.41315460205078125,5.614123699665069
0,100,15,16,0,0.41315460205078125,5.614123699665069
0,100,11,12,0,0.41315460205078125,5.614123699665069
0,100,10,8,0,0.41315460205078125,5.614123699665069
0,100,0,10,0,0.41315460205078125,5.614123699665069
0,100,15,15,0,0.41315460205078125,5.614123699665069
0,100,0,9,0,0.41315460205078125,5.614123699665069
0,100,15,15,0,0.41315460205078125,5.614123699665069
0,100,11,14,0,0.41315460205078125,5.614123699665069
0,100,10,4,0,0.41315460205078125,5.614123699665069
0,100,11,14,0,0.41315460205078125,5.614123699665069
0,100,15,20,0,0.41315460205078125,5.614123699665069
0,100,15,14,0,0.41315460205078125,5.614123699665069
0,100,0,7,0,0.41315460205078125,5.614123699665069
0,100,6,9,0,0.41315460205078125,5.614123699665069
0,100,10,9,0,0.41315460205078125,5.614123699665069
0,100,0,9,0,0.41315460205078125,5.614123699665069
0,100,6,9,0,0.41315460205078125,5.614123699665069
0,100,11,13,0,0.41315460205078125,5.614123699665069
0,100,11,13,0,0.41315460205078125,5.614123699665069
0,100,6,10,0,0.41315460205078125,5.614123699665069
0,100,0,1,0,0.41315460205078125,5.614123699665069
0,100,11,6,0,0.41315460205078125,5.614123699665069
0,100,11,10,0,0.41315460205078125,5.614123699665069
0,100,6,11,0,0.41315460205078125,5.614123699665069
0,100,11,13,0,0.41315460205078125,5.614123699665069
0,100,0,9,0,0.41315460205078125,5.614123699665069
0,100,15,9,0,0.41315460205078125,5.614123699665069
0,100,15,21,0,0.41315460205078125,5.614123699665069
0,100,11,11,0,0.41315460205078125,5.614123699665069
0,100,11,14,0,0.41315460205078125,5.614123699665069
0,100,15,15,0,0.41315460205078125,5.614123699665069
0,100,0,9,0,0.41315460205078125,5.614123699665069
0,100,10,6,0,0.41315460205078125,5.614123699665069
0,100,11,11,0,0.41315460205078125,5.614123699665069
0,100,6,6,0,0.41315460205078125,5.614123699665069
0,100,0,4,0,0.41315460205078125,5.614123699665069
0,100,15,13,0,0.41315460205078125,5.614123699665069
0,100,6,10,0,0.41315460205078125,5.614123699665069
0,100,15,13,0,0.41315460205078125,5.614123699665069
0,100,10,10,0,0.41315460205078125,5.614123699665069
0,100,10,6,0,0.41315460205078125,5.614123699665069
0,100,0,7,0,0.41315460205078125,5.614123699665069
0,100,11,14,0,0.41315460205078125,5.614123699665069
0,100,6,9,0,0.41315460205078125,5.614123699665069
0,100,11,16,0,0.41315460205078125,5.614123699665069
0,100,0,7,0,0.41315460205078125,5.614123699665069
0,100,11,6,0,0.41315460205078125,5.614123699665069
0,100,0,6,0,0.41315460205078125,5.614123699665069
0,100,15,19,0,0.41315460205078125,5.614123699665069
0,100,10,7,0,0.41315460205078125,5.614123699665069
0,100,10,3,0,0.41315460205078125,5.614123699665069
0,100,11,9,0,0.41315460205078125,5.614123699665069
0,100,10,7,0,0.41315460205078125,5.614123699665069
0,100,11,13,0,0.41315460205078125,5.614123699665069
0,100,10,8,0,0.41315460205078125,5.614123699665069
0,100,6,2,0,0.41315460205078125,5.614123699665069
0,100,6,8,0,0.41315460205078125,5.614123699665069
0,100,15,16,0,0.41315460205078125,5.614123699665069
0,100,11,17,0,0.41315460205078125,5.614123699665069
0,100,0,7,0,0.41315460205078125,5.614123699665069
0,100,11,5,0,0.41315460205078125,5.614123699665069
0,100,10,3,0,0.41315460205078125,5.614123699665069
0,100,6,12,0,0.41315460205078125,5.614123699665069
0,100,0,4,0,0.41315460205078125,5.614123699665069
0,100,0,7,0,0.41315460205078125,5.614123699665069
0,100,11,13,0,0.41315460205078125,5.614123699665069
0,100,0,5,0,0.41315460205078125,5.614123699665069
0,100,0,8,0,0.41315460205078125,5.614123699665069
0,100,6,7,0,0.41315460205078125,5.614123699665069
0,100,15,12,0,0.41315460205078125,5.614123699665069
0,100,11,8,0,0.41315460205078125,5.614123699665069
0,100,0,5,0,0.41315460205078125,5.614123699665069
0,100,6,7,0,0.41315460205078125,5.614123699665069
0,100,0,9,0,0.41315460205078125,5.614123699665069
0,100,10,11,0,0.41315460205078125,5.614123699665069
0,100,0,9,0,0.41315460205078125,5.614123699665069
0,100,6,2,0,0.41315460205078125,5.614123699665069
0,100,15,11,0,0.41315460205078125,5.614123699665069
0,100,6,7,0,0.41315460205078125,5.614123699665069
0,100,11,14,0,0.41315460205078125,5.614123699665069
0,100,11,15,0,0.41315460205078125,5.614123699665069
0,100,15,13,0,0.41315460205078125,5.614123699665069
0,100,15,14,0,0.41315460205078125,5.614123699665069
0,100,6,8,0,0.41315460205078125,5.614123699665069
0,100,15,15,0,0.41315460205078125,5.614123699665069
0,100,0,9,0,0.41315460205078125,5.614123699665069
0,100,6,9,0,0.41315460205078125,5.614123699665069
0,100,11,14,0,0.41315460205078125,5.614123699665069
0,100,0,5,0,0.41315460205078125,5.614123699665069
Total DB Queries This Round: 22253
1,100,10,0,1,0.37822985649108887,5.198265724182129
1,100,3,0,1,0.37822985649108887,5.198265724182129
1,100,9,1,0,0.37822985649108887,5.198265724182129
1,100,14,0,5,0.37822985649108887,5.198265724182129
1,100,9,1,0,0.37822985649108887,5.198265724182129
1,100,11,0,2,0.37822985649108887,5.198265724182129
1,100,12,0,3,0.37822985649108887,5.198265724182129
1,100,4,0,2,0.37822985649108887,5.198265724182129
1,100,9,1,0,0.37822985649108887,5.198265724182129
1,100,10,0,1,0.37822985649108887,5.198265724182129
1,100,5,0,3,0.37822985649108887,5.198265724182129
1,100,9,4,0,0.37822985649108887,5.198265724182129
1,100,5,0,3,0.37822985649108887,5.198265724182129
1,100,9,0,0,0.37822985649108887,5.198265724182129
1,100,9,3,0,0.37822985649108887,5.198265724182129
1,100,9,3,0,0.37822985649108887,5.198265724182129
1,100,9,2,0,0.37822985649108887,5.198265724182129
1,100,11,0,2,0.37822985649108887,5.198265724182129
1,100,11,0,2,0.37822985649108887,5.198265724182129
1,100,9,2,0,0.37822985649108887,5.198265724182129
1,100,11,0,2,0.37822985649108887,5.198265724182129
1,100,5,0,3,0.37822985649108887,5.198265724182129
1,100,9,0,0,0.37822985649108887,5.198265724182129
1,100,4,0,2,0.37822985649108887,5.198265724182129
1,100,4,0,2,0.37822985649108887,5.198265724182129
1,100,9,1,0,0.37822985649108887,5.198265724182129
1,100,12,0,3,0.37822985649108887,5.198265724182129
1,100,7,0,5,0.37822985649108887,5.198265724182129
1,100,6,0,4,0.37822985649108887,5.198265724182129
1,100,9,1,0,0.37822985649108887,5.198265724182129
1,100,9,0,0,0.37822985649108887,5.198265724182129
1,100,9,1,0,0.37822985649108887,5.198265724182129
1,100,11,0,2,0.37822985649108887,5.198265724182129
1,100,9,3,0,0.37822985649108887,5.198265724182129
1,100,9,3,0,0.37822985649108887,5.198265724182129
1,100,9,1,0,0.37822985649108887,5.198265724182129
1,100,9,0,0,0.37822985649108887,5.198265724182129
1,100,4,0,2,0.37822985649108887,5.198265724182129
1,100,5,0,3,0.37822985649108887,5.198265724182129
1,100,11,0,2,0.37822985649108887,5.198265724182129
1,100,9,4,0,0.37822985649108887,5.198265724182129
1,100,13,0,4,0.37822985649108887,5.198265724182129
1,100,5,0,3,0.37822985649108887,5.198265724182129
1,100,4,0,2,0.37822985649108887,5.198265724182129
1,100,9,0,0,0.37822985649108887,5.198265724182129
1,100,9,4,0,0.37822985649108887,5.198265724182129
1,100,12,0,3,0.37822985649108887,5.198265724182129
1,100,4,0,2,0.37822985649108887,5.198265724182129
1,100,9,4,0,0.37822985649108887,5.198265724182129
1,100,11,0,2,0.37822985649108887,5.198265724182129
1,100,10,0,1,0.37822985649108887,5.198265724182129
1,100,6,0,4,0.37822985649108887,5.198265724182129
1,100,9,2,0,0.37822985649108887,5.198265724182129
1,100,8,0,6,0.37822985649108887,5.198265724182129
1,100,7,0,5,0.37822985649108887,5.198265724182129
1,100,4,0,2,0.37822985649108887,5.198265724182129
1,100,11,0,2,0.37822985649108887,5.198265724182129
1,100,10,0,1,0.37822985649108887,5.198265724182129
1,100,15,0,6,0.37822985649108887,5.198265724182129
1,100,9,0,0,0.37822985649108887,5.198265724182129
1,100,9,2,0,0.37822985649108887,5.198265724182129
1,100,12,0,3,0.37822985649108887,5.198265724182129
1,100,9,2,0,0.37822985649108887,5.198265724182129
1,100,10,0,1,0.37822985649108887,5.198265724182129
1,100,9,3,0,0.37822985649108887,5.198265724182129
1,100,12,0,3,0.37822985649108887,5.198265724182129
1,100,9,0,0,0.37822985649108887,5.198265724182129
1,100,11,0,2,0.37822985649108887,5.198265724182129
1,100,9,5,0,0.37822985649108887,5.198265724182129
1,100,14,0,5,0.37822985649108887,5.198265724182129
1,100,10,0,1,0.37822985649108887,5.198265724182129
1,100,9,1,0,0.37822985649108887,5.198265724182129
1,100,12,0,3,0.37822985649108887,5.198265724182129
1,100,12,0,3,0.37822985649108887,5.198265724182129
1,100,3,0,1,0.37822985649108887,5.198265724182129
1,100,13,0,4,0.37822985649108887,5.198265724182129
1,100,9,2,0,0.37822985649108887,5.198265724182129
1,100,9,2,0,0.37822985649108887,5.198265724182129
1,100,11,0,2,0.37822985649108887,5.198265724182129
1,100,14,0,5,0.37822985649108887,5.198265724182129
1,100,5,0,3,0.37822985649108887,5.198265724182129
1,100,11,0,2,0.37822985649108887,5.198265724182129
1,100,12,0,3,0.37822985649108887,5.198265724182129
1,100,9,1,0,0.37822985649108887,5.198265724182129
1,100,9,3,0,0.37822985649108887,5.198265724182129
1,100,9,0,0,0.37822985649108887,5.198265724182129
1,100,9,3,0,0.37822985649108887,5.198265724182129
1,100,9,3,0,0.37822985649108887,5.198265724182129
1,100,9,1,0,0.37822985649108887,5.198265724182129
1,100,9,6,0,0.37822985649108887,5.198265724182129
1,100,9,3,0,0.37822985649108887,5.198265724182129
1,100,11,0,2,0.37822985649108887,5.198265724182129
1,100,9,4,0,0.37822985649108887,5.198265724182129
1,100,11,0,2,0.37822985649108887,5.198265724182129
1,100,9,7,0,0.37822985649108887,5.198265724182129
1,100,9,0,0,0.37822985649108887,5.198265724182129
1,100,9,4,0,0.37822985649108887,5.198265724182129
1,100,9,4,0,0.37822985649108887,5.198265724182129
1,100,9,1,0,0.37822985649108887,5.198265724182129
1,100,9,3,0,0.37822985649108887,5.198265724182129
0,100,9,9,0,0.37822985649108887,5.198265724182129
0,100,9,9,0,0.37822985649108887,5.198265724182129
0,100,9,8,0,0.37822985649108887,5.198265724182129
0,100,9,7,0,0.37822985649108887,5.198265724182129
0,100,2,2,0,0.37822985649108887,5.198265724182129
0,100,9,13,0,0.37822985649108887,5.198265724182129
0,100,9,9,0,0.37822985649108887,5.198265724182129
0,100,9,9,0,0.37822985649108887,5.198265724182129
0,100,9,9,0,0.37822985649108887,5.198265724182129
0,100,2,2,0,0.37822985649108887,5.198265724182129
0,100,9,8,0,0.37822985649108887,5.198265724182129
0,100,9,8,0,0.37822985649108887,5.198265724182129
0,100,9,7,0,0.37822985649108887,5.198265724182129
0,100,2,3,0,0.37822985649108887,5.198265724182129
0,100,9,9,0,0.37822985649108887,5.198265724182129
0,100,2,2,0,0.37822985649108887,5.198265724182129
0,100,9,9,0,0.37822985649108887,5.198265724182129
0,100,9,9,0,0.37822985649108887,5.198265724182129
0,100,9,9,0,0.37822985649108887,5.198265724182129
0,100,9,8,0,0.37822985649108887,5.198265724182129
0,100,9,9,0,0.37822985649108887,5.198265724182129
0,100,9,9,0,0.37822985649108887,5.198265724182129
0,100,2,2,0,0.37822985649108887,5.198265724182129
0,100,9,11,0,0.37822985649108887,5.198265724182129
0,100,9,9,0,0.37822985649108887,5.198265724182129
0,100,2,2,0,0.37822985649108887,5.198265724182129
0,100,9,11,0,0.37822985649108887,5.198265724182129
0,100,9,8,0,0.37822985649108887,5.198265724182129
0,100,9,6,0,0.37822985649108887,5.198265724182129
0,100,9,10,0,0.37822985649108887,5.198265724182129
0,100,2,1,0,0.37822985649108887,5.198265724182129
0,100,9,15,0,0.37822985649108887,5.198265724182129
0,100,9,9,0,0.37822985649108887,5.198265724182129
0,100,9,10,0,0.37822985649108887,5.198265724182129
0,100,9,9,0,0.37822985649108887,5.198265724182129
0,100,2,2,0,0.37822985649108887,5.198265724182129
0,100,9,9,0,0.37822985649108887,5.198265724182129
0,100,9,9,0,0.37822985649108887,5.198265724182129
0,100,9,10,0,0.37822985649108887,5.198265724182129
0,100,9,9,0,0.37822985649108887,5.198265724182129
0,100,9,9,0,0.37822985649108887,5.198265724182129
0,100,2,3,0,0.37822985649108887,5.198265724182129
0,100,9,9,0,0.37822985649108887,5.198265724182129
0,100,9,7,0,0.37822985649108887,5.198265724182129
0,100,9,11,0,0.37822985649108887,5.198265724182129
0,100,2,2,0,0.37822985649108887,5.198265724182129
0,100,9,8,0,0.37822985649108887,5.198265724182129
0,100,9,9,0,0.37822985649108887,5.198265724182129
0,100,9,9,0,0.37822985649108887,5.198265724182129
0,100,9,9,0,0.37822985649108887,5.198265724182129
0,100,9,9,0,0.37822985649108887,5.198265724182129
0,100,2,2,0,0.37822985649108887,5.198265724182129
0,100,9,9,0,0.37822985649108887,5.198265724182129
0,100,9,10,0,0.37822985649108887,5.198265724182129
0,100,9,9,0,0.37822985649108887,5.198265724182129
0,100,2,2,0,0.37822985649108887,5.198265724182129
0,100,9,10,0,0.37822985649108887,5.198265724182129
0,100,2,2,0,0.37822985649108887,5.198265724182129
0,100,9,9,0,0.37822985649108887,5.198265724182129
0,100,9,9,0,0.37822985649108887,5.198265724182129
0,100,9,9,0,0.37822985649108887,5.198265724182129
0,100,9,9,0,0.37822985649108887,5.198265724182129
0,100,9,10,0,0.37822985649108887,5.198265724182129
0,100,9,10,0,0.37822985649108887,5.198265724182129
0,100,9,10,0,0.37822985649108887,5.198265724182129
0,100,9,9,0,0.37822985649108887,5.198265724182129
0,100,9,10,0,0.37822985649108887,5.198265724182129
0,100,9,9,0,0.37822985649108887,5.198265724182129
0,100,9,10,0,0.37822985649108887,5.198265724182129
0,100,2,2,0,0.37822985649108887,5.198265724182129
0,100,9,6,0,0.37822985649108887,5.198265724182129
0,100,9,11,0,0.37822985649108887,5.198265724182129
0,100,9,10,0,0.37822985649108887,5.198265724182129
0,100,2,5,0,0.37822985649108887,5.198265724182129
0,100,2,3,0,0.37822985649108887,5.198265724182129
0,100,9,9,0,0.37822985649108887,5.198265724182129
0,100,2,2,0,0.37822985649108887,5.198265724182129
0,100,2,2,0,0.37822985649108887,5.198265724182129
0,100,9,13,0,0.37822985649108887,5.198265724182129
0,100,9,15,0,0.37822985649108887,5.198265724182129
0,100,9,13,0,0.37822985649108887,5.198265724182129
0,100,2,3,0,0.37822985649108887,5.198265724182129
0,100,9,10,0,0.37822985649108887,5.198265724182129
0,100,2,2,0,0.37822985649108887,5.198265724182129
0,100,9,10,0,0.37822985649108887,5.198265724182129
0,100,2,2,0,0.37822985649108887,5.198265724182129
0,100,9,10,0,0.37822985649108887,5.198265724182129
0,100,9,9,0,0.37822985649108887,5.198265724182129
0,100,9,11,0,0.37822985649108887,5.198265724182129
0,100,9,9,0,0.37822985649108887,5.198265724182129
0,100,9,9,0,0.37822985649108887,5.198265724182129
0,100,9,10,0,0.37822985649108887,5.198265724182129
0,100,9,9,0,0.37822985649108887,5.198265724182129
0,100,9,10,0,0.37822985649108887,5.198265724182129
0,100,9,9,0,0.37822985649108887,5.198265724182129
0,100,2,2,0,0.37822985649108887,5.198265724182129
0,100,9,10,0,0.37822985649108887,5.198265724182129
0,100,9,9,0,0.37822985649108887,5.198265724182129
0,100,2,0,0,0.37822985649108887,5.198265724182129
0,100,9,7,0,0.37822985649108887,5.198265724182129
Total DB Queries This Round: 20824
