num_secrets,true_label,guess_label
PERCENT IN TABLE OF 100: 1%
1,0,0
1,0,0
1,0,0
1,0,0
1,0,0
1,0,0
1,1,1
1,0,0
1,0,0
1,0,0
1,0,0
1,0,0
1,0,0
1,0,0
1,0,0
1,0,0
1,0,0
1,0,0
1,0,0
1,0,0
1,0,0
1,0,0
1,0,0
1,0,0
1,0,0
1,0,0
1,0,0
1,0,0
1,0,0
1,0,0
1,0,0
1,0,0
1,0,0
1,0,0
1,0,0
1,0,0
1,0,0
1,0,0
1,0,0
1,0,0
1,0,0
1,0,0
1,0,0
1,0,0
1,0,0
1,0,0
1,0,0
1,0,0
1,0,0
1,0,0
1,0,0
1,0,0
1,0,0
1,0,0
1,0,0
1,0,0
1,0,0
1,0,0
1,0,0
1,0,0
1,0,0
1,0,0
1,0,0
1,0,0
1,0,0
1,0,0
1,0,0
1,0,0
1,0,0
1,0,0
1,0,0
1,0,0
1,0,0
1,0,0
1,0,0
1,0,0
1,0,0
1,0,0
1,0,0
1,0,0
1,0,0
1,0,0
1,0,0
1,0,0
1,0,0
1,0,0
1,0,0
1,0,0
1,0,0
1,0,0
1,0,0
1,0,0
1,0,0
1,0,0
1,0,0
1,0,0
1,0,0
1,0,1
1,0,0
1,0,0
Total DB Queries This Round: 2077
Total time spent this round in seconds: 47.44555616378784
1,0,0
1,0,0
1,0,0
1,0,0
1,0,0
1,0,0
1,0,0
1,0,0
1,0,0
1,0,0
1,0,0
1,0,0
1,0,0
1,0,0
1,0,0
1,0,0
1,0,0
1,0,0
1,0,0
1,0,0
1,0,0
1,0,0
1,0,0
1,0,0
1,0,0
1,0,0
1,0,0
1,0,0
1,0,0
1,0,0
1,0,0
1,0,0
1,0,0
1,0,0
1,0,0
1,0,0
1,0,0
1,1,1
1,0,0
1,0,0
1,0,0
1,0,0
1,0,0
1,0,0
1,0,0
1,0,0
1,0,0
1,0,0
1,0,0
1,0,0
1,0,0
1,0,0
1,0,0
1,0,0
1,0,0
1,0,0
1,0,0
1,0,0
1,0,0
1,0,0
1,0,0
1,0,0
1,0,0
1,0,0
1,0,0
1,0,0
1,0,0
1,0,0
1,0,0
1,0,0
1,0,0
1,0,0
1,0,0
1,0,0
1,0,0
1,0,0
1,0,0
1,0,0
1,0,0
1,0,0
1,0,0
1,0,0
1,0,0
1,0,0
1,0,0
1,0,0
1,0,0
1,0,0
1,0,0
1,0,0
1,0,0
1,0,0
1,0,0
1,0,0
1,0,0
1,0,0
1,0,0
1,0,0
1,0,0
1,0,0
Total DB Queries This Round: 2363
Total time spent this round in seconds: 91.19805908203125
1,0,0
1,0,0
1,0,0
1,0,0
1,0,0
1,0,0
1,0,0
1,0,0
1,0,0
1,0,0
1,0,0
1,0,0
1,0,0
1,0,0
1,0,0
1,0,0
1,0,0
1,0,0
1,0,0
1,0,0
1,0,0
1,0,0
1,0,0
1,1,0
1,0,0
1,0,0
1,0,0
1,0,0
1,0,0
1,0,0
1,0,0
1,0,0
1,0,0
1,0,0
1,0,0
1,0,0
1,0,0
1,0,0
1,0,0
1,0,0
1,0,0
1,0,0
1,0,0
1,0,0
1,0,0
1,0,0
1,0,0
1,0,0
1,0,0
1,0,0
1,0,0
1,0,0
1,0,0
1,0,0
1,0,0
1,0,0
1,0,0
1,0,0
1,0,0
1,0,0
1,0,0
1,0,0
1,0,0
1,0,0
1,0,0
1,0,0
1,0,0
1,0,0
1,0,0
1,0,0
1,0,0
1,0,0
1,0,0
1,0,0
1,0,0
1,0,0
1,0,0
1,0,0
1,0,0
1,0,0
1,0,0
1,0,0
1,0,0
1,0,0
1,0,0
1,0,0
1,0,0
1,0,0
1,0,0
1,0,0
1,0,0
1,0,0
1,0,0
1,0,0
1,0,0
1,0,0
1,0,0
1,0,0
1,0,0
1,0,0
Total DB Queries This Round: 1554
Total time spent this round in seconds: 62.063716888427734
1,0,0
1,0,0
1,0,0
1,0,0
1,0,0
1,0,0
1,0,0
1,0,0
1,0,0
1,0,0
1,0,0
1,0,0
1,0,0
1,0,0
1,0,0
1,0,0
1,0,0
1,0,0
1,0,0
1,0,0
1,0,0
1,0,0
1,0,0
1,0,0
1,0,0
1,0,0
1,0,0
1,0,0
1,0,0
1,0,0
1,0,0
1,0,0
1,0,0
1,0,0
1,0,0
1,0,0
1,1,1
1,0,0
1,0,0
1,0,0
1,0,0
1,0,0
1,0,0
1,0,0
1,0,0
1,0,0
1,0,0
1,0,0
1,0,0
1,0,0
1,0,0
1,0,0
1,0,0
1,0,0
1,0,0
1,0,0
1,0,0
1,0,0
1,0,0
1,0,0
1,0,0
1,0,0
1,0,0
1,0,0
1,0,0
1,0,0
1,0,0
1,0,0
1,0,0
1,0,0
1,0,0
1,0,0
1,0,0
1,0,0
1,0,0
1,0,0
1,0,0
1,0,0
1,0,0
1,0,0
1,0,0
1,0,0
1,0,0
1,0,0
1,0,0
1,0,0
1,0,0
1,0,0
1,0,0
1,0,0
1,0,0
1,0,0
1,0,0
1,0,0
1,0,0
1,0,0
1,0,0
1,0,0
1,0,0
1,0,0
Total DB Queries This Round: 2250
Total time spent this round in seconds: 54.66576647758484
1,0,0
1,0,0
1,0,0
1,0,0
1,0,0
1,0,0
1,0,0
1,0,0
1,0,0
1,0,0
1,1,0
1,0,0
1,0,0
1,0,0
1,0,0
1,0,0
1,0,0
1,0,0
1,0,0
1,0,0
1,0,0
1,0,0
1,0,0
1,0,0
1,0,0
1,0,0
1,0,0
1,0,0
1,0,0
1,0,0
1,0,0
1,0,0
1,0,0
1,0,0
1,0,0
1,0,0
1,0,0
1,0,0
1,0,0
1,0,0
1,0,0
1,0,0
1,0,0
1,0,0
1,0,0
1,0,0
1,0,0
1,0,0
1,0,0
1,0,0
1,0,0
1,0,0
1,0,0
1,0,0
1,0,0
1,0,0
1,0,0
1,0,0
1,0,0
1,0,0
1,0,0
1,0,0
1,0,0
1,0,0
1,0,0
1,0,0
1,0,0
1,0,0
1,0,0
1,0,0
1,0,0
1,0,0
1,0,0
1,0,0
1,0,0
1,0,0
1,0,0
1,0,0
1,0,0
1,0,0
1,0,0
1,0,0
1,0,0
1,0,0
1,0,0
1,0,0
1,0,0
1,0,0
1,0,0
1,0,0
1,0,0
1,0,0
1,0,0
1,0,0
1,0,0
1,0,0
1,0,0
1,0,0
1,0,0
1,0,0
Total DB Queries This Round: 2246
Total time spent this round in seconds: 63.30292057991028
1,0,0
1,0,0
1,0,0
1,0,0
1,0,0
1,0,0
1,0,0
1,0,0
1,0,0
1,0,0
1,0,0
1,0,0
1,0,0
1,0,0
1,0,0
1,0,0
1,0,0
1,0,0
1,0,0
1,0,0
1,0,0
1,0,0
1,0,0
1,0,0
1,0,0
1,0,0
1,0,0
1,0,0
1,0,0
1,0,0
1,0,0
1,0,0
1,0,0
1,0,0
1,0,0
1,0,0
1,0,0
1,0,0
1,0,0
1,0,0
1,0,0
1,0,0
1,0,0
1,0,0
1,0,0
1,0,0
1,0,0
1,0,0
1,0,0
1,0,0
1,0,0
1,0,0
1,0,0
1,0,0
1,0,0
1,0,0
1,0,0
1,0,0
1,0,0
1,0,0
1,0,0
1,0,0
1,0,0
1,0,0
1,0,0
1,1,1
1,0,0
1,0,0
1,0,0
1,0,0
1,0,0
1,0,0
1,0,0
1,0,0
1,0,0
1,0,0
1,0,0
1,0,0
1,0,0
1,0,0
1,0,0
1,0,0
1,0,0
1,0,0
1,0,0
1,0,0
1,0,0
1,0,0
1,0,0
1,0,0
1,0,0
1,0,0
1,0,0
1,0,0
1,0,0
1,0,0
1,0,0
1,0,0
1,0,0
1,0,0
Total DB Queries This Round: 737
Total time spent this round in seconds: 22.836880922317505
1,0,0
1,0,0
1,0,0
1,0,0
1,0,0
1,0,0
1,0,0
1,0,0
1,0,0
1,0,0
1,0,0
1,0,0
1,1,1
1,0,0
1,0,0
1,0,0
1,0,0
1,0,0
1,0,0
1,0,0
1,0,0
1,0,0
1,0,0
1,0,0
1,0,0
1,0,0
1,0,0
1,0,0
1,0,0
1,0,0
1,0,0
1,0,0
1,0,0
1,0,0
1,0,0
1,0,0
1,0,0
1,0,0
1,0,0
1,0,0
1,0,0
1,0,0
1,0,0
1,0,0
1,0,0
1,0,0
1,0,0
1,0,0
1,0,0
1,0,0
1,0,0
1,0,0
1,0,0
1,0,0
1,0,0
1,0,0
1,0,0
1,0,0
1,0,0
1,0,0
1,0,0
1,0,0
1,0,0
1,0,0
1,0,0
1,0,0
1,0,0
1,0,0
1,0,1
1,0,0
1,0,0
1,0,0
1,0,0
1,0,0
1,0,0
1,0,0
1,0,0
1,0,0
1,0,0
1,0,0
1,0,0
1,0,0
1,0,0
1,0,0
1,0,0
1,0,0
1,0,0
1,0,0
1,0,0
1,0,0
1,0,0
1,0,0
1,0,0
1,0,0
1,0,0
1,0,0
1,0,0
1,0,0
1,0,0
1,0,0
Total DB Queries This Round: 2833
Total time spent this round in seconds: 82.60164165496826
1,0,0
1,0,0
1,0,0
1,0,0
1,0,0
1,0,0
1,0,0
1,0,0
1,0,0
1,0,0
1,0,0
1,0,0
1,0,0
1,0,0
1,0,0
1,0,0
1,0,0
1,0,0
1,0,0
1,0,0
1,0,0
1,0,0
1,0,0
1,0,0
1,0,0
1,0,0
1,0,0
1,0,0
1,0,0
1,0,0
1,0,0
1,0,0
1,0,0
1,0,0
1,0,0
1,0,0
1,0,0
1,0,0
1,0,0
1,0,0
1,0,0
1,0,0
1,0,0
1,0,0
1,0,0
1,0,0
1,0,0
1,0,0
1,0,0
1,0,0
1,0,0
1,0,0
1,0,0
1,0,0
1,0,0
1,0,0
1,0,0
1,0,0
1,0,0
1,0,0
1,0,0
1,0,0
1,0,0
1,0,0
1,0,0
1,0,0
1,0,0
1,0,0
1,0,0
1,0,0
1,0,0
1,0,0
1,0,0
1,0,0
1,0,0
1,0,0
1,0,0
1,0,0
1,0,0
1,0,0
1,0,0
1,0,0
1,0,0
1,0,0
1,0,0
1,0,0
1,0,0
1,1,0
1,0,0
1,0,0
1,0,0
1,0,0
1,0,0
1,0,0
1,0,0
1,0,0
1,0,0
1,0,0
1,0,0
1,0,0
Total DB Queries This Round: 740
Total time spent this round in seconds: 21.7267849445343
1,0,0
1,0,0
1,0,0
1,0,0
1,0,0
1,0,0
1,0,0
1,0,0
1,0,0
1,0,0
1,0,0
1,0,0
1,0,0
1,0,0
1,0,0
1,0,0
1,0,0
1,0,0
1,0,0
1,0,0
1,0,0
1,0,0
1,0,0
1,0,0
1,0,0
1,0,0
1,0,0
1,0,0
1,0,0
1,0,0
1,0,0
1,0,0
1,1,0
1,0,0
1,0,0
1,0,0
1,0,0
1,0,0
1,0,0
1,0,0
1,0,0
1,0,0
1,0,0
1,0,0
1,0,0
1,0,0
1,0,0
1,0,0
1,0,0
1,0,0
1,0,0
1,0,0
1,0,0
1,0,0
1,0,0
1,0,0
1,0,0
1,0,0
1,0,0
1,0,0
1,0,0
1,0,0
1,0,0
1,0,0
1,0,0
1,0,0
1,0,0
1,0,0
1,0,0
1,0,0
1,0,0
1,0,0
1,0,0
1,0,0
1,0,0
1,0,0
1,0,0
1,0,0
1,0,0
1,0,0
1,0,0
1,0,0
1,0,0
1,0,0
1,0,0
1,0,0
1,0,0
1,0,0
1,0,0
1,0,0
1,0,0
1,0,0
1,0,0
1,0,0
1,0,0
1,0,0
1,0,0
1,0,0
1,0,0
1,0,0
Total DB Queries This Round: 830
Total time spent this round in seconds: 38.40664839744568
1,0,0
1,0,0
1,0,0
1,0,0
1,0,0
1,0,0
1,0,0
1,0,0
1,0,0
1,0,0
1,0,0
1,0,0
1,0,0
1,0,0
1,0,0
1,0,0
1,0,0
1,0,0
1,0,0
1,0,0
1,0,0
1,0,0
1,0,0
1,0,0
1,0,0
1,0,0
1,0,0
1,0,0
1,0,0
1,0,0
1,0,0
1,0,0
1,0,0
1,0,0
1,0,0
1,1,1
1,0,1
1,0,0
1,0,0
1,0,0
1,0,0
1,0,0
1,0,0
1,0,0
1,0,0
1,0,0
1,0,0
1,0,0
1,0,0
1,0,0
1,0,0
1,0,0
1,0,0
1,0,0
1,0,0
1,0,0
1,0,0
1,0,0
1,0,0
1,0,0
1,0,0
1,0,0
1,0,0
1,0,0
1,0,0
1,0,0
1,0,0
1,0,0
1,0,0
1,0,0
1,0,0
1,0,0
1,0,0
1,0,0
1,0,0
1,0,0
1,0,0
1,0,0
1,0,0
1,0,0
1,0,0
1,0,0
1,0,0
1,0,0
1,0,0
1,0,0
1,0,0
1,0,0
1,0,0
1,0,0
1,0,0
1,0,0
1,0,0
1,0,0
1,0,0
1,0,0
1,0,0
1,0,0
1,0,0
1,0,0
Total DB Queries This Round: 1044
Total time spent this round in seconds: 28.757986068725586
PERCENT IN TABLE OF 100: 2%
2,0,0
2,0,0
2,0,0
2,0,0
2,0,0
2,0,0
2,0,0
2,0,0
2,0,0
2,0,0
2,0,0
2,0,0
2,0,0
2,0,0
2,0,0
2,1,1
2,0,0
2,0,0
2,0,0
2,0,0
2,0,0
2,0,0
2,0,0
2,0,0
2,0,0
2,0,0
2,0,0
2,0,0
2,0,0
2,1,1
2,0,0
2,0,0
2,0,0
2,0,0
2,0,0
2,0,0
2,0,0
2,0,0
2,0,0
2,0,0
2,0,0
2,0,0
2,0,0
2,0,0
2,0,0
2,0,0
2,0,0
2,0,0
2,0,0
2,0,0
2,0,0
2,0,0
2,0,0
2,0,0
2,0,0
2,0,0
2,0,0
2,0,0
2,0,0
2,0,0
2,0,0
2,0,0
2,0,0
2,0,0
2,0,0
2,0,0
2,0,0
2,0,0
2,0,0
2,0,0
2,0,0
2,0,0
2,0,0
2,0,0
2,0,0
2,0,0
2,0,0
2,0,0
2,0,0
2,0,0
2,0,0
2,0,0
2,0,0
2,0,0
2,0,0
2,0,0
2,0,0
2,0,0
2,0,0
2,0,0
2,0,0
2,0,0
2,0,0
2,0,0
2,0,0
2,0,0
2,0,0
2,0,0
2,0,0
2,0,0
Total DB Queries This Round: 784
Total time spent this round in seconds: 24.70375394821167
2,0,0
2,0,0
2,0,0
2,0,0
2,0,0
2,0,0
2,0,0
2,0,0
2,0,0
2,0,0
2,0,0
2,0,0
2,0,0
2,0,0
2,0,0
2,0,0
2,1,1
2,0,0
2,0,0
2,0,0
2,0,0
2,0,0
2,0,0
2,0,0
2,0,0
2,0,0
2,0,0
2,0,0
2,0,0
2,0,0
2,0,0
2,0,0
2,0,0
2,0,0
2,0,0
2,0,0
2,0,0
2,0,0
2,0,0
2,0,0
2,0,0
2,0,0
2,0,0
2,0,0
2,0,0
2,0,0
2,0,0
2,0,0
2,0,0
2,0,0
2,0,0
2,0,0
2,0,0
2,0,0
2,0,0
2,0,0
2,0,0
2,0,0
2,1,1
2,0,0
2,0,0
2,0,0
2,0,0
2,0,0
2,0,0
2,0,0
2,0,0
2,0,0
2,0,0
2,0,0
2,0,0
2,0,0
2,0,0
2,0,0
2,0,0
2,0,0
2,0,0
2,0,0
2,0,0
2,0,0
2,0,0
2,0,0
2,0,0
2,0,0
2,0,0
2,0,0
2,0,0
2,0,0
2,0,0
2,0,0
2,0,0
2,0,0
2,0,0
2,0,0
2,0,0
2,0,0
2,0,0
2,0,0
2,0,0
2,0,0
Total DB Queries This Round: 730
Total time spent this round in seconds: 22.644649267196655
2,0,0
2,0,0
2,0,0
2,0,0
2,0,0
2,0,0
2,0,0
2,0,0
2,0,0
2,0,0
2,0,0
2,0,0
2,0,0
2,0,0
2,0,0
2,0,0
2,0,0
2,0,0
2,0,0
2,0,0
2,0,0
2,0,0
2,0,0
2,0,0
2,0,0
2,0,0
2,0,0
2,0,0
2,1,1
2,0,0
2,0,0
2,0,0
2,0,0
2,0,0
2,0,0
2,0,0
2,0,0
2,0,0
2,0,1
2,0,0
2,0,0
2,0,0
2,0,0
2,0,0
2,0,0
2,0,0
2,0,0
2,0,0
2,0,1
2,0,1
2,0,0
2,0,0
2,0,0
2,0,0
2,0,0
2,0,0
2,0,0
2,0,0
2,0,0
2,0,0
2,0,0
2,0,0
2,0,0
2,1,1
2,0,0
2,0,0
2,0,0
2,0,0
2,0,0
2,0,0
2,0,0
2,0,0
2,0,0
2,0,0
2,0,0
2,0,0
2,0,0
2,0,0
2,0,0
2,0,0
2,0,0
2,0,0
2,0,0
2,0,0
2,0,0
2,0,0
2,0,0
2,0,0
2,0,0
2,0,0
2,0,0
2,0,0
2,0,0
2,0,0
2,0,0
2,0,0
2,0,0
2,0,0
2,0,0
2,0,0
Total DB Queries This Round: 875
Total time spent this round in seconds: 26.013224840164185
2,0,0
2,0,0
2,0,0
2,1,1
2,0,0
2,0,0
2,0,0
2,0,0
2,0,0
2,0,0
2,0,0
2,0,0
2,0,0
2,0,0
2,0,0
2,0,0
2,0,0
2,0,0
2,0,0
2,0,0
2,0,0
2,0,0
2,0,0
2,0,0
2,0,0
2,0,0
2,0,0
2,0,0
2,0,0
2,0,0
2,0,0
2,0,0
2,0,0
2,0,0
2,0,0
2,0,0
2,0,0
2,0,0
2,0,0
2,0,0
2,0,0
2,0,0
2,0,0
2,0,0
2,0,0
2,0,0
2,1,1
2,0,0
2,0,0
2,0,0
2,0,0
2,0,0
2,0,0
2,0,0
2,0,0
2,0,0
2,0,0
2,0,0
2,0,0
2,0,0
2,0,0
2,0,0
2,0,0
2,0,0
2,0,0
2,0,0
2,0,0
2,0,0
2,0,0
2,0,0
2,0,0
2,0,0
2,0,0
2,0,0
2,0,0
2,0,0
2,0,0
2,0,0
2,0,0
2,0,0
2,0,0
2,0,0
2,0,0
2,0,0
2,0,0
2,0,0
2,0,0
2,0,0
2,0,0
2,0,0
2,0,0
2,0,0
2,0,0
2,0,0
2,0,0
2,0,0
2,0,0
2,0,0
2,0,0
2,0,0
Total DB Queries This Round: 855
Total time spent this round in seconds: 26.35554313659668
2,0,0
2,0,0
2,0,0
2,0,0
2,0,0
2,0,0
2,0,0
2,0,0
2,0,0
2,0,0
2,0,0
2,0,0
2,1,1
2,0,0
2,0,0
2,0,0
2,0,0
2,0,0
2,0,0
2,0,0
2,0,0
2,0,0
2,1,1
2,0,0
2,0,0
2,0,0
2,0,0
2,0,0
2,0,0
2,0,0
2,0,0
2,0,0
2,0,0
2,0,0
2,0,0
2,0,0
2,0,0
2,0,0
2,0,0
2,0,0
2,0,0
2,0,0
2,0,0
2,0,0
2,0,0
2,0,0
2,0,0
2,0,0
2,0,0
2,0,0
2,0,0
2,0,0
2,0,0
2,0,0
2,0,0
2,0,0
2,0,0
2,0,0
2,0,0
2,0,0
2,0,0
2,0,0
2,0,0
2,0,0
2,0,0
2,0,0
2,0,0
2,0,0
2,0,0
2,0,0
2,0,0
2,0,0
2,0,0
2,0,0
2,0,0
2,0,0
2,0,0
2,0,0
2,0,0
2,0,0
2,0,0
2,0,0
2,0,0
2,0,0
2,0,0
2,0,0
2,0,0
2,0,0
2,0,0
2,0,0
2,0,0
2,0,0
2,0,0
2,0,0
2,0,0
2,0,0
2,0,0
2,0,0
2,0,0
2,0,0
Total DB Queries This Round: 798
Total time spent this round in seconds: 25.390530347824097
2,0,0
2,0,0
2,0,0
2,0,0
2,0,0
2,0,0
2,0,0
2,0,0
2,0,0
2,0,0
2,0,0
2,0,0
2,0,0
2,0,0
2,0,0
2,0,0
2,0,0
2,0,0
2,0,0
2,0,0
2,0,0
2,0,0
2,0,0
2,0,0
2,0,0
2,0,0
2,0,0
2,0,0
2,0,0
2,0,0
2,0,0
2,0,0
2,0,0
2,0,0
2,0,0
2,0,0
2,0,0
2,0,0
2,0,0
2,0,0
2,0,0
2,0,0
2,0,0
2,0,0
2,0,0
2,0,0
2,0,0
2,0,0
2,0,0
2,0,0
2,0,0
2,0,0
2,0,0
2,0,0
2,0,0
2,0,0
2,0,0
2,0,0
2,1,1
2,0,0
2,0,0
2,0,0
2,0,0
2,0,0
2,0,0
2,0,0
2,0,0
2,1,1
2,0,0
2,0,0
2,0,0
2,0,0
2,0,0
2,0,0
2,0,0
2,0,0
2,0,0
2,0,0
2,0,0
2,0,0
2,0,0
2,0,0
2,0,0
2,0,0
2,0,0
2,0,0
2,0,0
2,0,0
2,0,0
2,0,0
2,0,0
2,0,0
2,0,0
2,0,0
2,0,0
2,0,0
2,0,0
2,0,0
2,0,0
2,0,0
Total DB Queries This Round: 853
Total time spent this round in seconds: 37.93918061256409
2,0,0
2,0,0
2,0,0
2,0,0
2,0,0
2,0,0
2,0,0
2,0,0
2,0,0
2,0,0
2,0,0
2,0,0
2,0,0
2,0,0
2,0,0
2,0,0
2,0,0
2,0,0
2,0,0
2,0,0
2,0,0
2,0,0
2,0,0
2,0,0
2,0,0
2,0,0
2,0,0
2,0,0
2,0,0
2,0,0
2,0,0
2,1,1
2,0,0
2,0,0
2,0,0
2,0,0
2,0,0
2,0,0
2,0,0
2,0,0
2,0,0
2,0,0
2,0,0
2,0,0
2,0,0
2,0,0
2,0,0
2,0,0
2,0,0
2,0,0
2,0,0
2,0,0
2,0,0
2,0,0
2,0,0
2,0,0
2,0,0
2,0,0
2,0,0
2,0,0
2,0,0
2,0,0
2,0,0
2,0,0
2,0,0
2,0,0
2,0,0
2,0,0
2,0,0
2,0,0
2,0,0
2,0,0
2,0,0
2,0,0
2,0,0
2,0,0
2,0,0
2,0,0
2,0,0
2,0,0
2,0,0
2,0,0
2,0,0
2,0,0
2,0,0
2,0,0
2,0,0
2,1,1
2,0,0
2,0,0
2,0,0
2,0,0
2,0,0
2,0,0
2,0,0
2,0,0
2,0,0
2,0,0
2,0,0
2,0,0
Total DB Queries This Round: 775
Total time spent this round in seconds: 23.510032176971436
2,0,0
2,0,0
2,0,0
2,0,0
2,0,0
2,0,0
2,0,0
2,0,0
2,0,0
2,0,0
2,0,0
2,0,0
2,0,0
2,0,0
2,0,0
2,0,0
2,0,0
2,0,0
2,0,0
2,0,0
2,0,0
2,0,0
2,0,0
2,0,0
2,0,0
2,0,0
2,0,0
2,0,0
2,0,0
2,0,0
2,0,0
2,0,0
2,0,0
2,0,0
2,0,0
2,0,0
2,0,0
2,0,0
2,0,0
2,0,0
2,0,0
2,0,0
2,0,0
2,0,0
2,0,0
2,0,0
2,0,0
2,0,0
2,1,1
2,0,0
2,0,0
2,0,0
2,0,0
2,0,0
2,0,0
2,0,0
2,0,0
2,0,0
2,0,0
2,0,0
2,0,0
2,0,0
2,0,0
2,0,0
2,0,0
2,0,0
2,1,1
2,0,0
2,0,0
2,0,0
2,0,0
2,0,0
2,0,0
2,0,0
2,0,0
2,0,0
2,0,0
2,0,0
2,0,0
2,0,0
2,0,0
2,0,0
2,0,0
2,0,0
2,0,0
2,0,0
2,0,0
2,0,0
2,0,0
2,0,0
2,0,0
2,0,0
2,0,0
2,0,0
2,0,0
2,0,0
2,0,0
2,0,0
2,0,0
2,0,0
Total DB Queries This Round: 765
Total time spent this round in seconds: 23.201207399368286
2,0,0
2,0,0
2,0,0
2,0,0
2,0,0
2,0,0
2,0,0
2,0,0
2,0,0
2,0,0
2,0,1
2,0,0
2,0,0
2,0,0
2,0,0
2,0,0
2,0,0
2,0,0
2,0,0
2,0,0
2,0,0
2,0,0
2,1,1
2,0,0
2,0,0
2,0,0
2,0,0
2,0,0
2,0,0
2,0,0
2,0,0
2,0,0
2,0,0
2,0,0
2,0,0
2,0,0
2,0,0
2,0,0
2,0,0
2,0,0
2,0,0
2,0,0
2,0,0
2,0,0
2,0,0
2,0,0
2,1,1
2,0,0
2,0,0
2,0,0
2,0,0
2,0,0
2,0,0
2,0,0
2,0,0
2,0,0
2,0,0
2,0,0
2,0,0
2,0,0
2,0,0
2,0,0
2,0,0
2,0,0
2,0,0
2,0,0
2,0,0
2,0,0
2,0,0
2,0,0
2,0,0
2,0,0
2,0,0
2,0,0
2,0,0
2,0,0
2,0,0
2,0,0
2,0,0
2,0,0
2,0,0
2,0,0
2,0,0
2,0,0
2,0,0
2,0,0
2,0,0
2,0,0
2,0,0
2,0,0
2,0,0
2,0,0
2,0,0
2,0,0
2,0,0
2,0,0
2,0,0
2,0,0
2,0,0
2,0,0
Total DB Queries This Round: 808
Total time spent this round in seconds: 24.866422653198242
2,0,0
2,0,0
2,0,0
2,1,1
2,0,0
2,0,0
2,0,0
2,0,0
2,0,0
2,0,0
2,0,0
2,0,0
2,0,0
2,0,0
2,0,0
2,0,0
2,0,0
2,0,0
2,0,0
2,0,0
2,0,0
2,0,0
2,0,0
2,0,0
2,0,0
2,0,0
2,0,0
2,0,0
2,0,0
2,0,0
2,0,0
2,0,0
2,0,0
2,0,0
2,0,0
2,0,0
2,0,0
2,0,0
2,0,0
2,0,0
2,0,0
2,0,1
2,0,0
2,0,0
2,0,0
2,0,0
2,0,0
2,0,0
2,0,0
2,0,0
2,0,0
2,0,0
2,0,0
2,0,0
2,0,0
2,0,0
2,0,0
2,0,0
2,1,1
2,0,0
2,0,0
2,0,0
2,0,0
2,0,0
2,0,0
2,0,0
2,0,0
2,0,0
2,0,0
2,0,0
2,0,0
2,0,0
2,0,0
2,0,0
2,0,0
2,0,0
2,0,0
2,0,0
2,0,0
2,0,0
2,0,0
2,0,0
2,0,0
2,0,0
2,0,0
2,0,0
2,0,0
2,0,0
2,0,0
2,0,0
2,0,0
2,0,0
2,0,0
2,0,0
2,0,0
2,0,0
2,0,1
2,0,0
2,0,0
2,0,0
Total DB Queries This Round: 1084
Total time spent this round in seconds: 33.80461025238037
PERCENT IN TABLE OF 100: 3%
3,0,0
3,0,1
3,0,0
3,0,0
3,0,0
3,0,0
3,0,0
3,0,0
3,0,0
3,0,0
3,0,0
3,0,0
3,0,0
3,0,0
3,0,0
3,0,0
3,0,0
3,0,0
3,0,0
3,0,0
3,0,0
3,0,0
3,0,0
3,0,0
3,0,0
3,0,0
3,0,0
3,0,0
3,0,0
3,0,0
3,0,0
3,0,0
3,0,0
3,0,0
3,0,0
3,0,0
3,0,0
3,0,0
3,0,0
3,0,0
3,0,0
3,0,0
3,0,0
3,0,0
3,0,0
3,0,0
3,0,0
3,0,0
3,0,0
3,0,0
3,0,0
3,0,0
3,1,1
3,0,0
3,0,1
3,0,0
3,0,0
3,0,0
3,0,0
3,0,0
3,0,0
3,0,0
3,0,0
3,0,1
3,0,0
3,0,0
3,0,0
3,0,0
3,0,0
3,0,0
3,0,0
3,0,0
3,1,1
3,0,0
3,0,0
3,0,0
3,0,0
3,0,0
3,0,0
3,1,1
3,0,0
3,0,0
3,0,0
3,0,0
3,0,0
3,0,0
3,0,0
3,0,0
3,0,0
3,0,0
3,0,0
3,0,0
3,0,0
3,0,0
3,0,0
3,0,0
3,0,0
3,0,0
3,0,0
3,0,0
Total DB Queries This Round: 1755
Total time spent this round in seconds: 56.7084481716156
3,0,0
3,0,0
3,0,0
3,0,0
3,0,0
3,0,0
3,0,0
3,0,0
3,0,0
3,0,0
3,0,0
3,0,0
3,0,0
3,0,0
3,0,0
3,1,1
3,0,0
3,0,0
3,0,0
3,0,0
3,0,0
3,0,0
3,0,0
3,0,0
3,0,0
3,0,0
3,0,0
3,0,0
3,0,0
3,0,1
3,0,0
3,0,0
3,0,0
3,0,0
3,0,0
3,0,0
3,0,0
3,0,0
3,0,0
3,0,0
3,0,1
3,0,0
3,0,0
3,0,0
3,0,0
3,0,0
3,0,0
3,0,0
3,0,0
3,0,0
3,0,0
3,0,0
3,0,0
3,0,0
3,0,0
3,0,0
3,0,0
3,0,0
3,0,0
3,0,0
3,0,0
3,0,0
3,0,1
3,0,0
3,0,0
3,0,1
3,0,0
3,0,0
3,0,0
3,0,0
3,0,0
3,0,0
3,0,0
3,0,0
3,0,0
3,0,0
3,0,0
3,0,0
3,0,0
3,0,0
3,0,0
3,0,0
3,0,0
3,0,0
3,0,0
3,0,0
3,0,0
3,0,0
3,0,0
3,0,0
3,0,0
3,0,0
3,0,0
3,1,1
3,0,0
3,0,0
3,0,0
3,1,1
3,0,0
3,0,0
Total DB Queries This Round: 1811
Total time spent this round in seconds: 82.11203455924988
3,0,0
3,0,0
3,0,0
3,0,0
3,0,0
3,0,0
3,0,0
3,0,0
3,0,0
3,0,0
3,0,0
3,0,0
3,0,0
3,0,0
3,0,0
3,0,0
3,0,0
3,0,0
3,0,0
3,0,0
3,0,0
3,0,0
3,0,1
3,1,1
3,0,0
3,0,0
3,0,0
3,0,0
3,0,0
3,0,0
3,0,0
3,0,0
3,0,0
3,0,0
3,0,0
3,0,0
3,0,0
3,0,0
3,0,0
3,0,0
3,0,0
3,0,0
3,0,0
3,1,1
3,0,0
3,0,0
3,0,0
3,0,0
3,0,0
3,0,0
3,0,0
3,0,0
3,0,0
3,0,0
3,0,0
3,0,0
3,0,0
3,0,0
3,0,0
3,0,0
3,0,0
3,0,0
3,0,0
3,0,0
3,0,0
3,0,0
3,0,0
3,0,0
3,0,0
3,0,0
3,0,0
3,0,0
3,0,0
3,0,0
3,0,0
3,0,0
3,0,0
3,0,0
3,0,0
3,0,1
3,0,0
3,0,0
3,0,0
3,0,0
3,0,0
3,0,0
3,0,0
3,0,0
3,0,0
3,0,0
3,0,0
3,0,0
3,0,0
3,0,0
3,1,1
3,0,0
3,0,0
3,0,0
3,0,0
3,0,0
Total DB Queries This Round: 1375
Total time spent this round in seconds: 56.25927805900574
3,0,0
3,0,0
3,0,0
3,0,0
3,0,0
3,0,0
3,0,0
3,1,1
3,0,0
3,0,0
3,0,0
3,0,0
3,0,0
3,0,0
3,0,0
3,0,0
3,0,0
3,0,0
3,0,0
3,0,0
3,0,0
3,0,0
3,0,0
3,0,0
3,0,0
3,0,0
3,0,0
3,0,0
3,1,1
3,0,0
3,0,0
3,0,0
3,0,0
3,0,0
3,0,0
3,0,0
3,0,0
3,0,0
3,0,0
3,0,0
3,0,0
3,1,1
3,0,0
3,0,0
3,0,0
3,0,0
3,0,0
3,0,0
3,0,0
3,0,0
3,0,0
3,0,0
3,0,0
3,0,0
3,0,0
3,0,0
3,0,0
3,0,0
3,0,0
3,0,0
3,0,0
3,0,0
3,0,0
3,0,0
3,0,0
3,0,0
3,0,0
3,0,0
3,0,0
3,0,0
3,0,0
3,0,0
3,0,0
3,0,0
3,0,0
3,0,0
3,0,0
3,0,0
3,0,0
3,0,0
3,0,0
3,0,0
3,0,0
3,0,0
3,0,0
3,0,0
3,0,0
3,0,0
3,0,0
3,0,0
3,0,0
3,0,0
3,0,0
3,0,0
3,0,0
3,0,0
3,0,0
3,0,0
3,0,0
3,0,0
Total DB Queries This Round: 1425
Total time spent this round in seconds: 45.961228370666504
3,0,0
3,0,0
3,0,0
3,0,0
3,0,0
3,0,0
3,0,0
3,0,0
3,0,0
3,0,0
3,0,0
3,0,0
3,0,0
3,0,0
3,0,0
3,0,0
3,0,0
3,0,0
3,0,0
3,0,0
3,0,0
3,0,0
3,0,0
3,0,0
3,0,0
3,0,0
3,0,0
3,0,0
3,0,0
3,0,0
3,0,0
3,0,0
3,0,0
3,0,0
3,0,0
3,0,0
3,0,0
3,0,0
3,0,0
3,0,0
3,0,0
3,1,1
3,0,0
3,0,0
3,0,0
3,0,0
3,0,0
3,0,0
3,0,0
3,0,0
3,0,0
3,0,0
3,0,0
3,0,0
3,0,0
3,0,0
3,0,0
3,0,0
3,0,0
3,0,0
3,0,0
3,0,0
3,0,0
3,0,0
3,0,0
3,1,1
3,0,0
3,0,0
3,0,0
3,0,0
3,0,0
3,0,0
3,0,0
3,0,0
3,0,0
3,0,0
3,0,0
3,0,1
3,0,0
3,0,0
3,0,0
3,0,0
3,0,0
3,1,1
3,0,0
3,0,0
3,0,0
3,0,0
3,0,0
3,0,0
3,0,0
3,0,0
3,0,0
3,0,0
3,0,0
3,0,0
3,0,0
3,0,0
3,0,0
3,0,0
Total DB Queries This Round: 1494
Total time spent this round in seconds: 58.91132926940918
3,0,0
3,0,0
3,0,0
3,0,0
3,0,0
3,0,0
3,0,0
3,0,0
3,0,0
3,0,0
3,0,0
3,0,0
3,0,0
3,0,0
3,0,0
3,0,0
3,0,0
3,0,0
3,0,0
3,0,0
3,0,0
3,0,0
3,0,0
3,0,0
3,0,0
3,0,0
3,0,0
3,0,0
3,0,0
3,0,0
3,0,0
3,0,0
3,0,0
3,0,0
3,1,1
3,0,0
3,0,0
3,0,0
3,0,1
3,0,0
3,0,0
3,0,0
3,0,0
3,0,0
3,0,0
3,0,0
3,0,0
3,0,0
3,0,0
3,0,0
3,0,0
3,0,0
3,0,0
3,0,0
3,0,0
3,0,0
3,0,0
3,0,0
3,0,0
3,0,0
3,0,0
3,0,0
3,0,0
3,0,0
3,0,0
3,0,0
3,0,0
3,0,0
3,0,0
3,0,0
3,1,1
3,0,0
3,0,0
3,1,1
3,0,0
3,0,0
3,0,0
3,0,0
3,0,0
3,0,1
3,0,0
3,0,0
3,0,0
3,0,0
3,0,0
3,0,0
3,0,0
3,0,0
3,0,0
3,0,0
3,0,0
3,0,0
3,0,0
3,0,0
3,0,0
3,0,0
3,0,0
3,0,0
3,0,0
3,0,0
Total DB Queries This Round: 1794
Total time spent this round in seconds: 69.94938540458679
3,0,0
3,0,0
3,0,0
3,0,0
3,0,0
3,0,0
3,0,0
3,0,0
3,0,0
3,0,0
3,0,0
3,0,0
3,0,0
3,0,0
3,0,0
3,0,0
3,0,0
3,0,0
3,0,0
3,0,0
3,0,0
3,0,0
3,0,0
3,0,0
3,0,0
3,0,0
3,0,0
3,0,0
3,0,0
3,0,0
3,0,0
3,0,0
3,0,0
3,0,0
3,1,1
3,0,0
3,0,0
3,0,0
3,0,0
3,0,0
3,0,0
3,0,0
3,0,0
3,0,0
3,0,0
3,0,0
3,0,0
3,0,0
3,0,0
3,0,0
3,0,0
3,0,0
3,0,0
3,0,0
3,0,0
3,0,0
3,0,0
3,0,0
3,0,0
3,0,0
3,0,0
3,0,0
3,0,0
3,0,0
3,0,0
3,0,0
3,0,0
3,0,0
3,0,0
3,0,0
3,0,0
3,0,0
3,0,0
3,0,0
3,0,0
3,0,0
3,0,0
3,0,0
3,1,1
3,0,0
3,0,0
3,0,0
3,0,0
3,0,0
3,0,0
3,1,0
3,0,0
3,0,0
3,0,0
3,0,0
3,0,0
3,0,0
3,0,0
3,0,0
3,0,0
3,0,0
3,0,0
3,0,0
3,0,0
3,0,0
Total DB Queries This Round: 1377
Total time spent this round in seconds: 67.76038956642151
3,0,0
3,0,0
3,0,0
3,0,0
3,0,0
3,0,0
3,0,0
3,0,0
3,0,0
3,0,0
3,0,0
3,0,0
3,0,1
3,0,0
3,0,0
3,0,0
3,0,0
3,0,0
3,0,0
3,0,0
3,0,0
3,0,0
3,0,0
3,0,0
3,0,0
3,0,0
3,0,0
3,0,0
3,0,0
3,0,0
3,0,0
3,0,0
3,0,0
3,0,0
3,0,0
3,0,0
3,0,0
3,1,1
3,0,0
3,0,0
3,0,0
3,0,0
3,0,0
3,0,0
3,0,0
3,0,0
3,0,0
3,0,0
3,0,0
3,0,0
3,0,0
3,0,0
3,0,0
3,0,0
3,0,0
3,0,0
3,0,0
3,0,0
3,0,0
3,0,0
3,0,0
3,0,0
3,0,0
3,0,0
3,0,0
3,0,0
3,0,0
3,0,0
3,0,0
3,0,0
3,0,1
3,0,0
3,0,0
3,0,0
3,0,0
3,0,0
3,0,0
3,0,0
3,0,0
3,0,0
3,0,0
3,0,0
3,0,0
3,0,0
3,0,0
3,1,1
3,0,0
3,0,0
3,0,0
3,0,0
3,0,0
3,0,0
3,0,0
3,0,0
3,1,1
3,0,0
3,0,1
3,0,0
3,0,0
3,0,0
Total DB Queries This Round: 1851
Total time spent this round in seconds: 175.68686890602112
3,0,0
3,0,0
3,0,0
3,0,0
3,0,0
3,1,1
3,0,0
3,0,0
3,0,0
3,0,0
3,0,0
3,0,0
3,0,0
3,0,0
3,0,0
3,0,0
3,0,0
3,0,0
3,0,0
3,0,0
3,0,0
3,0,0
3,0,0
3,0,0
3,0,0
3,1,1
3,0,0
3,0,0
3,0,0
3,0,0
3,0,0
3,0,0
3,0,0
3,0,0
3,0,0
3,0,0
3,0,0
3,0,0
3,0,0
3,0,0
3,0,0
3,0,0
3,0,0
3,0,0
3,0,0
3,0,0
3,0,0
3,0,0
3,0,0
3,0,0
3,0,0
3,0,0
3,0,0
3,0,0
3,0,0
3,0,0
3,0,0
3,0,0
3,0,0
3,0,0
3,0,0
3,0,0
3,0,0
3,0,0
3,0,0
3,0,0
3,0,0
3,0,0
3,0,0
3,0,0
3,0,0
3,0,0
3,0,0
3,0,0
3,1,1
3,0,0
3,0,0
3,0,0
3,0,0
3,0,0
3,0,0
3,0,0
3,0,0
3,0,0
3,0,0
3,0,0
3,0,0
3,0,0
3,0,0
3,0,0
3,0,1
3,0,0
3,0,0
3,0,0
3,0,0
3,0,0
3,0,0
3,0,0
3,0,0
3,0,0
Total DB Queries This Round: 1373
Total time spent this round in seconds: 82.15537142753601
3,0,0
3,0,0
3,0,0
3,0,0
3,0,0
3,0,0
3,0,0
3,0,0
3,0,0
3,0,0
3,0,0
3,0,0
3,0,0
3,0,0
3,0,0
3,0,0
3,0,0
3,0,0
3,0,0
3,0,0
3,1,1
3,0,1
3,0,0
3,0,0
3,0,0
3,0,0
3,0,0
3,0,0
3,0,0
3,0,0
3,0,0
3,0,0
3,0,0
3,0,0
3,0,0
3,0,0
3,0,0
3,0,0
3,0,0
3,0,1
3,0,0
3,0,0
3,0,0
3,0,0
3,0,0
3,0,0
3,0,0
3,0,0
3,0,0
3,0,0
3,0,0
3,0,0
3,0,1
3,0,0
3,0,0
3,0,0
3,0,0
3,0,0
3,0,0
3,0,0
3,0,0
3,0,1
3,0,0
3,0,0
3,0,0
3,0,0
3,0,0
3,0,0
3,0,0
3,1,1
3,0,0
3,0,0
3,0,0
3,0,0
3,0,0
3,0,0
3,0,0
3,0,0
3,0,0
3,0,0
3,0,0
3,0,0
3,0,0
3,0,0
3,0,0
3,0,0
3,0,0
3,0,0
3,0,0
3,0,0
3,0,0
3,1,1
3,0,0
3,0,0
3,0,0
3,0,0
3,0,0
3,0,0
3,0,0
3,0,0
Total DB Queries This Round: 1309
Total time spent this round in seconds: 118.75704598426819
PERCENT IN TABLE OF 100: 4%
4,0,0
4,0,0
4,0,0
4,0,0
4,0,0
4,0,0
4,1,1
4,0,0
4,0,0
4,0,0
4,0,0
4,0,0
4,0,0
4,0,0
4,0,0
4,0,0
4,0,0
4,0,0
4,0,0
4,0,0
4,0,0
4,0,0
4,0,0
4,0,0
4,0,0
4,0,0
4,0,0
4,0,0
4,0,0
4,0,0
4,0,0
4,0,0
4,0,0
4,0,0
4,0,0
4,0,0
4,0,0
4,0,0
4,0,0
4,0,0
4,0,0
4,0,0
4,0,0
4,0,0
4,0,0
4,0,0
4,1,1
4,0,0
4,0,0
4,0,0
4,0,0
4,0,0
4,0,0
4,0,0
4,0,0
4,0,0
4,1,1
4,0,0
4,0,0
4,0,0
4,0,0
4,0,0
4,0,0
4,0,0
4,0,0
4,0,0
4,0,0
4,0,0
4,0,0
4,0,0
4,0,0
4,0,0
4,0,0
4,0,0
4,0,0
4,0,0
4,0,0
4,0,0
4,0,0
4,0,0
4,0,0
4,0,0
4,0,0
4,0,0
4,0,0
4,1,1
4,0,0
4,0,0
4,0,0
4,0,0
4,0,0
4,0,0
4,0,0
4,0,0
4,0,0
4,0,0
4,0,0
4,0,0
4,0,0
4,0,0
Total DB Queries This Round: 2538
Total time spent this round in seconds: 73.9949038028717
4,0,0
4,0,0
4,0,0
4,0,0
4,0,0
4,0,0
4,0,0
4,0,0
4,0,0
4,0,0
4,0,0
4,0,0
4,0,0
4,0,0
4,0,0
4,0,0
4,1,0
4,0,0
4,0,0
4,0,0
4,0,0
4,0,0
4,0,0
4,0,0
4,0,0
4,0,0
4,0,0
4,0,0
4,0,0
4,0,0
4,0,0
4,0,0
4,0,0
4,0,0
4,0,0
4,0,0
4,0,0
4,0,0
4,0,0
4,0,0
4,0,0
4,0,0
4,0,0
4,0,0
4,0,0
4,0,0
4,0,0
4,0,0
4,0,0
4,0,0
4,0,0
4,0,0
4,1,1
4,0,0
4,0,0
4,0,0
4,0,0
4,0,0
4,0,0
4,0,0
4,0,0
4,0,0
4,0,0
4,0,0
4,0,0
4,0,0
4,0,0
4,0,0
4,0,0
4,0,0
4,0,0
4,1,1
4,0,0
4,0,0
4,0,0
4,0,0
4,0,0
4,0,0
4,0,0
4,0,0
4,0,0
4,0,0
4,0,0
4,0,0
4,0,0
4,0,0
4,0,0
4,0,0
4,0,0
4,0,0
4,0,0
4,0,0
4,1,1
4,0,0
4,0,0
4,0,0
4,0,0
4,0,0
4,0,0
4,0,0
Total DB Queries This Round: 1528
Total time spent this round in seconds: 64.95492243766785
4,0,0
4,0,0
4,0,0
4,0,0
4,0,0
4,0,0
4,0,0
4,0,0
4,0,0
4,0,0
4,0,0
4,0,0
4,0,0
4,0,0
4,0,0
4,0,0
4,0,0
4,1,1
4,0,0
4,0,0
4,0,0
4,0,0
4,0,0
4,0,0
4,0,0
4,0,0
4,0,0
4,0,0
4,0,0
4,0,0
4,0,0
4,0,0
4,0,0
4,1,1
4,0,0
4,0,0
4,0,0
4,0,0
4,0,0
4,0,0
4,0,0
4,0,0
4,0,0
4,0,0
4,0,0
4,0,0
4,0,0
4,0,0
4,0,0
4,0,0
4,0,0
4,0,0
4,0,0
4,0,0
4,0,0
4,0,0
4,0,0
4,0,0
4,0,0
4,0,0
4,0,0
4,0,0
4,0,0
4,0,0
4,0,0
4,0,0
4,0,0
4,0,0
4,0,0
4,1,1
4,0,0
4,0,0
4,0,0
4,0,0
4,0,0
4,0,0
4,0,0
4,0,0
4,0,0
4,0,0
4,0,0
4,0,0
4,1,1
4,0,0
4,0,0
4,0,0
4,0,0
4,0,0
4,0,0
4,0,0
4,0,0
4,0,0
4,0,0
4,0,0
4,0,0
4,0,1
4,0,0
4,0,0
4,0,0
4,0,0
Total DB Queries This Round: 2001
Total time spent this round in seconds: 62.20074224472046
4,0,1
4,0,1
4,0,1
4,0,1
4,0,1
4,0,1
4,0,1
4,0,1
4,0,1
4,0,1
4,0,1
4,0,1
4,0,1
4,0,1
4,0,1
4,0,1
4,0,1
4,0,1
4,0,1
4,0,1
4,0,1
4,0,1
4,0,1
4,0,1
4,0,1
4,0,1
4,0,1
4,0,1
4,0,1
4,0,1
4,0,1
4,0,1
4,0,1
4,0,1
4,0,1
4,0,1
4,0,1
4,0,1
4,0,1
4,0,1
4,0,1
4,0,1
4,0,1
4,0,1
4,0,1
4,0,1
4,0,1
4,0,1
4,0,1
4,0,1
4,1,1
4,0,1
4,0,1
4,0,1
4,0,1
4,1,1
4,0,1
4,0,1
4,0,1
4,0,1
4,0,1
4,0,1
4,0,1
4,0,1
4,0,1
4,0,1
4,0,1
4,0,1
4,0,1
4,0,1
4,1,1
4,0,1
4,0,1
4,0,1
4,0,1
4,0,1
4,0,1
4,0,1
4,0,1
4,0,1
4,1,1
4,0,1
4,0,1
4,0,1
4,0,1
4,0,1
4,0,1
4,0,1
4,0,1
4,0,1
4,0,1
4,0,1
4,0,1
4,0,1
4,0,1
4,0,1
4,0,1
4,0,1
4,0,1
4,0,1
Total DB Queries This Round: 9535
Total time spent this round in seconds: 382.72935032844543
4,0,0
4,0,0
4,0,0
4,0,0
4,0,0
4,0,0
4,0,0
4,0,0
4,0,0
4,0,0
4,0,0
4,0,0
4,0,0
4,0,0
4,0,0
4,0,0
4,0,0
4,0,0
4,0,0
4,0,0
4,0,0
4,1,1
4,0,0
4,0,0
4,0,0
4,0,0
4,1,1
4,0,0
4,0,0
4,0,0
4,0,0
4,0,0
4,0,0
4,0,0
4,0,0
4,0,0
4,0,0
4,0,0
4,0,0
4,0,0
4,0,0
4,0,0
4,0,0
4,0,0
4,0,0
4,0,0
4,0,0
4,1,0
4,0,0
4,0,0
4,0,0
4,0,0
4,0,0
4,0,0
4,0,0
4,0,0
4,0,0
4,0,0
4,0,0
4,0,0
4,0,0
4,0,0
4,0,0
4,0,0
4,0,0
4,0,0
4,0,0
4,0,0
4,0,0
4,0,0
4,0,0
4,0,0
4,0,0
4,0,0
4,0,0
4,0,0
4,0,0
4,0,0
4,0,0
4,0,0
4,0,0
4,0,0
4,0,0
4,0,0
4,0,0
4,0,0
4,0,0
4,0,0
4,0,0
4,0,0
4,0,0
4,0,0
4,0,0
4,0,0
4,0,0
4,0,0
4,0,0
4,0,0
4,0,0
4,1,1
Total DB Queries This Round: 1659
Total time spent this round in seconds: 66.9376916885376
4,0,0
4,0,0
4,0,0
4,0,0
4,0,0
4,0,0
4,0,0
4,0,0
4,0,0
4,0,0
4,0,0
4,0,0
4,0,0
4,0,0
4,0,0
4,0,0
4,0,0
4,0,0
4,0,0
4,0,0
4,0,0
4,0,0
4,0,0
4,0,0
4,0,0
4,0,0
4,0,0
4,0,0
4,0,0
4,0,0
4,0,0
4,0,0
4,0,0
4,0,0
4,0,0
4,0,0
4,0,0
4,1,1
4,0,0
4,0,0
4,0,0
4,0,0
4,0,0
4,0,0
4,0,0
4,0,0
4,0,0
4,0,0
4,0,0
4,0,0
4,0,0
4,0,0
4,0,0
4,0,0
4,0,0
4,0,0
4,0,0
4,0,0
4,0,0
4,1,1
4,0,0
4,0,0
4,0,0
4,0,0
4,0,0
4,0,0
4,0,0
4,0,0
4,0,0
4,0,0
4,1,1
4,0,0
4,0,0
4,0,0
4,0,0
4,0,0
4,0,0
4,0,0
4,0,0
4,0,0
4,0,0
4,0,0
4,0,0
4,0,0
4,0,0
4,0,0
4,0,0
4,0,0
4,1,1
4,0,0
4,0,0
4,0,0
4,0,0
4,0,0
4,0,0
4,0,0
4,0,0
4,0,0
4,0,0
4,0,0
Total DB Queries This Round: 2114
Total time spent this round in seconds: 91.05097579956055
4,0,0
4,0,0
4,0,0
4,0,0
4,0,0
4,0,0
4,0,0
4,0,0
4,0,0
4,0,0
4,0,0
4,0,0
4,0,0
4,0,0
4,0,0
4,0,0
4,0,0
4,0,0
4,0,1
4,0,0
4,0,0
4,0,0
4,0,0
4,0,0
4,0,0
4,0,0
4,1,1
4,0,0
4,0,0
4,0,0
4,0,0
4,0,0
4,0,0
4,0,0
4,0,0
4,0,0
4,0,0
4,0,0
4,0,0
4,1,1
4,0,0
4,0,0
4,0,0
4,0,0
4,0,0
4,0,0
4,1,1
4,0,0
4,0,0
4,0,0
4,0,0
4,0,0
4,0,0
4,0,0
4,0,0
4,0,0
4,0,0
4,0,0
4,0,0
4,0,0
4,0,0
4,0,0
4,0,0
4,0,0
4,0,0
4,0,0
4,0,0
4,0,0
4,0,0
4,0,0
4,0,0
4,0,0
4,0,0
4,0,0
4,0,0
4,0,0
4,0,0
4,0,0
4,0,0
4,0,0
4,1,1
4,0,0
4,0,0
4,0,0
4,0,0
4,0,0
4,0,0
4,0,0
4,0,0
4,0,0
4,0,0
4,0,0
4,0,0
4,0,0
4,0,0
4,0,0
4,0,0
4,0,0
4,0,0
4,0,0
Total DB Queries This Round: 1694
Total time spent this round in seconds: 61.29269742965698
4,0,0
4,0,0
4,0,0
4,0,0
4,0,0
4,0,0
4,0,0
4,0,0
4,0,0
4,0,0
4,0,0
4,0,0
4,0,0
4,0,0
4,0,0
4,0,0
4,0,0
4,0,0
4,0,0
4,0,0
4,0,0
4,0,0
4,0,0
4,0,0
4,0,0
4,0,0
4,0,0
4,0,0
4,0,0
4,0,0
4,0,0
4,0,0
4,0,0
4,0,0
4,0,0
4,0,0
4,0,0
4,0,0
4,1,0
4,0,0
4,0,0
4,0,0
4,0,0
4,0,0
4,0,0
4,0,0
4,0,0
4,0,0
4,1,1
4,0,0
4,0,0
4,0,0
4,0,0
4,0,0
4,0,0
4,0,0
4,0,0
4,0,0
4,0,0
4,0,0
4,0,0
4,0,0
4,0,0
4,0,0
4,0,0
4,0,0
4,1,1
4,0,0
4,0,0
4,0,0
4,0,1
4,0,0
4,0,0
4,0,0
4,0,0
4,0,0
4,1,0
4,0,0
4,0,0
4,0,0
4,0,0
4,0,0
4,0,0
4,0,0
4,0,0
4,0,0
4,0,0
4,0,0
4,0,0
4,0,0
4,0,0
4,0,0
4,0,0
4,0,0
4,0,0
4,0,0
4,0,0
4,0,0
4,0,0
4,0,0
Total DB Queries This Round: 1996
Total time spent this round in seconds: 71.06130766868591
4,0,0
4,1,1
4,0,0
4,0,0
4,0,0
4,0,0
4,0,0
4,0,0
4,0,0
4,0,1
4,0,0
4,0,0
4,0,0
4,0,0
4,0,0
4,0,0
4,0,0
4,0,0
4,0,0
4,0,0
4,0,0
4,0,0
4,0,0
4,0,0
4,0,0
4,0,0
4,0,0
4,0,0
4,0,0
4,0,0
4,0,0
4,0,0
4,0,0
4,0,0
4,0,0
4,0,0
4,0,0
4,0,0
4,0,0
4,0,0
4,0,0
4,0,0
4,0,0
4,0,0
4,0,0
4,0,0
4,0,0
4,0,0
4,0,0
4,0,0
4,0,1
4,0,0
4,0,0
4,0,0
4,0,0
4,0,0
4,1,1
4,0,0
4,0,1
4,0,0
4,0,0
4,0,0
4,0,0
4,0,0
4,1,1
4,0,1
4,0,0
4,0,0
4,0,0
4,0,0
4,0,0
4,0,0
4,0,0
4,0,0
4,0,1
4,0,0
4,0,0
4,0,1
4,0,0
4,0,0
4,0,0
4,0,0
4,0,0
4,0,0
4,0,0
4,0,0
4,0,0
4,0,0
4,0,0
4,0,0
4,0,0
4,0,0
4,0,0
4,0,0
4,1,1
4,0,0
4,0,0
4,0,0
4,0,0
4,0,0
Total DB Queries This Round: 2097
Total time spent this round in seconds: 117.4407639503479
4,0,0
4,0,0
4,0,0
4,0,0
4,0,0
4,0,0
4,0,0
4,0,0
4,0,0
4,0,0
4,0,0
4,0,0
4,0,0
4,0,0
4,0,0
4,0,0
4,0,0
4,0,0
4,0,0
4,0,0
4,1,1
4,0,0
4,0,0
4,0,0
4,0,0
4,0,0
4,0,0
4,1,1
4,0,0
4,0,0
4,0,0
4,0,0
4,0,0
4,0,0
4,0,0
4,0,0
4,0,0
4,0,0
4,0,0
4,0,0
4,0,0
4,0,0
4,0,0
4,0,0
4,0,0
4,0,0
4,0,0
4,0,0
4,0,0
4,0,0
4,0,0
4,0,0
4,0,0
4,0,0
4,0,0
4,0,0
4,0,0
4,0,0
4,0,0
4,0,0
4,0,0
4,0,0
4,0,0
4,0,0
4,0,0
4,0,0
4,0,0
4,0,0
4,1,1
4,0,0
4,0,0
4,0,0
4,0,0
4,0,0
4,0,0
4,1,1
4,0,0
4,0,0
4,0,0
4,0,0
4,0,0
4,0,0
4,0,0
4,0,0
4,0,1
4,0,0
4,0,0
4,0,0
4,0,0
4,0,0
4,0,0
4,0,0
4,0,0
4,0,0
4,0,0
4,0,0
4,0,0
4,0,0
4,0,0
4,0,0
Total DB Queries This Round: 1758
Total time spent this round in seconds: 78.95110774040222
PERCENT IN TABLE OF 100: 5%
5,0,0
5,0,0
5,1,1
5,0,1
5,0,0
5,0,0
5,0,0
5,0,0
5,0,0
5,0,0
5,0,0
5,0,0
5,0,0
5,0,0
5,0,0
5,0,0
5,0,0
5,0,0
5,0,0
5,0,0
5,0,0
5,0,0
5,0,0
5,0,0
5,0,0
5,0,0
5,0,0
5,0,0
5,0,1
5,0,0
5,0,0
5,0,0
5,0,0
5,0,0
5,0,0
5,0,0
5,0,0
5,0,0
5,0,0
5,0,0
5,0,0
5,0,0
5,0,0
5,0,0
5,0,0
5,0,0
5,0,0
5,0,0
5,0,0
5,0,0
5,0,0
5,0,1
5,0,0
5,0,0
5,0,0
5,0,0
5,0,0
5,1,1
5,0,0
5,0,0
5,0,0
5,0,0
5,0,0
5,0,0
5,0,0
5,0,0
5,0,0
5,1,0
5,0,0
5,0,0
5,0,0
5,0,0
5,0,0
5,0,0
5,0,0
5,0,0
5,0,0
5,0,0
5,0,0
5,0,0
5,0,0
5,0,0
5,0,0
5,0,0
5,0,0
5,0,0
5,0,0
5,0,0
5,1,1
5,0,0
5,1,1
5,0,0
5,0,0
5,0,0
5,0,0
5,0,0
5,0,0
5,0,0
5,0,0
5,0,0
Total DB Queries This Round: 1120
Total time spent this round in seconds: 42.8871009349823
5,0,0
5,0,0
5,0,0
5,0,0
5,0,0
5,0,0
5,0,0
5,0,0
5,0,0
5,0,0
5,0,0
5,0,0
5,0,0
5,0,0
5,0,0
5,0,0
5,0,0
5,0,0
5,0,0
5,0,0
5,0,0
5,1,1
5,1,1
5,0,0
5,0,0
5,0,0
5,0,0
5,0,0
5,0,0
5,0,0
5,0,0
5,0,0
5,0,0
5,1,1
5,0,0
5,0,0
5,0,0
5,0,0
5,0,0
5,0,0
5,0,0
5,0,0
5,0,0
5,0,0
5,0,0
5,0,0
5,0,0
5,0,0
5,0,0
5,0,0
5,0,0
5,0,0
5,0,0
5,0,0
5,0,0
5,0,0
5,0,0
5,0,0
5,0,0
5,0,0
5,0,0
5,0,0
5,0,0
5,0,0
5,0,0
5,0,0
5,0,0
5,0,0
5,0,0
5,0,0
5,0,0
5,0,1
5,0,0
5,0,0
5,0,0
5,0,0
5,0,1
5,1,1
5,0,0
5,0,0
5,0,0
5,0,0
5,0,0
5,0,0
5,0,0
5,0,0
5,0,0
5,0,0
5,0,0
5,0,0
5,0,0
5,0,0
5,0,0
5,0,0
5,1,1
5,0,0
5,0,0
5,0,0
5,0,0
5,0,0
Total DB Queries This Round: 1116
Total time spent this round in seconds: 40.109434604644775
5,0,0
5,0,0
5,0,0
5,0,0
5,0,0
5,0,0
5,0,0
5,0,0
5,0,0
5,0,0
5,0,0
5,0,0
5,0,0
5,0,0
5,0,0
5,0,0
5,0,0
5,0,0
5,0,0
5,0,0
5,0,0
5,1,1
5,0,0
5,0,0
5,0,0
5,0,0
5,0,0
5,0,0
5,0,0
5,0,0
5,0,0
5,0,0
5,0,0
5,0,0
5,0,0
5,0,0
5,0,0
5,0,0
5,0,0
5,0,0
5,0,0
5,0,0
5,0,0
5,0,0
5,0,0
5,0,0
5,0,0
5,0,0
5,1,1
5,0,0
5,1,1
5,0,0
5,0,0
5,0,0
5,0,0
5,0,0
5,0,0
5,0,0
5,0,1
5,0,1
5,0,0
5,0,0
5,0,0
5,0,0
5,0,0
5,0,0
5,0,0
5,0,0
5,0,0
5,0,0
5,1,1
5,0,0
5,0,0
5,0,0
5,0,0
5,0,0
5,1,1
5,0,0
5,0,0
5,0,0
5,0,0
5,0,0
5,0,0
5,0,0
5,0,0
5,0,0
5,0,0
5,0,0
5,0,0
5,0,0
5,0,0
5,0,0
5,0,0
5,0,0
5,0,0
5,0,0
5,0,0
5,0,0
5,0,0
5,0,0
Total DB Queries This Round: 1081
Total time spent this round in seconds: 35.60014057159424
5,0,0
5,0,1
5,0,0
5,0,0
5,0,0
5,0,0
5,0,0
5,0,0
5,0,0
5,0,0
5,0,0
5,0,0
5,0,0
5,0,0
5,0,0
5,0,0
5,0,0
5,0,0
5,0,0
5,0,0
5,0,0
5,0,0
5,0,0
5,0,0
5,0,0
5,0,0
5,0,0
5,0,0
5,0,0
5,0,0
5,0,0
5,0,0
5,0,0
5,0,0
5,0,0
5,0,0
5,0,0
5,0,0
5,0,0
5,0,0
5,1,1
5,0,0
5,0,0
5,1,1
5,0,0
5,0,0
5,0,0
5,0,0
5,0,0
5,0,1
5,1,1
5,0,0
5,0,0
5,0,0
5,0,0
5,0,0
5,0,0
5,0,0
5,0,0
5,0,0
5,0,0
5,0,0
5,0,0
5,0,0
5,0,0
5,0,0
5,0,0
5,0,0
5,0,0
5,0,0
5,0,0
5,0,0
5,0,0
5,0,0
5,0,0
5,0,0
5,0,0
5,0,0
5,0,0
5,0,0
5,0,0
5,0,0
5,0,0
5,0,0
5,0,0
5,0,0
5,0,0
5,0,0
5,0,0
5,1,0
5,0,0
5,0,0
5,0,0
5,0,0
5,1,1
5,0,0
5,0,0
5,0,0
5,0,0
5,0,0
Total DB Queries This Round: 1084
Total time spent this round in seconds: 37.260836601257324
5,0,0
5,0,0
5,0,0
5,0,0
5,0,0
5,0,0
5,0,0
5,0,0
5,0,0
5,0,0
5,0,0
5,0,0
5,0,0
5,0,0
5,1,1
5,0,0
5,0,0
5,0,0
5,0,0
5,0,0
5,0,0
5,0,0
5,0,0
5,0,0
5,0,0
5,0,0
5,0,0
5,0,0
5,0,0
5,0,0
5,0,0
5,0,0
5,0,0
5,0,0
5,0,0
5,0,0
5,0,0
5,0,0
5,0,0
5,0,0
5,0,0
5,0,0
5,0,0
5,0,0
5,0,0
5,0,0
5,1,0
5,0,0
5,0,0
5,0,0
5,0,0
5,0,0
5,1,1
5,0,0
5,0,0
5,0,0
5,0,1
5,1,1
5,0,0
5,0,0
5,0,0
5,0,0
5,0,0
5,0,0
5,0,0
5,0,0
5,0,0
5,0,0
5,0,0
5,0,0
5,0,0
5,0,0
5,0,0
5,0,0
5,0,0
5,0,0
5,0,0
5,0,0
5,0,0
5,0,0
5,0,0
5,0,0
5,1,1
5,0,0
5,0,0
5,0,0
5,0,0
5,0,0
5,0,0
5,0,0
5,0,0
5,0,0
5,0,0
5,0,0
5,0,0
5,0,0
5,0,0
5,0,0
5,0,0
5,0,0
Total DB Queries This Round: 988
Total time spent this round in seconds: 35.94783091545105
5,0,0
5,0,0
5,0,0
5,1,0
5,0,0
5,0,0
5,0,0
5,0,0
5,0,0
5,0,0
5,0,0
5,1,1
5,0,0
5,0,0
5,0,0
5,0,0
5,0,0
5,0,0
5,0,0
5,0,0
5,0,0
5,0,0
5,0,0
5,0,0
5,0,0
5,0,0
5,0,0
5,1,0
5,0,0
5,0,0
5,1,1
5,0,1
5,0,0
5,0,0
5,0,0
5,0,0
5,0,0
5,0,0
5,0,0
5,1,1
5,0,0
5,0,0
5,0,0
5,0,0
5,0,0
5,0,0
5,0,0
5,0,0
5,0,0
5,0,0
5,0,0
5,0,0
5,0,0
5,0,0
5,0,0
5,0,0
5,0,0
5,0,0
5,0,0
5,0,0
5,0,0
5,0,0
5,0,0
5,0,0
5,0,0
5,0,0
5,0,0
5,0,0
5,0,0
5,0,0
5,0,0
5,0,0
5,0,0
5,0,0
5,0,0
5,0,0
5,0,0
5,0,0
5,0,0
5,0,0
5,0,0
5,0,0
5,0,0
5,0,0
5,0,0
5,0,0
5,0,0
5,0,0
5,0,0
5,0,0
5,0,0
5,0,0
5,0,0
5,0,0
5,0,0
5,0,0
5,0,0
5,0,0
5,0,0
5,0,0
Total DB Queries This Round: 948
Total time spent this round in seconds: 32.6146924495697
5,0,0
5,1,1
5,0,0
5,0,0
5,0,0
5,0,0
5,0,0
5,0,0
5,0,0
5,0,0
5,0,0
5,0,0
5,0,0
5,0,0
5,0,0
5,0,0
5,1,1
5,0,0
5,0,0
5,0,0
5,0,0
5,0,0
5,0,0
5,0,0
5,0,0
5,0,0
5,0,0
5,0,0
5,0,0
5,0,0
5,0,0
5,0,0
5,0,0
5,0,0
5,0,0
5,0,0
5,0,0
5,0,0
5,0,0
5,0,0
5,0,0
5,0,0
5,0,0
5,0,0
5,0,0
5,0,0
5,0,0
5,0,0
5,0,0
5,0,0
5,0,0
5,0,0
5,0,0
5,0,0
5,0,0
5,0,1
5,0,1
5,0,0
5,0,0
5,0,0
5,0,0
5,0,0
5,0,0
5,0,0
5,0,0
5,0,0
5,0,0
5,0,0
5,0,0
5,0,0
5,0,0
5,0,0
5,0,0
5,0,0
5,0,0
5,0,0
5,0,0
5,0,0
5,0,0
5,0,0
5,0,0
5,0,0
5,0,0
5,0,0
5,0,0
5,1,1
5,0,0
5,0,0
5,0,0
5,0,0
5,0,0
5,0,0
5,0,0
5,0,0
5,0,0
5,0,0
5,0,0
5,1,0
5,0,0
5,1,1
Total DB Queries This Round: 1224
Total time spent this round in seconds: 40.20067572593689
5,0,0
5,0,0
5,0,0
5,0,0
5,0,0
5,0,0
5,0,0
5,0,0
5,1,1
5,0,0
5,0,0
5,0,0
5,0,0
5,0,0
5,1,1
5,0,0
5,0,0
5,0,0
5,0,0
5,0,0
5,0,0
5,0,0
5,0,0
5,0,0
5,0,1
5,1,1
5,0,0
5,0,0
5,0,0
5,0,0
5,0,0
5,0,0
5,0,0
5,0,0
5,1,1
5,0,0
5,0,0
5,0,0
5,0,0
5,0,0
5,0,0
5,0,0
5,0,0
5,0,0
5,0,0
5,0,0
5,0,0
5,0,0
5,0,0
5,0,0
5,0,0
5,0,0
5,0,0
5,0,0
5,1,1
5,0,0
5,0,0
5,0,0
5,0,0
5,0,0
5,0,0
5,0,0
5,0,0
5,0,1
5,0,0
5,0,0
5,0,0
5,0,0
5,0,0
5,0,0
5,0,0
5,0,0
5,0,0
5,0,1
5,0,0
5,0,0
5,0,0
5,0,0
5,0,0
5,0,0
5,0,0
5,0,0
5,0,0
5,0,0
5,0,0
5,0,0
5,0,0
5,0,0
5,0,0
5,0,0
5,0,0
5,0,0
5,0,0
5,0,0
5,0,0
5,0,0
5,0,0
5,0,0
5,0,0
5,0,0
Total DB Queries This Round: 1565
Total time spent this round in seconds: 50.69413137435913
5,0,0
5,0,0
5,0,0
5,0,0
5,0,0
5,0,0
5,0,0
5,0,0
5,0,0
5,0,0
5,0,1
5,0,0
5,0,0
5,1,1
5,0,0
5,1,1
5,0,0
5,0,0
5,0,0
5,0,0
5,0,0
5,1,0
5,0,0
5,0,0
5,0,0
5,0,0
5,0,0
5,0,0
5,0,0
5,0,0
5,0,0
5,0,0
5,0,0
5,0,0
5,0,0
5,0,0
5,0,0
5,0,0
5,0,0
5,0,1
5,0,0
5,0,0
5,0,0
5,0,0
5,0,0
5,0,0
5,0,0
5,0,0
5,0,0
5,1,1
5,0,0
5,0,0
5,0,0
5,0,1
5,0,0
5,0,0
5,0,0
5,0,0
5,0,0
5,0,0
5,0,0
5,0,0
5,0,0
5,0,0
5,0,0
5,0,0
5,0,0
5,0,0
5,0,0
5,0,0
5,0,0
5,0,0
5,0,0
5,0,0
5,0,0
5,1,1
5,0,1
5,0,0
5,0,0
5,0,0
5,0,0
5,0,0
5,0,0
5,0,0
5,0,0
5,0,0
5,0,0
5,0,0
5,0,0
5,0,0
5,0,0
5,0,0
5,0,0
5,0,0
5,0,0
5,0,0
5,0,0
5,0,0
5,0,0
5,0,0
Total DB Queries This Round: 1217
Total time spent this round in seconds: 40.937899112701416
5,0,0
5,0,0
5,0,0
5,0,1
5,0,0
5,0,0
5,0,0
5,0,0
5,0,0
5,0,0
5,0,0
5,0,0
5,0,0
5,0,0
5,0,0
5,0,0
5,1,1
5,0,0
5,0,0
5,0,0
5,0,0
5,0,0
5,0,0
5,0,0
5,0,0
5,0,0
5,0,0
5,0,0
5,0,0
5,0,0
5,0,0
5,0,1
5,0,0
5,0,0
5,0,0
5,0,0
5,0,0
5,0,0
5,0,0
5,0,0
5,0,0
5,0,0
5,0,0
5,0,0
5,0,0
5,0,0
5,0,0
5,0,0
5,1,1
5,0,0
5,0,0
5,0,0
5,0,0
5,0,0
5,0,0
5,0,0
5,0,0
5,0,0
5,0,0
5,0,0
5,0,0
5,0,0
5,0,0
5,0,0
5,0,0
5,0,0
5,1,1
5,0,1
5,1,1
5,0,0
5,0,0
5,0,0
5,0,0
5,0,0
5,0,0
5,0,0
5,0,0
5,1,0
5,0,0
5,0,0
5,0,0
5,0,0
5,0,0
5,0,0
5,0,0
5,0,0
5,0,1
5,0,0
5,0,0
5,0,0
5,0,0
5,0,0
5,0,0
5,0,0
5,0,0
5,0,0
5,0,0
5,0,0
5,0,0
5,0,0
Total DB Queries This Round: 1505
Total time spent this round in seconds: 61.86312675476074
PERCENT IN TABLE OF 100: 6%
6,0,0
6,0,0
6,0,0
6,0,0
6,0,0
6,0,0
6,0,1
6,1,1
6,0,0
6,0,0
6,0,0
6,0,0
6,0,0
6,0,0
6,0,0
6,0,0
6,0,0
6,0,0
6,0,0
6,0,0
6,0,0
6,0,0
6,0,0
6,0,0
6,1,1
6,0,1
6,0,1
6,0,1
6,0,0
6,0,0
6,0,0
6,0,0
6,0,0
6,0,0
6,0,0
6,0,0
6,0,0
6,0,0
6,0,0
6,0,0
6,0,0
6,0,0
6,0,0
6,1,0
6,0,0
6,0,0
6,0,0
6,0,0
6,0,0
6,0,0
6,0,0
6,0,0
6,0,1
6,0,0
6,0,0
6,0,0
6,0,0
6,0,0
6,0,0
6,0,0
6,0,0
6,0,0
6,0,0
6,0,0
6,0,0
6,0,0
6,0,0
6,0,0
6,0,0
6,0,0
6,0,0
6,0,0
6,0,0
6,0,0
6,0,0
6,0,0
6,0,0
6,0,0
6,0,0
6,0,0
6,0,0
6,0,0
6,0,0
6,0,1
6,0,0
6,0,0
6,0,0
6,0,0
6,1,1
6,0,0
6,0,1
6,0,1
6,0,0
6,0,0
6,0,0
6,0,0
6,1,1
6,0,0
6,1,1
6,0,0
Total DB Queries This Round: 1370
Total time spent this round in seconds: 47.82207417488098
6,0,0
6,0,0
6,0,0
6,0,0
6,0,0
6,0,0
6,0,0
6,0,0
6,0,1
6,0,1
6,0,0
6,0,1
6,0,0
6,0,0
6,1,1
6,0,1
6,1,1
6,0,0
6,0,0
6,0,0
6,0,0
6,0,0
6,0,0
6,0,1
6,0,0
6,0,1
6,1,1
6,0,0
6,1,1
6,0,0
6,0,0
6,0,1
6,0,0
6,0,0
6,0,0
6,0,0
6,0,0
6,0,0
6,0,0
6,0,0
6,0,0
6,0,0
6,0,0
6,0,0
6,0,0
6,0,0
6,0,0
6,0,0
6,0,0
6,1,1
6,0,0
6,0,0
6,0,0
6,0,0
6,0,0
6,0,0
6,0,0
6,0,0
6,0,0
6,0,0
6,0,0
6,0,0
6,0,0
6,0,0
6,0,0
6,0,0
6,0,0
6,0,0
6,0,0
6,0,0
6,0,0
6,0,0
6,0,0
6,0,0
6,0,0
6,0,0
6,0,0
6,0,0
6,0,0
6,0,0
6,0,0
6,0,0
6,0,0
6,0,0
6,0,0
6,0,0
6,0,0
6,0,0
6,0,0
6,0,0
6,0,0
6,1,1
6,0,0
6,0,0
6,0,0
6,0,0
6,0,0
6,0,0
6,0,0
6,0,0
Total DB Queries This Round: 1580
Total time spent this round in seconds: 55.62585949897766
6,0,0
6,0,0
6,0,0
6,0,0
6,0,0
6,0,0
6,0,0
6,0,0
6,0,0
6,0,0
6,0,0
6,0,0
6,0,0
6,0,0
6,0,0
6,0,0
6,0,0
6,0,0
6,0,0
6,0,0
6,0,0
6,0,0
6,0,0
6,0,0
6,1,1
6,0,0
6,0,0
6,0,0
6,0,0
6,0,0
6,0,0
6,0,0
6,0,0
6,0,0
6,0,0
6,0,0
6,0,0
6,0,0
6,0,1
6,0,0
6,0,0
6,0,0
6,0,0
6,0,0
6,0,0
6,0,0
6,0,0
6,0,0
6,0,0
6,0,0
6,1,1
6,0,0
6,0,0
6,0,0
6,1,1
6,0,0
6,0,0
6,1,1
6,0,0
6,0,0
6,0,0
6,0,0
6,0,0
6,1,1
6,0,0
6,0,0
6,0,0
6,0,0
6,0,0
6,1,0
6,0,0
6,0,0
6,0,0
6,0,0
6,0,0
6,0,0
6,0,0
6,0,0
6,0,0
6,0,0
6,0,0
6,0,0
6,0,0
6,0,0
6,0,0
6,0,0
6,0,0
6,0,0
6,0,0
6,0,0
6,0,0
6,0,0
6,0,0
6,0,0
6,0,0
6,0,0
6,0,0
6,0,0
6,0,0
6,0,0
Total DB Queries This Round: 1293
Total time spent this round in seconds: 45.25917410850525
6,0,0
6,1,1
6,1,0
6,0,0
6,0,0
6,0,0
6,0,0
6,0,0
6,0,0
6,0,0
6,0,0
6,0,0
6,0,1
6,0,0
6,0,0
6,0,0
6,0,0
6,0,0
6,0,0
6,0,0
6,0,0
6,0,0
6,0,0
6,0,0
6,0,0
6,0,0
6,0,0
6,0,0
6,0,0
6,0,0
6,0,0
6,0,0
6,0,0
6,0,1
6,0,0
6,0,0
6,0,0
6,0,0
6,0,0
6,1,0
6,0,0
6,0,0
6,0,1
6,1,1
6,0,0
6,0,0
6,0,0
6,0,0
6,0,0
6,1,1
6,0,0
6,0,0
6,0,0
6,0,0
6,0,0
6,0,0
6,0,0
6,1,1
6,0,1
6,0,0
6,0,0
6,0,0
6,0,0
6,0,0
6,0,0
6,0,0
6,0,0
6,0,0
6,0,0
6,0,0
6,0,0
6,0,0
6,0,0
6,0,0
6,0,0
6,0,0
6,0,0
6,0,0
6,0,0
6,0,0
6,0,0
6,0,0
6,0,0
6,0,0
6,0,0
6,0,0
6,0,0
6,0,0
6,0,0
6,0,0
6,0,0
6,0,1
6,0,0
6,0,0
6,0,0
6,0,0
6,0,0
6,0,0
6,0,0
6,0,0
Total DB Queries This Round: 1744
Total time spent this round in seconds: 63.556254863739014
6,0,0
6,0,0
6,0,0
6,0,0
6,0,0
6,0,0
6,0,0
6,0,0
6,0,0
6,0,0
6,0,0
6,0,0
6,0,0
6,1,1
6,0,0
6,0,0
6,0,0
6,1,1
6,0,0
6,0,0
6,0,0
6,0,0
6,0,0
6,0,0
6,0,0
6,0,0
6,0,0
6,0,0
6,0,1
6,0,0
6,0,0
6,0,0
6,1,1
6,0,0
6,0,0
6,0,0
6,0,0
6,0,0
6,0,0
6,0,0
6,0,0
6,0,0
6,0,0
6,0,0
6,0,0
6,0,0
6,0,0
6,0,0
6,0,0
6,0,0
6,0,0
6,0,0
6,0,0
6,0,0
6,0,0
6,0,0
6,0,0
6,0,0
6,0,0
6,0,0
6,0,0
6,0,0
6,0,0
6,0,1
6,0,0
6,0,0
6,1,1
6,0,0
6,0,0
6,0,0
6,0,0
6,0,0
6,0,0
6,0,0
6,0,0
6,0,0
6,0,0
6,0,0
6,0,0
6,0,0
6,0,0
6,0,0
6,0,0
6,0,0
6,1,1
6,0,0
6,0,0
6,0,0
6,0,0
6,0,0
6,0,0
6,0,0
6,0,0
6,0,0
6,0,0
6,0,0
6,0,0
6,0,0
6,1,1
6,0,0
Total DB Queries This Round: 1214
Total time spent this round in seconds: 41.58234405517578
6,0,0
6,0,0
6,0,0
6,0,0
6,0,0
6,0,0
6,0,1
6,0,0
6,0,0
6,0,0
6,0,0
6,0,0
6,0,0
6,0,0
6,0,0
6,0,0
6,0,0
6,0,0
6,0,0
6,0,0
6,0,0
6,0,0
6,0,1
6,0,0
6,0,0
6,1,1
6,0,0
6,0,0
6,0,0
6,1,1
6,0,0
6,0,0
6,0,0
6,0,0
6,0,0
6,0,0
6,0,0
6,0,0
6,0,0
6,0,0
6,0,0
6,0,0
6,0,0
6,0,0
6,0,1
6,0,0
6,0,0
6,0,0
6,0,0
6,0,0
6,1,1
6,0,0
6,0,0
6,0,0
6,0,0
6,0,0
6,0,0
6,0,0
6,0,0
6,0,0
6,0,0
6,0,0
6,0,0
6,0,0
6,0,0
6,0,0
6,0,0
6,1,1
6,0,0
6,0,0
6,0,0
6,0,0
6,0,0
6,0,0
6,0,0
6,0,0
6,0,0
6,0,0
6,0,0
6,1,1
6,0,0
6,0,0
6,0,0
6,0,0
6,0,1
6,0,0
6,0,0
6,0,0
6,0,1
6,0,0
6,0,0
6,0,0
6,0,0
6,1,1
6,0,0
6,0,0
6,0,0
6,0,0
6,0,0
6,0,0
Total DB Queries This Round: 1583
Total time spent this round in seconds: 53.30537128448486
6,0,0
6,0,0
6,0,0
6,0,0
6,0,0
6,0,0
6,1,1
6,0,0
6,0,0
6,0,0
6,0,0
6,0,0
6,1,1
6,0,0
6,0,0
6,0,0
6,0,0
6,0,0
6,0,0
6,0,0
6,0,0
6,0,0
6,0,0
6,0,0
6,0,0
6,0,0
6,0,0
6,0,0
6,0,0
6,0,0
6,0,0
6,0,0
6,0,0
6,1,0
6,0,1
6,0,1
6,0,0
6,0,0
6,0,0
6,0,0
6,0,0
6,0,0
6,0,0
6,0,0
6,0,0
6,0,0
6,0,0
6,0,0
6,0,0
6,0,0
6,1,1
6,0,0
6,0,0
6,0,0
6,0,0
6,0,0
6,0,0
6,0,0
6,0,0
6,0,0
6,0,0
6,0,0
6,0,0
6,0,0
6,0,1
6,0,1
6,0,0
6,0,0
6,0,0
6,0,0
6,0,0
6,0,0
6,0,0
6,0,0
6,1,1
6,0,0
6,0,0
6,0,0
6,0,0
6,0,0
6,1,1
6,0,0
6,0,0
6,0,0
6,0,0
6,0,0
6,0,0
6,0,0
6,0,0
6,0,0
6,0,0
6,0,0
6,0,0
6,0,1
6,0,0
6,0,0
6,0,0
6,0,0
6,0,0
6,0,1
Total DB Queries This Round: 1198
Total time spent this round in seconds: 41.48134922981262
6,0,0
6,0,0
6,0,0
6,0,0
6,1,0
6,0,0
6,1,1
6,0,0
6,0,1
6,0,1
6,0,0
6,0,0
6,0,0
6,0,0
6,0,0
6,0,0
6,0,0
6,0,0
6,0,0
6,0,0
6,0,0
6,0,0
6,0,0
6,0,0
6,0,0
6,0,0
6,1,0
6,0,0
6,0,0
6,0,0
6,1,1
6,0,0
6,0,0
6,0,0
6,0,0
6,0,0
6,0,0
6,0,1
6,0,0
6,0,0
6,0,0
6,1,1
6,0,0
6,0,0
6,0,0
6,0,0
6,0,0
6,0,0
6,1,0
6,0,0
6,0,0
6,0,0
6,0,0
6,0,0
6,0,0
6,0,0
6,0,0
6,0,0
6,0,0
6,0,0
6,0,0
6,0,0
6,0,0
6,0,0
6,0,0
6,0,0
6,0,0
6,0,0
6,0,0
6,0,0
6,0,0
6,0,0
6,0,0
6,0,0
6,0,0
6,0,0
6,0,0
6,0,0
6,0,0
6,0,0
6,0,0
6,0,0
6,0,0
6,0,0
6,0,0
6,0,0
6,0,0
6,0,0
6,0,0
6,0,0
6,0,0
6,0,0
6,0,0
6,0,0
6,0,0
6,0,0
6,0,0
6,0,0
6,0,0
6,0,0
Total DB Queries This Round: 1171
Total time spent this round in seconds: 41.34269428253174
6,0,0
6,0,0
6,0,0
6,0,0
6,0,0
6,0,0
6,0,0
6,0,0
6,0,1
6,0,0
6,0,0
6,0,0
6,0,0
6,0,0
6,0,0
6,0,0
6,0,0
6,0,0
6,0,1
6,0,1
6,0,0
6,0,0
6,0,0
6,1,1
6,0,0
6,0,0
6,0,0
6,0,0
6,0,1
6,0,0
6,0,0
6,0,0
6,0,0
6,0,0
6,0,0
6,0,0
6,0,0
6,0,0
6,0,0
6,0,0
6,1,1
6,0,0
6,0,0
6,0,0
6,0,0
6,0,0
6,0,0
6,0,0
6,0,0
6,0,0
6,0,1
6,0,0
6,0,0
6,0,0
6,0,0
6,0,0
6,0,0
6,0,0
6,0,1
6,1,1
6,0,1
6,0,1
6,0,0
6,0,0
6,1,1
6,0,0
6,0,0
6,1,1
6,0,0
6,0,0
6,0,0
6,0,0
6,0,0
6,0,0
6,0,0
6,0,0
6,0,1
6,0,0
6,0,0
6,0,0
6,0,0
6,0,0
6,0,0
6,0,0
6,1,1
6,0,0
6,0,0
6,0,0
6,0,0
6,0,0
6,0,0
6,0,0
6,0,0
6,0,0
6,0,0
6,0,0
6,0,0
6,0,0
6,0,0
6,0,0
Total DB Queries This Round: 1470
Total time spent this round in seconds: 52.09994697570801
6,0,0
6,1,1
6,0,0
6,0,0
6,0,0
6,0,0
6,0,0
6,0,0
6,0,1
6,0,0
6,0,0
6,0,0
6,0,0
6,0,0
6,0,0
6,0,0
6,0,0
6,0,0
6,0,0
6,0,0
6,0,0
6,0,0
6,0,0
6,1,1
6,0,0
6,0,0
6,1,1
6,0,1
6,0,0
6,0,0
6,0,1
6,0,0
6,0,0
6,0,0
6,0,0
6,0,0
6,0,0
6,0,0
6,0,0
6,0,0
6,0,0
6,0,0
6,0,0
6,0,0
6,0,0
6,0,0
6,0,0
6,0,0
6,0,0
6,0,0
6,0,0
6,0,0
6,0,0
6,1,1
6,0,0
6,0,0
6,0,0
6,0,0
6,0,0
6,0,0
6,0,0
6,0,0
6,0,0
6,0,0
6,0,0
6,0,0
6,0,0
6,0,0
6,0,0
6,0,0
6,0,0
6,0,0
6,0,0
6,0,1
6,0,0
6,0,0
6,0,0
6,0,0
6,0,0
6,0,0
6,0,0
6,0,0
6,0,0
6,0,0
6,0,0
6,0,0
6,0,0
6,1,1
6,0,0
6,0,0
6,0,0
6,0,0
6,0,0
6,0,0
6,0,0
6,0,0
6,0,0
6,0,0
6,1,1
6,0,0
Total DB Queries This Round: 1295
Total time spent this round in seconds: 58.77433371543884
PERCENT IN TABLE OF 100: 7%
7,0,0
7,0,0
7,1,1
7,0,0
7,0,0
7,0,0
7,0,0
7,0,0
7,0,0
7,0,0
7,0,0
7,0,0
7,0,0
7,0,0
7,0,0
7,0,0
7,0,0
7,0,0
7,0,0
7,0,0
7,0,0
7,0,0
7,0,0
7,0,0
7,0,0
7,0,0
7,0,0
7,0,0
7,0,0
7,0,0
7,0,0
7,0,0
7,0,1
7,0,0
7,0,1
7,1,1
7,0,0
7,0,0
7,0,0
7,0,0
7,0,0
7,0,0
7,0,0
7,0,0
7,0,0
7,1,1
7,0,1
7,0,1
7,0,0
7,0,0
7,0,0
7,0,0
7,0,0
7,0,1
7,0,0
7,0,0
7,1,1
7,0,0
7,0,0
7,0,0
7,0,0
7,0,0
7,0,1
7,0,0
7,0,1
7,0,0
7,0,0
7,0,1
7,0,0
7,0,0
7,0,0
7,1,1
7,0,0
7,0,0
7,0,1
7,0,0
7,0,0
7,0,0
7,0,1
7,0,0
7,0,0
7,0,0
7,0,0
7,0,0
7,0,0
7,0,0
7,0,0
7,1,1
7,0,0
7,0,1
7,0,0
7,0,0
7,0,0
7,0,0
7,1,1
7,0,0
7,0,0
7,0,0
7,0,1
7,0,0
Total DB Queries This Round: 2716
Total time spent this round in seconds: 142.719820022583
7,1,1
7,0,0
7,0,0
7,0,0
7,0,0
7,1,1
7,0,1
7,0,0
7,0,0
7,0,0
7,0,0
7,0,0
7,0,0
7,0,0
7,0,0
7,0,0
7,0,0
7,0,0
7,0,0
7,0,0
7,0,0
7,0,0
7,0,0
7,0,1
7,0,0
7,0,0
7,0,0
7,0,0
7,0,0
7,0,0
7,0,0
7,0,0
7,0,0
7,0,0
7,0,0
7,0,0
7,0,0
7,0,0
7,0,0
7,1,1
7,0,0
7,0,0
7,0,0
7,0,0
7,0,0
7,0,0
7,0,0
7,0,0
7,1,1
7,0,1
7,0,0
7,0,0
7,0,0
7,0,0
7,0,0
7,1,1
7,0,0
7,0,0
7,0,0
7,0,0
7,0,0
7,0,0
7,0,0
7,0,0
7,0,0
7,0,0
7,0,0
7,0,0
7,0,0
7,0,0
7,0,0
7,0,0
7,0,0
7,0,0
7,0,0
7,0,0
7,0,0
7,0,0
7,0,0
7,1,1
7,0,0
7,0,0
7,0,0
7,0,0
7,0,0
7,0,0
7,0,0
7,0,0
7,0,0
7,0,0
7,0,0
7,0,0
7,1,0
7,0,0
7,0,0
7,0,0
7,0,0
7,0,0
7,0,0
7,0,0
Total DB Queries This Round: 1723
Total time spent this round in seconds: 90.69040870666504
7,1,1
7,0,0
7,1,1
7,0,0
7,0,1
7,0,0
7,0,0
7,0,0
7,0,0
7,0,0
7,0,0
7,0,0
7,0,0
7,0,0
7,1,1
7,0,0
7,0,0
7,0,0
7,0,0
7,0,0
7,0,1
7,0,0
7,0,0
7,1,1
7,0,0
7,0,0
7,1,1
7,0,0
7,0,0
7,0,0
7,0,0
7,0,0
7,0,0
7,0,0
7,0,0
7,0,0
7,0,0
7,0,0
7,0,0
7,0,0
7,0,0
7,1,1
7,0,0
7,0,0
7,0,0
7,0,0
7,0,0
7,0,0
7,0,0
7,0,0
7,0,0
7,0,0
7,0,0
7,0,0
7,0,0
7,0,0
7,0,0
7,0,0
7,0,0
7,0,0
7,0,0
7,0,0
7,0,0
7,0,0
7,0,0
7,0,1
7,0,1
7,0,0
7,0,0
7,0,0
7,0,0
7,0,1
7,0,0
7,0,0
7,0,0
7,0,0
7,0,0
7,0,1
7,0,0
7,0,0
7,0,0
7,0,0
7,0,0
7,0,0
7,0,1
7,0,0
7,0,0
7,0,0
7,0,0
7,0,0
7,0,0
7,0,1
7,0,0
7,0,0
7,0,0
7,0,0
7,1,1
7,0,0
7,0,0
7,0,0
Total DB Queries This Round: 2139
Total time spent this round in seconds: 147.7744495868683
7,0,0
7,0,0
7,0,0
7,0,0
7,0,0
7,0,1
7,0,0
7,0,0
7,0,0
7,0,0
7,0,0
7,1,1
7,0,1
7,0,0
7,0,0
7,0,0
7,0,0
7,0,1
7,0,0
7,0,0
7,0,1
7,0,0
7,0,0
7,0,0
7,0,0
7,0,0
7,0,0
7,0,0
7,0,0
7,0,0
7,0,0
7,0,0
7,0,0
7,0,0
7,0,0
7,0,1
7,0,0
7,0,1
7,0,0
7,0,0
7,0,0
7,0,0
7,0,0
7,0,0
7,0,0
7,0,0
7,0,0
7,0,0
7,0,1
7,0,0
7,0,0
7,0,0
7,0,1
7,0,0
7,0,1
7,1,1
7,1,1
7,0,0
7,0,0
7,0,1
7,0,0
7,1,1
7,0,0
7,0,0
7,0,0
7,0,0
7,0,0
7,0,0
7,0,0
7,0,0
7,0,0
7,0,0
7,0,0
7,0,0
7,1,1
7,0,0
7,1,1
7,0,0
7,0,0
7,0,0
7,0,0
7,0,0
7,0,0
7,0,0
7,0,0
7,0,0
7,0,1
7,0,0
7,0,0
7,0,0
7,0,0
7,0,0
7,0,0
7,0,0
7,0,0
7,1,1
7,0,0
7,0,0
7,0,0
7,0,0
Total DB Queries This Round: 2602
Total time spent this round in seconds: 116.82612109184265
7,0,0
7,0,0
7,0,0
7,0,0
7,0,0
7,0,0
7,0,0
7,0,0
7,0,0
7,0,0
7,0,0
7,0,0
7,0,0
7,0,0
7,0,0
7,0,0
7,0,0
7,0,0
7,0,0
7,1,0
7,0,0
7,0,0
7,0,0
7,0,0
7,0,0
7,0,0
7,0,0
7,0,0
7,0,0
7,1,1
7,0,0
7,0,0
7,0,0
7,0,0
7,0,1
7,0,0
7,0,0
7,0,0
7,0,0
7,0,0
7,0,0
7,1,1
7,0,0
7,1,1
7,0,0
7,0,0
7,0,1
7,0,0
7,0,0
7,0,0
7,0,0
7,0,0
7,0,0
7,1,1
7,0,0
7,0,0
7,0,0
7,0,0
7,0,1
7,0,0
7,0,0
7,0,0
7,0,0
7,0,0
7,0,0
7,1,0
7,0,0
7,0,0
7,0,1
7,0,1
7,0,0
7,0,0
7,0,0
7,0,0
7,0,0
7,0,0
7,0,0
7,0,0
7,1,1
7,0,0
7,0,0
7,0,0
7,0,0
7,0,0
7,0,0
7,0,0
7,0,1
7,0,0
7,0,0
7,0,1
7,0,0
7,0,0
7,0,0
7,0,0
7,0,0
7,0,0
7,0,1
7,0,1
7,0,0
7,0,0
Total DB Queries This Round: 2203
Total time spent this round in seconds: 202.43657612800598
7,0,0
7,0,0
7,0,0
7,0,0
7,0,0
7,0,0
7,0,0
7,0,0
7,0,0
7,0,0
7,0,0
7,0,0
7,1,1
7,0,0
7,0,0
7,0,0
7,0,0
7,1,1
7,0,0
7,0,0
7,0,0
7,0,0
7,0,0
7,0,0
7,0,0
7,0,0
7,0,0
7,0,0
7,1,1
7,0,0
7,0,0
7,1,1
7,0,0
7,0,0
7,0,0
7,0,0
7,0,0
7,0,0
7,0,0
7,0,0
7,0,0
7,0,0
7,0,1
7,0,0
7,0,0
7,0,0
7,0,0
7,0,1
7,0,0
7,0,0
7,0,0
7,0,0
7,0,0
7,0,0
7,0,0
7,0,0
7,0,0
7,0,0
7,0,0
7,0,1
7,0,0
7,0,0
7,0,0
7,0,0
7,0,0
7,0,0
7,0,1
7,0,1
7,0,0
7,0,0
7,0,0
7,0,0
7,0,0
7,0,0
7,0,1
7,1,1
7,0,0
7,0,0
7,0,0
7,0,0
7,0,0
7,0,0
7,0,0
7,0,0
7,0,0
7,0,0
7,1,1
7,0,0
7,1,1
7,0,1
7,0,0
7,0,0
7,0,0
7,0,0
7,0,0
7,0,0
7,0,0
7,0,0
7,0,0
7,0,0
Total DB Queries This Round: 1598
Total time spent this round in seconds: 115.89008736610413
7,0,1
7,1,1
7,0,1
7,0,0
7,0,0
7,0,0
7,0,0
7,0,0
7,0,0
7,0,0
7,0,0
7,0,0
7,0,1
7,1,1
7,0,0
7,0,0
7,0,0
7,0,0
7,0,0
7,0,0
7,0,0
7,0,0
7,1,1
7,0,0
7,0,0
7,0,0
7,0,0
7,0,0
7,0,0
7,0,0
7,0,0
7,0,0
7,0,0
7,0,0
7,0,0
7,0,0
7,0,0
7,0,0
7,0,0
7,0,0
7,0,0
7,0,0
7,0,0
7,0,0
7,0,0
7,0,1
7,0,0
7,0,0
7,0,0
7,0,0
7,0,0
7,0,0
7,0,0
7,0,0
7,0,1
7,0,0
7,0,0
7,0,0
7,0,0
7,0,0
7,0,0
7,1,1
7,0,0
7,0,0
7,0,0
7,0,0
7,0,0
7,0,0
7,0,0
7,0,0
7,0,1
7,1,1
7,0,0
7,1,1
7,0,1
7,0,0
7,0,0
7,0,0
7,0,0
7,0,0
7,0,0
7,0,0
7,0,0
7,0,0
7,0,0
7,0,0
7,0,0
7,0,0
7,0,0
7,0,0
7,0,0
7,0,1
7,0,0
7,0,0
7,0,0
7,0,0
7,0,0
7,0,0
7,0,0
7,1,1
Total DB Queries This Round: 1590
Total time spent this round in seconds: 79.76328182220459
7,0,1
7,0,1
7,0,0
7,0,0
7,0,0
7,0,0
7,0,0
7,0,0
7,0,0
7,0,0
7,0,0
7,0,0
7,0,0
7,0,0
7,0,0
7,0,0
7,1,1
7,0,0
7,0,0
7,0,0
7,0,0
7,0,0
7,0,0
7,0,0
7,0,0
7,0,0
7,0,0
7,0,1
7,0,0
7,0,0
7,0,0
7,0,0
7,0,0
7,0,0
7,0,0
7,0,0
7,0,0
7,0,0
7,0,0
7,1,1
7,0,0
7,1,1
7,0,0
7,0,0
7,0,0
7,0,0
7,0,0
7,1,1
7,0,0
7,0,0
7,0,0
7,0,0
7,0,0
7,0,0
7,0,0
7,0,0
7,0,0
7,1,1
7,0,0
7,0,0
7,0,0
7,0,0
7,0,0
7,0,0
7,0,0
7,0,0
7,0,0
7,0,0
7,0,0
7,0,0
7,1,1
7,0,0
7,0,0
7,0,0
7,0,1
7,0,0
7,0,0
7,0,0
7,0,0
7,0,0
7,0,1
7,0,0
7,0,1
7,0,0
7,0,0
7,0,0
7,0,0
7,0,0
7,0,0
7,0,0
7,0,0
7,0,0
7,0,0
7,0,0
7,0,0
7,0,0
7,0,1
7,1,1
7,0,0
7,0,0
Total DB Queries This Round: 1480
Total time spent this round in seconds: 50.544594287872314
7,0,0
7,0,0
7,0,1
7,1,1
7,0,0
7,0,0
7,0,0
7,0,1
7,0,0
7,0,0
7,0,0
7,0,0
7,0,0
7,0,0
7,0,1
7,1,1
7,0,0
7,0,0
7,1,1
7,0,1
7,0,0
7,0,0
7,0,1
7,0,0
7,0,0
7,0,0
7,1,1
7,0,1
7,0,0
7,0,0
7,0,0
7,1,1
7,0,0
7,0,1
7,0,0
7,0,0
7,0,1
7,0,0
7,0,0
7,0,0
7,0,0
7,0,0
7,0,0
7,0,0
7,0,0
7,0,0
7,0,0
7,0,0
7,0,0
7,0,0
7,0,1
7,0,1
7,0,0
7,0,0
7,0,0
7,0,0
7,0,0
7,0,0
7,0,0
7,0,0
7,0,0
7,0,0
7,0,0
7,0,0
7,0,0
7,0,0
7,0,0
7,0,0
7,0,0
7,0,0
7,0,0
7,1,1
7,0,0
7,0,1
7,0,0
7,0,0
7,0,0
7,0,0
7,0,0
7,0,0
7,0,0
7,0,0
7,0,0
7,0,0
7,0,0
7,0,0
7,0,0
7,0,0
7,1,1
7,0,0
7,0,0
7,0,1
7,0,0
7,0,0
7,0,0
7,0,0
7,0,0
7,0,0
7,0,0
7,0,0
Total DB Queries This Round: 1766
Total time spent this round in seconds: 59.63021659851074
7,0,0
7,1,1
7,0,1
7,0,1
7,0,0
7,0,0
7,0,0
7,0,0
7,0,0
7,0,0
7,0,0
7,1,1
7,0,0
7,0,0
7,0,0
7,0,0
7,0,0
7,0,0
7,0,0
7,0,0
7,0,0
7,0,0
7,0,0
7,0,1
7,0,0
7,0,0
7,0,0
7,0,0
7,0,0
7,0,0
7,0,0
7,0,1
7,0,0
7,0,0
7,0,0
7,1,0
7,0,0
7,0,0
7,0,0
7,0,1
7,0,0
7,0,0
7,0,0
7,0,1
7,0,0
7,0,0
7,0,0
7,0,0
7,0,0
7,0,0
7,0,0
7,0,0
7,0,0
7,0,0
7,0,0
7,0,0
7,0,0
7,1,1
7,0,0
7,0,0
7,1,1
7,0,0
7,0,0
7,0,0
7,0,0
7,0,0
7,0,1
7,0,0
7,0,0
7,0,0
7,0,0
7,0,0
7,0,1
7,0,0
7,0,0
7,0,0
7,0,0
7,1,1
7,0,0
7,0,0
7,0,1
7,1,1
7,0,0
7,0,0
7,0,0
7,0,0
7,0,0
7,0,1
7,0,0
7,0,0
7,0,0
7,0,0
7,0,0
7,0,0
7,0,0
7,0,0
7,0,0
7,0,1
7,0,0
7,0,0
Total DB Queries This Round: 2182
Total time spent this round in seconds: 89.229421377182
PERCENT IN TABLE OF 100: 8%
8,0,0
8,0,0
8,0,0
8,0,0
8,0,0
8,0,0
8,0,0
8,0,0
8,0,0
8,0,0
8,0,0
8,0,0
8,0,0
8,0,0
8,0,0
8,0,0
8,0,0
8,0,0
8,0,0
8,1,1
8,0,0
8,0,0
8,0,0
8,0,0
8,0,0
8,0,0
8,0,0
8,0,0
8,0,0
8,0,0
8,0,0
8,0,0
8,0,0
8,1,1
8,0,0
8,0,0
8,0,0
8,0,0
8,0,0
8,0,0
8,0,0
8,0,0
8,0,0
8,0,0
8,0,0
8,0,0
8,0,0
8,0,0
8,0,0
8,0,0
8,0,0
8,1,1
8,0,0
8,0,0
8,0,0
8,0,0
8,0,0
8,0,0
8,0,0
8,0,0
8,0,0
8,0,0
8,0,0
8,0,0
8,0,0
8,1,1
8,1,1
8,0,0
8,0,0
8,0,0
8,0,0
8,0,0
8,0,0
8,1,1
8,0,0
8,0,0
8,0,0
8,0,0
8,0,0
8,0,0
8,0,0
8,0,0
8,0,0
8,0,0
8,1,1
8,0,0
8,0,0
8,0,0
8,0,0
8,0,0
8,0,0
8,0,0
8,0,0
8,0,0
8,0,0
8,0,0
8,1,1
8,0,1
8,0,0
8,0,0
Total DB Queries This Round: 3902
Total time spent this round in seconds: 113.83105874061584
8,0,0
8,0,0
8,0,0
8,0,0
8,0,0
8,0,0
8,0,0
8,0,0
8,0,0
8,0,0
8,0,0
8,0,0
8,0,0
8,0,0
8,1,1
8,0,0
8,0,0
8,1,1
8,0,0
8,0,0
8,0,0
8,0,0
8,0,0
8,0,0
8,0,0
8,0,0
8,0,0
8,0,0
8,1,1
8,0,0
8,0,0
8,0,0
8,0,1
8,0,0
8,0,0
8,0,0
8,0,0
8,0,0
8,0,0
8,0,0
8,0,0
8,0,0
8,1,0
8,0,0
8,0,1
8,0,1
8,0,0
8,0,0
8,0,0
8,0,0
8,0,0
8,0,0
8,0,0
8,0,0
8,0,0
8,0,0
8,0,0
8,0,1
8,0,0
8,1,0
8,0,0
8,0,0
8,0,0
8,0,0
8,0,0
8,0,0
8,0,0
8,0,0
8,0,0
8,0,0
8,0,0
8,0,0
8,0,0
8,0,0
8,0,0
8,0,0
8,1,1
8,0,0
8,0,0
8,0,0
8,0,0
8,0,0
8,0,0
8,0,0
8,0,0
8,1,1
8,0,0
8,0,0
8,0,0
8,0,0
8,0,0
8,1,1
8,0,0
8,0,0
8,0,0
8,0,0
8,0,0
8,0,0
8,0,0
8,0,0
Total DB Queries This Round: 2232
Total time spent this round in seconds: 94.88777256011963
8,0,0
8,0,0
8,0,0
8,0,0
8,0,0
8,1,0
8,0,0
8,1,0
8,0,0
8,0,0
8,0,0
8,0,0
8,0,0
8,0,0
8,0,0
8,0,0
8,0,0
8,0,0
8,0,0
8,0,0
8,0,0
8,0,0
8,0,0
8,1,0
8,0,0
8,0,0
8,0,0
8,0,0
8,0,0
8,0,0
8,0,0
8,0,0
8,0,0
8,0,0
8,0,0
8,1,1
8,0,0
8,0,0
8,0,0
8,0,0
8,0,0
8,0,0
8,0,0
8,0,0
8,0,0
8,0,0
8,0,0
8,0,0
8,0,0
8,0,0
8,0,0
8,0,0
8,0,0
8,0,0
8,0,0
8,0,0
8,0,1
8,0,0
8,1,1
8,1,1
8,0,0
8,0,0
8,0,0
8,0,0
8,0,0
8,0,0
8,0,0
8,0,0
8,0,0
8,0,0
8,0,0
8,0,0
8,0,0
8,0,0
8,0,0
8,0,0
8,0,0
8,0,0
8,0,0
8,0,0
8,0,0
8,1,0
8,0,0
8,1,0
8,0,0
8,0,0
8,0,0
8,0,0
8,0,0
8,0,0
8,0,0
8,0,0
8,0,0
8,0,0
8,0,0
8,0,0
8,0,0
8,0,0
8,0,0
8,0,0
Total DB Queries This Round: 1575
Total time spent this round in seconds: 86.10434365272522
8,0,0
8,0,0
8,0,0
8,0,0
8,0,0
8,0,0
8,0,0
8,1,1
8,0,0
8,0,0
8,0,0
8,0,0
8,0,0
8,0,0
8,0,0
8,0,0
8,0,0
8,0,0
8,0,0
8,0,0
8,0,0
8,0,0
8,0,0
8,0,0
8,0,0
8,0,0
8,0,0
8,0,0
8,0,0
8,0,0
8,0,0
8,0,0
8,0,0
8,0,0
8,1,1
8,0,0
8,0,0
8,0,0
8,0,0
8,0,0
8,0,0
8,0,1
8,0,1
8,0,1
8,0,0
8,0,0
8,0,0
8,0,0
8,1,1
8,0,0
8,0,0
8,0,1
8,0,0
8,0,0
8,0,0
8,0,0
8,0,0
8,0,0
8,0,1
8,1,1
8,0,0
8,0,0
8,0,0
8,0,1
8,0,0
8,1,1
8,0,0
8,0,0
8,0,0
8,0,0
8,0,0
8,0,0
8,0,0
8,0,0
8,0,0
8,0,0
8,0,0
8,0,0
8,0,0
8,0,0
8,0,0
8,1,1
8,0,0
8,0,0
8,0,0
8,0,0
8,0,0
8,0,0
8,1,1
8,0,0
8,1,1
8,0,0
8,0,0
8,0,0
8,0,0
8,0,0
8,0,0
8,0,0
8,0,0
8,0,0
Total DB Queries This Round: 2802
Total time spent this round in seconds: 123.80790114402771
8,0,0
8,0,0
8,0,0
8,0,0
8,0,0
8,0,1
8,0,0
8,0,1
8,0,0
8,0,0
8,0,0
8,0,0
8,0,0
8,0,1
8,0,0
8,0,0
8,0,1
8,1,1
8,0,0
8,0,0
8,0,0
8,0,0
8,1,1
8,0,1
8,0,0
8,1,1
8,0,0
8,0,0
8,0,0
8,0,0
8,0,0
8,0,0
8,0,0
8,0,0
8,1,1
8,0,0
8,0,0
8,0,0
8,0,0
8,0,0
8,0,0
8,0,1
8,0,0
8,0,0
8,0,0
8,0,0
8,0,0
8,0,0
8,0,1
8,0,0
8,0,1
8,0,0
8,0,0
8,0,0
8,0,1
8,0,0
8,0,0
8,0,0
8,0,0
8,0,0
8,0,1
8,0,0
8,0,0
8,0,0
8,1,1
8,0,0
8,0,0
8,1,1
8,0,0
8,0,0
8,0,0
8,0,0
8,0,0
8,0,0
8,0,0
8,0,0
8,0,0
8,0,0
8,0,0
8,1,1
8,0,1
8,0,1
8,0,0
8,0,0
8,0,1
8,0,0
8,0,0
8,1,1
8,0,1
8,0,0
8,0,0
8,0,0
8,0,1
8,0,1
8,0,0
8,0,0
8,0,0
8,0,0
8,0,0
8,0,1
Total DB Queries This Round: 2600
Total time spent this round in seconds: 126.13459992408752
8,0,0
8,0,0
8,0,0
8,1,1
8,0,0
8,0,0
8,0,0
8,0,0
8,0,0
8,0,0
8,1,1
8,0,0
8,0,1
8,0,0
8,0,1
8,0,0
8,0,0
8,0,0
8,0,0
8,0,0
8,0,0
8,0,0
8,0,1
8,0,0
8,0,0
8,0,0
8,0,0
8,0,0
8,0,1
8,1,1
8,0,0
8,0,0
8,0,0
8,0,0
8,0,0
8,0,0
8,0,0
8,0,0
8,0,0
8,0,0
8,0,0
8,0,0
8,0,0
8,0,0
8,0,1
8,1,1
8,0,0
8,1,1
8,0,0
8,0,0
8,0,0
8,0,0
8,0,0
8,0,0
8,0,0
8,0,0
8,1,1
8,0,0
8,0,0
8,1,1
8,0,0
8,0,0
8,0,0
8,0,0
8,0,0
8,0,0
8,0,0
8,0,0
8,0,0
8,0,0
8,0,0
8,0,0
8,0,1
8,0,0
8,0,0
8,0,0
8,0,0
8,0,0
8,0,0
8,0,0
8,0,1
8,0,0
8,0,0
8,0,0
8,0,0
8,0,0
8,0,1
8,0,0
8,0,0
8,0,0
8,0,0
8,0,0
8,0,0
8,1,1
8,0,1
8,0,1
8,0,1
8,0,1
8,0,0
8,0,0
Total DB Queries This Round: 3337
Total time spent this round in seconds: 175.9401149749756
8,0,0
8,0,0
8,0,0
8,0,0
8,0,0
8,1,1
8,0,0
8,0,0
8,0,0
8,0,0
8,0,0
8,0,0
8,0,0
8,0,0
8,0,0
8,0,0
8,0,0
8,0,0
8,0,0
8,0,0
8,0,0
8,0,0
8,0,0
8,0,0
8,0,0
8,0,0
8,0,0
8,0,0
8,0,0
8,0,0
8,0,0
8,0,0
8,0,0
8,0,0
8,0,0
8,0,0
8,0,0
8,0,0
8,0,0
8,0,0
8,0,0
8,0,0
8,0,0
8,0,0
8,0,0
8,0,0
8,0,0
8,0,0
8,0,1
8,0,0
8,0,0
8,0,0
8,0,0
8,1,1
8,0,0
8,0,0
8,0,0
8,0,0
8,0,0
8,0,0
8,0,0
8,0,0
8,0,0
8,0,0
8,0,0
8,0,0
8,0,0
8,0,0
8,0,0
8,0,0
8,0,0
8,0,0
8,1,1
8,0,0
8,0,0
8,0,0
8,0,0
8,0,0
8,0,1
8,1,1
8,0,0
8,0,0
8,0,0
8,0,0
8,0,0
8,0,0
8,1,1
8,1,1
8,0,0
8,1,1
8,0,0
8,0,0
8,0,0
8,0,0
8,0,0
8,0,0
8,0,0
8,0,0
8,0,0
8,1,1
Total DB Queries This Round: 2048
Total time spent this round in seconds: 121.10447072982788
8,0,0
8,0,0
8,0,0
8,0,0
8,0,0
8,0,0
8,0,0
8,1,1
8,0,0
8,0,0
8,0,0
8,0,0
8,0,0
8,0,0
8,0,0
8,0,0
8,0,0
8,0,0
8,0,0
8,0,1
8,0,0
8,0,0
8,0,0
8,0,0
8,0,0
8,0,0
8,0,0
8,0,0
8,0,0
8,0,0
8,0,0
8,0,0
8,0,0
8,0,0
8,0,0
8,0,0
8,0,0
8,0,0
8,0,0
8,0,0
8,0,1
8,1,1
8,0,0
8,0,1
8,0,0
8,0,0
8,0,0
8,0,0
8,0,0
8,0,0
8,0,0
8,1,1
8,0,0
8,0,0
8,0,0
8,0,0
8,0,0
8,0,0
8,0,0
8,0,0
8,0,0
8,0,0
8,0,0
8,0,1
8,1,1
8,0,0
8,1,1
8,0,0
8,0,0
8,0,0
8,1,1
8,0,0
8,0,0
8,0,0
8,0,0
8,1,1
8,0,0
8,0,0
8,0,0
8,0,0
8,0,0
8,0,0
8,0,0
8,0,0
8,0,0
8,0,0
8,0,0
8,0,0
8,0,0
8,0,0
8,0,0
8,0,0
8,1,1
8,0,0
8,0,0
8,0,0
8,0,0
8,0,0
8,0,0
8,0,0
Total DB Queries This Round: 2356
Total time spent this round in seconds: 83.21675062179565
8,0,0
8,0,0
8,0,0
8,0,0
8,0,0
8,0,0
8,0,0
8,0,0
8,0,0
8,0,0
8,0,0
8,0,0
8,0,0
8,0,0
8,0,0
8,0,0
8,0,0
8,0,0
8,0,0
8,0,0
8,0,0
8,0,0
8,0,0
8,0,0
8,0,0
8,0,0
8,1,1
8,0,0
8,0,0
8,0,0
8,1,1
8,0,0
8,0,0
8,0,0
8,0,0
8,0,0
8,1,1
8,0,0
8,1,1
8,0,0
8,0,0
8,0,0
8,0,0
8,0,0
8,0,0
8,0,0
8,0,0
8,0,0
8,0,0
8,1,1
8,0,0
8,0,0
8,0,1
8,0,0
8,0,0
8,0,0
8,0,0
8,0,0
8,1,1
8,0,0
8,0,0
8,0,0
8,0,0
8,0,0
8,0,0
8,0,0
8,0,0
8,0,0
8,0,0
8,0,0
8,0,0
8,0,0
8,0,0
8,1,1
8,0,0
8,0,0
8,0,0
8,0,0
8,0,0
8,0,1
8,1,1
8,0,0
8,0,0
8,0,0
8,0,0
8,0,0
8,0,0
8,0,0
8,0,0
8,0,0
8,0,0
8,0,0
8,0,0
8,0,0
8,0,0
8,0,0
8,0,0
8,0,0
8,0,0
8,0,0
Total DB Queries This Round: 1884
Total time spent this round in seconds: 68.41717624664307
8,1,1
8,0,1
8,0,0
8,0,0
8,0,0
8,0,0
8,0,1
8,0,0
8,0,0
8,0,0
8,0,0
8,0,0
8,0,0
8,0,0
8,0,0
8,0,0
8,0,0
8,0,0
8,0,0
8,0,0
8,1,1
8,0,0
8,0,0
8,0,0
8,0,0
8,0,0
8,0,0
8,1,1
8,0,0
8,0,0
8,0,0
8,0,0
8,0,0
8,0,0
8,0,1
8,0,0
8,0,0
8,0,0
8,1,1
8,0,0
8,0,0
8,0,0
8,0,0
8,0,0
8,0,0
8,0,0
8,0,0
8,0,0
8,0,0
8,0,0
8,0,1
8,0,1
8,0,0
8,1,1
8,0,0
8,0,0
8,0,1
8,0,0
8,0,0
8,0,0
8,1,1
8,0,0
8,0,0
8,0,0
8,0,0
8,0,0
8,0,0
8,0,0
8,0,0
8,0,0
8,0,0
8,0,0
8,0,0
8,0,0
8,0,0
8,0,0
8,0,0
8,0,0
8,0,0
8,0,0
8,0,0
8,0,0
8,0,0
8,0,0
8,0,0
8,1,1
8,0,0
8,0,0
8,0,0
8,0,1
8,0,0
8,0,0
8,0,0
8,0,0
8,0,0
8,0,0
8,0,0
8,0,0
8,1,1
8,0,0
Total DB Queries This Round: 2503
Total time spent this round in seconds: 173.57048106193542
PERCENT IN TABLE OF 100: 9%
9,0,0
9,0,0
9,0,0
9,0,0
9,0,0
9,0,0
9,0,0
9,0,0
9,0,0
9,0,0
9,0,0
9,0,0
9,0,0
9,0,0
9,0,0
9,0,0
9,0,0
9,1,1
9,0,0
9,0,0
9,1,0
9,0,0
9,1,1
9,0,0
9,0,0
9,0,0
9,0,0
9,1,1
9,0,0
9,0,0
9,0,0
9,0,1
9,0,0
9,0,0
9,0,0
9,0,0
9,0,0
9,0,0
9,0,0
9,0,0
9,1,1
9,0,0
9,0,0
9,0,0
9,0,0
9,0,0
9,0,0
9,0,0
9,0,0
9,0,0
9,0,0
9,0,0
9,0,0
9,0,0
9,0,0
9,0,0
9,0,0
9,0,0
9,0,0
9,0,0
9,0,0
9,0,0
9,0,0
9,0,0
9,0,0
9,0,0
9,1,1
9,0,0
9,0,0
9,0,1
9,0,0
9,0,0
9,0,0
9,0,0
9,0,0
9,0,0
9,0,0
9,0,0
9,0,0
9,1,1
9,0,0
9,0,0
9,0,0
9,0,0
9,0,0
9,0,0
9,0,0
9,0,0
9,0,0
9,0,1
9,0,0
9,0,0
9,0,1
9,0,0
9,0,0
9,0,0
9,0,0
9,1,1
9,1,1
9,0,0
Total DB Queries This Round: 1406
Total time spent this round in seconds: 45.76669955253601
9,0,0
9,0,0
9,0,0
9,0,0
9,0,0
9,0,0
9,0,0
9,0,0
9,0,1
9,0,0
9,0,0
9,1,0
9,0,1
9,0,0
9,0,0
9,0,0
9,0,0
9,0,0
9,0,0
9,0,0
9,0,0
9,0,0
9,0,0
9,0,0
9,0,0
9,0,0
9,0,0
9,0,0
9,0,1
9,0,1
9,0,0
9,0,0
9,0,0
9,0,0
9,0,0
9,0,0
9,0,0
9,0,0
9,0,0
9,0,0
9,0,0
9,0,0
9,0,0
9,0,0
9,0,0
9,0,0
9,0,0
9,0,0
9,1,1
9,0,0
9,0,1
9,0,0
9,1,1
9,0,1
9,0,0
9,0,0
9,1,1
9,0,0
9,0,0
9,0,0
9,1,1
9,0,0
9,0,0
9,0,0
9,0,0
9,0,0
9,0,0
9,0,0
9,0,0
9,0,0
9,0,0
9,0,0
9,0,0
9,1,1
9,0,0
9,0,0
9,0,0
9,0,0
9,0,0
9,0,0
9,0,0
9,0,0
9,1,1
9,0,0
9,0,0
9,0,0
9,0,0
9,0,0
9,0,0
9,1,0
9,0,0
9,0,1
9,0,0
9,0,0
9,0,0
9,0,0
9,0,0
9,0,0
9,0,0
9,1,0
Total DB Queries This Round: 1343
Total time spent this round in seconds: 45.92068791389465
9,0,0
9,0,0
9,0,0
9,0,0
9,1,0
9,0,0
9,0,0
9,0,0
9,0,0
9,1,1
9,0,0
9,0,0
9,0,0
9,0,0
9,0,0
9,0,0
9,0,0
9,0,0
9,1,1
9,0,0
9,0,0
9,0,0
9,0,0
9,0,0
9,1,1
9,0,0
9,0,1
9,0,1
9,0,0
9,0,0
9,0,0
9,0,1
9,0,0
9,0,0
9,0,0
9,0,0
9,0,0
9,0,0
9,0,0
9,0,0
9,0,0
9,0,1
9,0,0
9,0,0
9,0,0
9,0,0
9,0,0
9,0,0
9,1,1
9,0,0
9,0,1
9,0,1
9,0,0
9,0,1
9,1,1
9,0,0
9,0,0
9,0,0
9,1,1
9,0,0
9,0,0
9,0,0
9,0,0
9,1,1
9,0,0
9,0,0
9,0,1
9,0,0
9,0,0
9,0,0
9,0,0
9,0,0
9,0,0
9,0,0
9,0,0
9,0,0
9,0,0
9,0,0
9,0,0
9,0,0
9,0,0
9,0,0
9,0,0
9,0,0
9,0,0
9,0,0
9,0,0
9,0,0
9,0,0
9,0,0
9,0,0
9,0,0
9,0,0
9,0,0
9,0,0
9,0,0
9,1,1
9,0,0
9,0,1
9,0,0
Total DB Queries This Round: 1813
Total time spent this round in seconds: 74.01171541213989
9,0,0
9,0,0
9,0,0
9,0,0
9,0,0
9,0,0
9,0,0
9,0,0
9,0,0
9,0,0
9,0,1
9,1,1
9,0,0
9,0,0
9,0,0
9,1,0
9,0,0
9,0,0
9,0,0
9,0,0
9,0,0
9,0,1
9,0,0
9,0,0
9,1,1
9,0,0
9,0,0
9,0,0
9,0,0
9,1,0
9,0,0
9,0,0
9,0,0
9,0,0
9,0,0
9,0,0
9,0,0
9,0,0
9,0,0
9,0,1
9,0,0
9,0,0
9,0,0
9,0,0
9,0,0
9,0,0
9,0,0
9,0,0
9,0,0
9,0,0
9,0,0
9,0,0
9,0,0
9,0,0
9,0,0
9,0,0
9,0,1
9,0,0
9,0,1
9,1,1
9,0,0
9,0,0
9,0,0
9,0,0
9,0,0
9,0,0
9,0,0
9,0,0
9,0,0
9,0,0
9,0,0
9,0,0
9,0,0
9,0,0
9,0,0
9,0,0
9,0,0
9,0,0
9,0,0
9,0,0
9,0,0
9,0,0
9,0,0
9,0,0
9,1,1
9,0,0
9,0,0
9,1,1
9,1,1
9,0,0
9,0,0
9,0,0
9,0,0
9,0,1
9,0,0
9,0,0
9,0,0
9,1,1
9,0,0
9,0,0
Total DB Queries This Round: 2560
Total time spent this round in seconds: 79.95452237129211
9,0,0
9,0,0
9,0,1
9,0,0
9,0,0
9,0,0
9,0,0
9,0,0
9,0,0
9,0,0
9,0,1
9,1,1
9,0,1
9,0,0
9,0,0
9,0,0
9,0,0
9,0,0
9,0,0
9,0,0
9,0,0
9,1,1
9,0,0
9,0,0
9,0,0
9,0,0
9,0,0
9,0,0
9,0,0
9,0,0
9,0,0
9,0,0
9,0,1
9,0,0
9,0,0
9,0,0
9,0,0
9,0,0
9,0,0
9,0,0
9,0,0
9,0,1
9,0,0
9,0,0
9,0,0
9,0,0
9,1,1
9,1,1
9,0,0
9,0,0
9,0,0
9,0,0
9,0,0
9,0,0
9,0,0
9,1,1
9,0,0
9,0,0
9,0,0
9,0,0
9,0,0
9,1,1
9,0,0
9,0,0
9,0,0
9,0,0
9,0,0
9,0,1
9,0,0
9,0,0
9,1,1
9,0,0
9,0,0
9,0,0
9,0,0
9,0,0
9,0,0
9,0,0
9,0,0
9,0,0
9,0,0
9,0,0
9,1,1
9,0,0
9,1,1
9,0,0
9,0,0
9,0,0
9,0,0
9,0,0
9,0,0
9,0,0
9,0,1
9,0,0
9,0,0
9,0,0
9,0,0
9,0,0
9,0,0
9,0,0
Total DB Queries This Round: 1591
Total time spent this round in seconds: 67.3729555606842
9,1,1
9,0,0
9,0,0
9,0,0
9,0,0
9,0,0
9,0,0
9,0,0
9,0,0
9,0,0
9,1,1
9,0,0
9,0,0
9,0,0
9,0,0
9,0,0
9,0,0
9,0,1
9,0,0
9,0,0
9,0,0
9,0,0
9,0,0
9,0,0
9,0,0
9,0,0
9,0,0
9,1,0
9,0,0
9,0,0
9,0,0
9,1,1
9,0,0
9,0,0
9,0,0
9,0,0
9,0,0
9,0,0
9,0,0
9,0,0
9,0,0
9,0,0
9,0,0
9,0,0
9,0,0
9,0,0
9,0,1
9,0,0
9,0,0
9,0,0
9,0,0
9,0,0
9,0,0
9,0,0
9,0,0
9,1,1
9,1,1
9,0,0
9,0,0
9,0,1
9,0,0
9,0,0
9,0,0
9,0,0
9,1,1
9,0,0
9,0,0
9,0,0
9,0,0
9,0,0
9,0,0
9,0,0
9,0,0
9,0,0
9,0,0
9,1,1
9,0,0
9,0,0
9,0,0
9,0,1
9,0,0
9,0,0
9,0,0
9,1,1
9,0,0
9,0,0
9,0,0
9,0,0
9,0,0
9,0,0
9,0,0
9,0,0
9,0,0
9,0,0
9,0,0
9,0,0
9,0,0
9,0,0
9,0,0
9,0,0
Total DB Queries This Round: 1425
Total time spent this round in seconds: 48.74783992767334
9,0,0
9,0,0
9,0,0
9,0,0
9,0,0
9,1,1
9,0,0
9,0,0
9,1,1
9,0,0
9,0,0
9,0,0
9,0,0
9,0,1
9,1,0
9,1,1
9,0,0
9,0,0
9,0,1
9,0,1
9,0,0
9,0,0
9,0,0
9,0,0
9,0,0
9,0,0
9,0,0
9,0,0
9,0,0
9,0,0
9,0,0
9,0,0
9,0,0
9,0,0
9,0,0
9,0,0
9,0,0
9,0,0
9,0,0
9,0,0
9,0,0
9,0,0
9,0,0
9,0,0
9,0,0
9,0,0
9,0,0
9,0,0
9,0,0
9,0,0
9,0,0
9,0,0
9,1,1
9,0,0
9,0,0
9,0,0
9,1,1
9,0,1
9,0,0
9,0,0
9,0,0
9,0,0
9,0,0
9,0,0
9,0,0
9,0,0
9,0,0
9,0,0
9,0,0
9,0,0
9,0,0
9,0,0
9,0,0
9,1,0
9,0,0
9,0,0
9,0,1
9,0,0
9,0,0
9,0,0
9,1,0
9,0,0
9,0,0
9,0,0
9,0,0
9,0,0
9,0,0
9,0,0
9,0,0
9,0,0
9,0,0
9,1,1
9,0,0
9,0,0
9,0,0
9,0,0
9,0,0
9,0,0
9,0,0
9,0,0
Total DB Queries This Round: 1449
Total time spent this round in seconds: 47.886024713516235
9,0,0
9,0,0
9,0,0
9,0,0
9,0,0
9,0,0
9,0,1
9,0,1
9,0,0
9,0,0
9,0,0
9,0,0
9,0,0
9,0,0
9,1,1
9,0,0
9,1,1
9,0,0
9,0,0
9,0,0
9,0,0
9,0,0
9,0,0
9,0,0
9,0,0
9,0,0
9,0,0
9,0,0
9,0,0
9,0,1
9,0,0
9,0,0
9,0,0
9,1,1
9,0,0
9,0,0
9,1,1
9,0,0
9,0,0
9,0,0
9,0,0
9,0,0
9,0,0
9,1,1
9,0,0
9,0,0
9,0,0
9,0,0
9,0,0
9,0,0
9,0,0
9,0,1
9,0,0
9,0,0
9,0,0
9,0,0
9,0,0
9,0,0
9,0,0
9,0,0
9,0,0
9,0,0
9,1,1
9,0,0
9,0,0
9,0,0
9,0,0
9,0,0
9,0,0
9,0,0
9,0,0
9,0,0
9,0,0
9,0,0
9,0,0
9,0,0
9,0,0
9,0,0
9,0,0
9,0,0
9,1,1
9,0,0
9,0,0
9,0,0
9,0,0
9,0,0
9,0,0
9,0,1
9,0,0
9,0,0
9,1,1
9,0,1
9,1,1
9,0,0
9,0,0
9,0,0
9,0,0
9,0,1
9,0,0
9,0,0
Total DB Queries This Round: 1811
Total time spent this round in seconds: 74.09983372688293
9,0,0
9,1,1
9,0,0
9,0,0
9,0,0
9,0,0
9,0,0
9,0,1
9,0,0
9,1,1
9,0,1
9,0,0
9,0,0
9,0,0
9,0,1
9,1,1
9,0,0
9,1,1
9,0,0
9,0,1
9,0,0
9,0,0
9,0,0
9,0,0
9,0,0
9,0,0
9,0,0
9,0,0
9,0,0
9,0,0
9,0,0
9,0,0
9,0,0
9,0,0
9,0,0
9,0,0
9,0,0
9,0,0
9,0,0
9,0,1
9,0,0
9,0,0
9,0,0
9,0,0
9,0,0
9,0,0
9,0,0
9,0,0
9,0,0
9,0,0
9,0,0
9,0,0
9,0,1
9,0,0
9,0,0
9,0,0
9,0,0
9,0,0
9,0,0
9,0,0
9,1,1
9,0,1
9,0,0
9,0,0
9,0,0
9,0,0
9,0,0
9,0,0
9,0,0
9,0,0
9,0,0
9,0,0
9,0,1
9,0,0
9,0,0
9,1,1
9,0,0
9,0,0
9,0,0
9,0,0
9,1,1
9,1,1
9,0,0
9,0,0
9,0,0
9,0,0
9,0,0
9,0,0
9,0,0
9,0,0
9,0,0
9,1,1
9,0,0
9,0,1
9,0,0
9,0,0
9,0,0
9,0,0
9,0,0
9,0,0
Total DB Queries This Round: 1426
Total time spent this round in seconds: 57.87647533416748
9,0,0
9,0,0
9,0,0
9,0,0
9,0,0
9,0,0
9,1,1
9,0,0
9,0,0
9,0,0
9,0,0
9,0,0
9,0,0
9,0,0
9,0,0
9,0,0
9,0,0
9,0,0
9,0,0
9,0,0
9,1,1
9,0,0
9,1,1
9,0,1
9,0,0
9,0,0
9,0,0
9,1,1
9,0,0
9,0,0
9,0,0
9,0,0
9,0,0
9,0,0
9,0,0
9,0,0
9,0,0
9,0,0
9,0,0
9,0,0
9,0,0
9,0,0
9,0,0
9,0,0
9,0,0
9,0,0
9,0,0
9,0,1
9,0,0
9,0,0
9,0,0
9,0,0
9,0,0
9,0,0
9,0,0
9,0,0
9,0,0
9,1,0
9,0,0
9,0,0
9,0,0
9,0,1
9,0,0
9,0,0
9,0,1
9,0,0
9,0,0
9,0,0
9,0,0
9,0,0
9,0,0
9,0,0
9,0,0
9,1,1
9,0,0
9,0,0
9,0,0
9,0,0
9,0,0
9,0,0
9,0,0
9,1,1
9,0,0
9,0,0
9,0,0
9,0,0
9,0,0
9,0,0
9,0,0
9,0,0
9,0,0
9,0,0
9,0,1
9,1,1
9,0,0
9,1,1
9,0,0
9,0,1
9,0,0
9,0,0
Total DB Queries This Round: 1461
Total time spent this round in seconds: 49.6666202545166
PERCENT IN TABLE OF 100: 10%
10,1,1
10,0,0
10,0,0
10,0,0
10,0,0
10,0,0
10,0,0
10,0,0
10,0,0
10,0,0
10,0,0
10,0,0
10,0,0
10,0,0
10,0,0
10,0,0
10,0,0
10,0,0
10,0,0
10,0,0
10,0,0
10,0,1
10,0,0
10,0,0
10,0,0
10,0,0
10,0,0
10,0,0
10,0,0
10,0,0
10,0,0
10,0,0
10,0,0
10,0,0
10,0,0
10,0,0
10,0,0
10,0,0
10,0,0
10,0,0
10,0,0
10,0,0
10,0,0
10,0,0
10,0,0
10,0,0
10,0,0
10,0,0
10,0,0
10,0,0
10,1,1
10,0,0
10,1,1
10,0,1
10,0,0
10,0,0
10,0,0
10,0,0
10,0,0
10,0,0
10,1,1
10,0,0
10,0,0
10,0,0
10,0,1
10,0,0
10,0,0
10,0,0
10,0,0
10,1,1
10,0,0
10,0,0
10,0,0
10,0,0
10,1,1
10,0,1
10,0,0
10,0,0
10,0,0
10,0,1
10,1,1
10,0,0
10,1,1
10,0,0
10,0,0
10,0,0
10,1,1
10,0,0
10,0,0
10,0,0
10,0,0
10,0,0
10,0,0
10,1,1
10,0,0
10,0,0
10,0,0
10,0,0
10,0,0
10,0,0
Total DB Queries This Round: 1468
Total time spent this round in seconds: 49.372395515441895
10,0,0
10,0,0
10,0,0
10,0,0
10,0,0
10,0,0
10,0,0
10,0,0
10,0,0
10,0,0
10,0,0
10,0,0
10,0,0
10,1,1
10,0,0
10,0,0
10,0,0
10,0,0
10,0,0
10,0,0
10,0,0
10,0,0
10,0,0
10,0,0
10,1,1
10,0,0
10,0,0
10,0,0
10,0,0
10,0,0
10,0,0
10,0,0
10,1,1
10,0,0
10,0,0
10,0,0
10,0,0
10,0,0
10,0,0
10,1,1
10,0,1
10,0,0
10,0,1
10,0,0
10,0,0
10,1,0
10,0,0
10,0,0
10,0,0
10,1,1
10,0,0
10,0,0
10,0,0
10,0,0
10,0,0
10,0,0
10,0,0
10,0,0
10,0,0
10,0,0
10,0,0
10,0,0
10,0,0
10,1,1
10,0,0
10,1,1
10,0,1
10,0,0
10,0,0
10,0,0
10,0,0
10,0,0
10,0,0
10,0,0
10,0,0
10,0,0
10,0,0
10,0,0
10,0,0
10,0,0
10,0,0
10,0,0
10,1,1
10,0,0
10,0,0
10,0,0
10,0,0
10,0,1
10,0,0
10,0,0
10,0,0
10,0,0
10,1,1
10,0,0
10,0,1
10,0,0
10,0,0
10,0,0
10,0,1
10,0,0
Total DB Queries This Round: 1794
Total time spent this round in seconds: 60.39729690551758
10,0,0
10,0,0
10,0,0
10,0,0
10,0,0
10,0,0
10,0,0
10,0,0
10,0,0
10,0,0
10,0,0
10,1,1
10,0,0
10,0,0
10,1,1
10,0,0
10,0,0
10,0,0
10,1,1
10,1,1
10,0,0
10,0,0
10,0,0
10,0,0
10,0,0
10,0,0
10,0,0
10,0,0
10,0,1
10,1,1
10,0,0
10,0,0
10,0,0
10,0,0
10,0,0
10,0,0
10,0,0
10,0,0
10,1,1
10,0,0
10,0,0
10,0,0
10,0,0
10,0,0
10,0,0
10,0,0
10,0,0
10,0,0
10,0,1
10,0,1
10,0,0
10,0,0
10,0,0
10,0,0
10,1,1
10,0,0
10,0,0
10,0,0
10,0,0
10,0,0
10,0,0
10,0,0
10,0,0
10,0,0
10,0,0
10,0,0
10,0,0
10,0,0
10,0,0
10,0,0
10,1,1
10,0,0
10,0,0
10,0,0
10,0,0
10,0,0
10,0,0
10,0,0
10,0,1
10,1,1
10,0,0
10,0,0
10,0,0
10,0,0
10,0,0
10,1,1
10,0,0
10,0,0
10,0,0
10,0,0
10,0,0
10,0,0
10,0,1
10,0,0
10,0,1
10,0,1
10,0,0
10,0,0
10,0,0
10,0,0
Total DB Queries This Round: 1489
Total time spent this round in seconds: 50.69412136077881
10,0,0
10,0,0
10,0,0
10,0,0
10,0,0
10,0,0
10,0,0
10,0,0
10,0,0
10,0,0
10,0,0
10,0,0
10,0,1
10,0,0
10,0,0
10,0,0
10,1,1
10,0,0
10,0,0
10,0,0
10,0,0
10,0,0
10,0,0
10,0,0
10,0,0
10,0,0
10,0,0
10,0,1
10,0,0
10,0,0
10,0,0
10,0,0
10,0,0
10,0,0
10,0,0
10,0,0
10,0,0
10,0,0
10,0,0
10,1,0
10,1,1
10,0,0
10,0,0
10,0,0
10,0,0
10,0,0
10,0,0
10,0,0
10,0,0
10,0,0
10,0,0
10,0,0
10,0,0
10,0,0
10,0,0
10,1,1
10,0,0
10,0,0
10,0,0
10,0,0
10,0,0
10,0,0
10,0,0
10,0,0
10,0,0
10,1,1
10,0,1
10,0,0
10,0,0
10,0,0
10,0,0
10,0,0
10,0,0
10,1,1
10,0,0
10,0,0
10,0,0
10,0,0
10,0,0
10,1,1
10,0,0
10,1,1
10,0,0
10,0,0
10,0,0
10,1,1
10,0,0
10,0,0
10,0,0
10,0,0
10,0,0
10,0,0
10,1,1
10,0,0
10,0,0
10,0,0
10,0,0
10,0,0
10,0,0
10,0,0
Total DB Queries This Round: 1438
Total time spent this round in seconds: 46.901928663253784
10,0,0
10,0,0
10,0,0
10,0,0
10,0,0
10,0,0
10,0,0
10,0,0
10,0,1
10,0,0
10,0,0
10,1,0
10,0,0
10,0,0
10,0,0
10,0,0
10,0,0
10,0,0
10,1,1
10,0,1
10,0,1
10,0,0
10,0,0
10,0,0
10,0,0
10,0,0
10,1,1
10,0,0
10,0,0
10,0,0
10,0,0
10,0,0
10,0,0
10,0,0
10,0,0
10,0,0
10,1,1
10,0,0
10,0,0
10,0,0
10,1,1
10,0,0
10,0,0
10,0,0
10,0,0
10,0,0
10,0,0
10,0,0
10,0,0
10,0,0
10,0,0
10,0,0
10,0,0
10,0,0
10,0,0
10,0,0
10,0,0
10,0,0
10,0,0
10,0,0
10,0,0
10,0,0
10,1,1
10,0,0
10,0,0
10,1,1
10,0,0
10,0,0
10,0,0
10,0,0
10,0,0
10,0,0
10,0,0
10,0,0
10,0,0
10,0,0
10,1,1
10,0,0
10,0,1
10,0,0
10,0,0
10,0,0
10,0,0
10,0,0
10,0,0
10,0,0
10,0,0
10,0,0
10,0,0
10,1,1
10,0,0
10,1,0
10,0,0
10,0,0
10,0,1
10,0,0
10,0,1
10,0,0
10,0,0
10,0,1
Total DB Queries This Round: 1403
Total time spent this round in seconds: 44.56144452095032
10,0,1
10,0,0
10,0,0
10,0,0
10,0,0
10,0,0
10,0,0
10,1,1
10,0,1
10,0,0
10,1,1
10,0,1
10,0,0
10,0,0
10,1,1
10,0,1
10,0,0
10,0,0
10,0,0
10,0,0
10,0,0
10,0,0
10,0,1
10,1,1
10,0,0
10,0,1
10,0,0
10,0,0
10,0,0
10,0,1
10,0,0
10,0,0
10,0,0
10,0,0
10,0,0
10,0,0
10,0,0
10,0,0
10,0,0
10,1,1
10,0,0
10,0,0
10,0,0
10,1,0
10,0,0
10,0,0
10,0,0
10,0,0
10,0,0
10,0,0
10,0,0
10,0,0
10,0,0
10,1,1
10,0,1
10,1,1
10,0,0
10,0,0
10,0,0
10,0,0
10,0,0
10,0,0
10,0,0
10,0,0
10,0,0
10,0,0
10,0,0
10,0,0
10,0,0
10,0,0
10,0,0
10,0,0
10,0,0
10,0,0
10,0,0
10,0,0
10,0,0
10,0,0
10,0,0
10,0,0
10,0,0
10,0,0
10,0,0
10,0,0
10,0,0
10,0,0
10,0,0
10,0,0
10,1,1
10,0,0
10,0,1
10,0,0
10,0,0
10,0,0
10,0,0
10,1,1
10,0,0
10,0,0
10,0,0
10,0,0
Total DB Queries This Round: 1691
Total time spent this round in seconds: 55.8957781791687
10,1,1
10,0,0
10,0,0
10,0,0
10,0,0
10,0,0
10,0,1
10,0,0
10,0,0
10,0,0
10,0,0
10,0,0
10,0,0
10,0,0
10,0,0
10,1,1
10,1,1
10,0,0
10,0,0
10,0,0
10,0,0
10,0,0
10,0,0
10,0,0
10,0,0
10,0,1
10,0,0
10,0,0
10,0,0
10,0,0
10,0,0
10,0,0
10,0,0
10,0,0
10,1,1
10,0,0
10,0,0
10,0,0
10,0,0
10,0,0
10,0,0
10,0,0
10,0,0
10,0,0
10,0,0
10,0,0
10,0,0
10,0,0
10,1,1
10,0,0
10,0,0
10,0,0
10,0,0
10,0,0
10,0,0
10,0,0
10,0,0
10,0,0
10,0,0
10,0,0
10,0,1
10,0,0
10,0,0
10,0,0
10,0,0
10,0,0
10,0,1
10,1,1
10,0,0
10,0,0
10,0,1
10,0,0
10,0,0
10,0,1
10,0,0
10,0,0
10,0,0
10,1,1
10,0,0
10,0,0
10,1,1
10,1,1
10,0,0
10,0,0
10,0,0
10,0,0
10,0,1
10,1,1
10,0,0
10,0,0
10,0,0
10,0,0
10,0,0
10,0,0
10,0,0
10,0,0
10,0,0
10,0,0
10,0,0
10,0,0
Total DB Queries This Round: 1717
Total time spent this round in seconds: 56.744996786117554
10,0,0
10,0,0
10,0,0
10,0,0
10,0,0
10,0,0
10,0,0
10,0,0
10,0,0
10,1,1
10,0,0
10,0,0
10,0,1
10,0,0
10,0,0
10,0,0
10,0,0
10,0,0
10,0,0
10,0,0
10,0,0
10,0,0
10,0,0
10,0,0
10,0,1
10,0,1
10,0,0
10,0,0
10,0,0
10,1,1
10,0,0
10,0,0
10,1,1
10,0,0
10,0,0
10,0,0
10,0,0
10,0,0
10,0,0
10,0,0
10,0,0
10,1,1
10,0,0
10,1,0
10,1,1
10,0,0
10,0,0
10,0,0
10,0,0
10,0,0
10,0,0
10,0,0
10,0,0
10,0,0
10,0,0
10,0,0
10,0,0
10,0,0
10,0,0
10,0,0
10,0,1
10,0,0
10,0,0
10,0,0
10,0,0
10,0,0
10,0,1
10,0,0
10,0,0
10,0,1
10,0,0
10,1,1
10,0,0
10,0,0
10,0,0
10,0,0
10,0,0
10,0,0
10,0,0
10,0,0
10,0,0
10,1,1
10,1,1
10,0,0
10,0,0
10,0,0
10,1,1
10,0,0
10,0,0
10,0,0
10,0,0
10,0,0
10,0,0
10,0,0
10,0,0
10,0,0
10,0,0
10,0,0
10,0,0
10,0,0
Total DB Queries This Round: 1722
Total time spent this round in seconds: 55.21575403213501
10,0,0
10,1,1
10,0,0
10,0,0
10,0,0
10,0,0
10,0,0
10,0,0
10,0,1
10,0,0
10,0,0
10,0,0
10,0,0
10,0,0
10,0,1
10,0,0
10,0,0
10,0,0
10,0,0
10,0,0
10,0,0
10,1,1
10,0,0
10,0,0
10,0,0
10,0,0
10,0,0
10,0,0
10,0,0
10,0,0
10,0,1
10,0,0
10,0,0
10,0,0
10,1,1
10,0,0
10,0,0
10,0,0
10,0,1
10,1,1
10,0,0
10,0,1
10,0,0
10,0,0
10,1,0
10,0,0
10,0,0
10,0,0
10,0,0
10,0,0
10,0,0
10,0,0
10,0,0
10,0,0
10,0,0
10,0,0
10,0,0
10,1,1
10,0,0
10,0,0
10,0,0
10,0,0
10,0,1
10,0,1
10,0,0
10,0,0
10,0,0
10,0,0
10,0,0
10,0,0
10,0,0
10,0,0
10,0,0
10,1,1
10,0,0
10,0,0
10,0,0
10,0,0
10,0,1
10,0,0
10,1,0
10,0,0
10,0,0
10,0,0
10,0,0
10,0,0
10,0,1
10,0,0
10,0,0
10,1,1
10,0,0
10,1,0
10,0,0
10,0,0
10,0,0
10,0,1
10,0,0
10,0,0
10,0,0
10,0,0
Total DB Queries This Round: 1820
Total time spent this round in seconds: 58.590003490448
10,0,0
10,0,0
10,0,0
10,0,0
10,0,0
10,0,0
10,1,1
10,0,0
10,0,0
10,0,0
10,1,1
10,0,0
10,0,0
10,0,0
10,0,0
10,0,0
10,0,0
10,0,0
10,1,1
10,0,0
10,1,1
10,0,0
10,0,0
10,0,0
10,0,0
10,0,0
10,0,0
10,0,0
10,0,0
10,0,0
10,0,0
10,0,0
10,0,0
10,0,0
10,0,0
10,0,0
10,0,0
10,0,0
10,0,0
10,0,0
10,0,0
10,0,1
10,0,0
10,0,0
10,0,0
10,0,0
10,0,0
10,0,0
10,0,0
10,0,0
10,0,0
10,0,0
10,0,0
10,0,0
10,1,1
10,0,0
10,0,0
10,0,0
10,0,0
10,0,0
10,0,0
10,0,0
10,1,1
10,0,1
10,0,0
10,0,0
10,0,0
10,1,1
10,0,0
10,0,0
10,0,0
10,1,1
10,0,0
10,0,0
10,0,0
10,1,1
10,0,0
10,0,0
10,0,0
10,0,0
10,0,0
10,0,0
10,0,1
10,0,0
10,0,0
10,0,0
10,0,0
10,0,0
10,0,0
10,0,0
10,0,0
10,0,0
10,0,0
10,0,0
10,0,0
10,1,1
10,0,0
10,0,0
10,0,0
10,0,1
Total DB Queries This Round: 1567
Total time spent this round in seconds: 49.41666531562805
