records_on_page,k,accuracy_n_500,accuracy_n_750,accuracy_n_1000,accuracy_n_1250,accuracy_n_1500,setup_time,per_guess_time
1,1,1.0,1.0,1.0,1.0,1.0,1.6310982704162598,0.5665708451271058
20,20,0.65,0.65,0.65,0.6,0.6,0.5612335205078125,1.330079642613729
40,40,0.35,0.35,0.325,0.25,0.225,0.5350635051727295,0.5437290827433269
60,60,0.36666666666666664,0.3333333333333333,0.31666666666666665,0.26666666666666666,0.25,1.3466062545776367,0.5949673248926799
80,80,0.55,0.5,0.45,0.4125,0.4125,0.40674376487731934,1.5849967981974284
100,100,0.65,0.54,0.47,0.45,0.37,0.3750264644622803,2.191566824118296
120,120,0.575,0.49166666666666664,0.44166666666666665,0.4,0.35833333333333334,0.3355143070220947,1.990082456747691
140,140,0.6428571428571429,0.5071428571428571,0.44285714285714284,0.38571428571428573,0.34285714285714286,0.26439642906188965,1.1240680646896362
160,160,0.73125,0.6875,0.625,0.58125,0.5375,0.24254965782165527,1.7790894660949708
180,180,0.7833333333333333,0.7388888888888889,0.7055555555555556,0.7,0.7,0.25685977935791016,2.312264092127482
200,200,0.67,0.525,0.455,0.425,0.36,0.1614818572998047,1.6042916901906332
220,220,0.8181818181818182,0.6863636363636364,0.6181818181818182,0.5681818181818182,0.5454545454545454,0.10385513305664062,2.779877175807953
240,240,0.6458333333333334,0.5541666666666667,0.475,0.4,0.35,0.06704354286193848,0.9850015377998352
