true_label,num_secrets,b_no,b_guess,b_yes,setup_time,per_guess_time
PERCENT IN TABLE OF 100: 0%
1,100,17,0,6,0.096649169921875,0.5931572031974792
1,100,17,0,3,0.096649169921875,0.5931572031974792
1,100,17,0,11,0.096649169921875,0.5931572031974792
1,100,15,0,4,0.096649169921875,0.5931572031974792
1,100,22,0,9,0.096649169921875,0.5931572031974792
1,100,17,5,0,0.096649169921875,0.5931572031974792
1,100,22,0,9,0.096649169921875,0.5931572031974792
1,100,22,0,9,0.096649169921875,0.5931572031974792
1,100,7,0,10,0.096649169921875,0.5931572031974792
1,100,12,5,0,0.096649169921875,0.5931572031974792
1,100,17,0,6,0.096649169921875,0.5931572031974792
1,100,7,0,10,0.096649169921875,0.5931572031974792
1,100,21,0,9,0.096649169921875,0.5931572031974792
1,100,4,0,7,0.096649169921875,0.5931572031974792
1,100,22,0,9,0.096649169921875,0.5931572031974792
1,100,22,0,10,0.096649169921875,0.5931572031974792
1,100,12,0,7,0.096649169921875,0.5931572031974792
1,100,12,5,0,0.096649169921875,0.5931572031974792
1,100,20,0,7,0.096649169921875,0.5931572031974792
1,100,28,0,9,0.096649169921875,0.5931572031974792
1,100,12,5,0,0.096649169921875,0.5931572031974792
1,100,20,0,6,0.096649169921875,0.5931572031974792
1,100,19,0,13,0.096649169921875,0.5931572031974792
1,100,12,5,0,0.096649169921875,0.5931572031974792
1,100,17,0,11,0.096649169921875,0.5931572031974792
1,100,17,0,11,0.096649169921875,0.5931572031974792
1,100,12,0,7,0.096649169921875,0.5931572031974792
1,100,22,0,8,0.096649169921875,0.5931572031974792
1,100,4,0,7,0.096649169921875,0.5931572031974792
1,100,7,0,10,0.096649169921875,0.5931572031974792
1,100,17,0,6,0.096649169921875,0.5931572031974792
1,100,27,0,8,0.096649169921875,0.5931572031974792
1,100,27,0,8,0.096649169921875,0.5931572031974792
1,100,22,0,8,0.096649169921875,0.5931572031974792
1,100,19,0,7,0.096649169921875,0.5931572031974792
1,100,17,6,0,0.096649169921875,0.5931572031974792
1,100,27,0,8,0.096649169921875,0.5931572031974792
1,100,14,0,3,0.096649169921875,0.5931572031974792
1,100,17,0,11,0.096649169921875,0.5931572031974792
1,100,4,0,7,0.096649169921875,0.5931572031974792
1,100,27,0,8,0.096649169921875,0.5931572031974792
1,100,12,0,7,0.096649169921875,0.5931572031974792
1,100,22,0,8,0.096649169921875,0.5931572031974792
1,100,7,0,10,0.096649169921875,0.5931572031974792
1,100,17,0,11,0.096649169921875,0.5931572031974792
1,100,12,0,7,0.096649169921875,0.5931572031974792
1,100,17,0,12,0.096649169921875,0.5931572031974792
1,100,17,5,0,0.096649169921875,0.5931572031974792
1,100,7,0,10,0.096649169921875,0.5931572031974792
1,100,12,0,7,0.096649169921875,0.5931572031974792
1,100,19,0,8,0.096649169921875,0.5931572031974792
1,100,22,0,9,0.096649169921875,0.5931572031974792
1,100,7,0,10,0.096649169921875,0.5931572031974792
1,100,17,5,0,0.096649169921875,0.5931572031974792
1,100,0,0,3,0.096649169921875,0.5931572031974792
1,100,7,0,10,0.096649169921875,0.5931572031974792
1,100,19,0,13,0.096649169921875,0.5931572031974792
1,100,22,0,9,0.096649169921875,0.5931572031974792
1,100,17,0,6,0.096649169921875,0.5931572031974792
1,100,22,0,9,0.096649169921875,0.5931572031974792
1,100,27,0,8,0.096649169921875,0.5931572031974792
1,100,12,0,7,0.096649169921875,0.5931572031974792
1,100,22,0,9,0.096649169921875,0.5931572031974792
1,100,17,0,6,0.096649169921875,0.5931572031974792
1,100,17,0,6,0.096649169921875,0.5931572031974792
1,100,12,5,0,0.096649169921875,0.5931572031974792
1,100,17,0,3,0.096649169921875,0.5931572031974792
1,100,27,0,8,0.096649169921875,0.5931572031974792
1,100,22,0,8,0.096649169921875,0.5931572031974792
1,100,22,0,10,0.096649169921875,0.5931572031974792
1,100,20,0,7,0.096649169921875,0.5931572031974792
1,100,17,6,0,0.096649169921875,0.5931572031974792
1,100,12,5,0,0.096649169921875,0.5931572031974792
1,100,22,0,8,0.096649169921875,0.5931572031974792
1,100,22,0,8,0.096649169921875,0.5931572031974792
1,100,19,0,13,0.096649169921875,0.5931572031974792
1,100,22,0,8,0.096649169921875,0.5931572031974792
1,100,12,5,0,0.096649169921875,0.5931572031974792
1,100,22,0,10,0.096649169921875,0.5931572031974792
1,100,22,0,9,0.096649169921875,0.5931572031974792
1,100,22,0,9,0.096649169921875,0.5931572031974792
1,100,17,0,11,0.096649169921875,0.5931572031974792
1,100,20,0,7,0.096649169921875,0.5931572031974792
1,100,22,0,9,0.096649169921875,0.5931572031974792
1,100,17,5,0,0.096649169921875,0.5931572031974792
1,100,22,0,10,0.096649169921875,0.5931572031974792
1,100,17,5,0,0.096649169921875,0.5931572031974792
1,100,12,0,7,0.096649169921875,0.5931572031974792
1,100,17,0,6,0.096649169921875,0.5931572031974792
1,100,22,0,10,0.096649169921875,0.5931572031974792
1,100,21,0,9,0.096649169921875,0.5931572031974792
1,100,12,5,0,0.096649169921875,0.5931572031974792
1,100,27,0,8,0.096649169921875,0.5931572031974792
1,100,12,0,7,0.096649169921875,0.5931572031974792
1,100,22,0,9,0.096649169921875,0.5931572031974792
1,100,21,0,9,0.096649169921875,0.5931572031974792
1,100,17,0,6,0.096649169921875,0.5931572031974792
1,100,12,0,7,0.096649169921875,0.5931572031974792
1,100,21,0,9,0.096649169921875,0.5931572031974792
1,100,28,0,9,0.096649169921875,0.5931572031974792
0,100,12,17,0,0.096649169921875,0.5931572031974792
0,100,11,11,0,0.096649169921875,0.5931572031974792
0,100,12,13,0,0.096649169921875,0.5931572031974792
0,100,12,12,0,0.096649169921875,0.5931572031974792
0,100,17,17,0,0.096649169921875,0.5931572031974792
0,100,0,15,3,0.096649169921875,0.5931572031974792
0,100,19,19,0,0.096649169921875,0.5931572031974792
0,100,17,17,0,0.096649169921875,0.5931572031974792
0,100,13,12,0,0.096649169921875,0.5931572031974792
0,100,5,5,0,0.096649169921875,0.5931572031974792
0,100,0,15,3,0.096649169921875,0.5931572031974792
0,100,13,13,0,0.096649169921875,0.5931572031974792
0,100,12,17,0,0.096649169921875,0.5931572031974792
0,100,12,16,0,0.096649169921875,0.5931572031974792
0,100,0,15,3,0.096649169921875,0.5931572031974792
0,100,14,19,0,0.096649169921875,0.5931572031974792
0,100,0,15,3,0.096649169921875,0.5931572031974792
0,100,13,13,0,0.096649169921875,0.5931572031974792
0,100,12,11,0,0.096649169921875,0.5931572031974792
0,100,12,12,0,0.096649169921875,0.5931572031974792
0,100,17,12,0,0.096649169921875,0.5931572031974792
0,100,14,19,0,0.096649169921875,0.5931572031974792
0,100,14,19,0,0.096649169921875,0.5931572031974792
0,100,6,7,0,0.096649169921875,0.5931572031974792
0,100,11,11,0,0.096649169921875,0.5931572031974792
0,100,5,5,0,0.096649169921875,0.5931572031974792
0,100,0,15,3,0.096649169921875,0.5931572031974792
0,100,19,19,0,0.096649169921875,0.5931572031974792
0,100,12,17,0,0.096649169921875,0.5931572031974792
0,100,17,17,0,0.096649169921875,0.5931572031974792
0,100,19,20,0,0.096649169921875,0.5931572031974792
0,100,6,6,0,0.096649169921875,0.5931572031974792
0,100,12,17,0,0.096649169921875,0.5931572031974792
0,100,12,17,0,0.096649169921875,0.5931572031974792
0,100,19,19,0,0.096649169921875,0.5931572031974792
0,100,17,12,0,0.096649169921875,0.5931572031974792
0,100,6,7,0,0.096649169921875,0.5931572031974792
0,100,14,19,0,0.096649169921875,0.5931572031974792
0,100,13,12,0,0.096649169921875,0.5931572031974792
0,100,12,12,0,0.096649169921875,0.5931572031974792
0,100,12,17,0,0.096649169921875,0.5931572031974792
0,100,13,12,0,0.096649169921875,0.5931572031974792
0,100,6,6,0,0.096649169921875,0.5931572031974792
0,100,5,5,0,0.096649169921875,0.5931572031974792
0,100,12,18,0,0.096649169921875,0.5931572031974792
0,100,11,11,0,0.096649169921875,0.5931572031974792
0,100,6,1,0,0.096649169921875,0.5931572031974792
0,100,13,12,0,0.096649169921875,0.5931572031974792
0,100,19,19,0,0.096649169921875,0.5931572031974792
0,100,14,19,0,0.096649169921875,0.5931572031974792
0,100,5,5,0,0.096649169921875,0.5931572031974792
0,100,5,5,0,0.096649169921875,0.5931572031974792
0,100,6,6,0,0.096649169921875,0.5931572031974792
0,100,12,17,0,0.096649169921875,0.5931572031974792
0,100,19,19,0,0.096649169921875,0.5931572031974792
0,100,12,12,0,0.096649169921875,0.5931572031974792
0,100,0,15,3,0.096649169921875,0.5931572031974792
0,100,17,17,0,0.096649169921875,0.5931572031974792
0,100,0,15,3,0.096649169921875,0.5931572031974792
0,100,13,12,0,0.096649169921875,0.5931572031974792
0,100,5,5,0,0.096649169921875,0.5931572031974792
0,100,12,12,0,0.096649169921875,0.5931572031974792
0,100,12,17,0,0.096649169921875,0.5931572031974792
0,100,12,12,0,0.096649169921875,0.5931572031974792
0,100,12,17,0,0.096649169921875,0.5931572031974792
0,100,12,12,0,0.096649169921875,0.5931572031974792
0,100,19,19,0,0.096649169921875,0.5931572031974792
0,100,11,11,0,0.096649169921875,0.5931572031974792
0,100,14,19,0,0.096649169921875,0.5931572031974792
0,100,17,17,0,0.096649169921875,0.5931572031974792
0,100,6,6,0,0.096649169921875,0.5931572031974792
0,100,12,5,0,0.096649169921875,0.5931572031974792
0,100,5,5,0,0.096649169921875,0.5931572031974792
0,100,19,19,0,0.096649169921875,0.5931572031974792
0,100,6,6,0,0.096649169921875,0.5931572031974792
0,100,6,6,0,0.096649169921875,0.5931572031974792
0,100,12,17,0,0.096649169921875,0.5931572031974792
0,100,6,6,0,0.096649169921875,0.5931572031974792
0,100,6,7,0,0.096649169921875,0.5931572031974792
0,100,19,19,0,0.096649169921875,0.5931572031974792
0,100,13,12,0,0.096649169921875,0.5931572031974792
0,100,12,17,0,0.096649169921875,0.5931572031974792
0,100,6,1,0,0.096649169921875,0.5931572031974792
0,100,19,19,0,0.096649169921875,0.5931572031974792
0,100,6,6,0,0.096649169921875,0.5931572031974792
0,100,5,5,0,0.096649169921875,0.5931572031974792
0,100,0,15,3,0.096649169921875,0.5931572031974792
0,100,19,19,0,0.096649169921875,0.5931572031974792
0,100,13,12,0,0.096649169921875,0.5931572031974792
0,100,11,11,0,0.096649169921875,0.5931572031974792
0,100,17,17,0,0.096649169921875,0.5931572031974792
0,100,17,17,0,0.096649169921875,0.5931572031974792
0,100,14,19,0,0.096649169921875,0.5931572031974792
0,100,14,19,0,0.096649169921875,0.5931572031974792
0,100,11,11,0,0.096649169921875,0.5931572031974792
0,100,14,19,0,0.096649169921875,0.5931572031974792
0,100,0,15,3,0.096649169921875,0.5931572031974792
0,100,11,11,0,0.096649169921875,0.5931572031974792
0,100,17,17,0,0.096649169921875,0.5931572031974792
0,100,0,15,3,0.096649169921875,0.5931572031974792
Total DB Queries This Round: 2067
Total time spent this round in seconds: 59.413050174713135
1,100,21,0,3,0.10126113891601562,0.6163463473320008
1,100,14,0,9,0.10126113891601562,0.6163463473320008
1,100,14,0,6,0.10126113891601562,0.6163463473320008
1,100,16,0,4,0.10126113891601562,0.6163463473320008
1,100,14,2,0,0.10126113891601562,0.6163463473320008
1,100,18,0,6,0.10126113891601562,0.6163463473320008
1,100,18,0,6,0.10126113891601562,0.6163463473320008
1,100,19,0,7,0.10126113891601562,0.6163463473320008
1,100,14,2,0,0.10126113891601562,0.6163463473320008
1,100,14,0,6,0.10126113891601562,0.6163463473320008
1,100,19,0,7,0.10126113891601562,0.6163463473320008
1,100,21,0,9,0.10126113891601562,0.6163463473320008
1,100,18,0,6,0.10126113891601562,0.6163463473320008
1,100,18,0,6,0.10126113891601562,0.6163463473320008
1,100,21,0,9,0.10126113891601562,0.6163463473320008
1,100,12,0,10,0.10126113891601562,0.6163463473320008
1,100,14,2,0,0.10126113891601562,0.6163463473320008
1,100,18,0,6,0.10126113891601562,0.6163463473320008
1,100,24,0,8,0.10126113891601562,0.6163463473320008
1,100,14,2,0,0.10126113891601562,0.6163463473320008
1,100,25,0,7,0.10126113891601562,0.6163463473320008
1,100,16,0,11,0.10126113891601562,0.6163463473320008
1,100,14,3,0,0.10126113891601562,0.6163463473320008
1,100,12,0,7,0.10126113891601562,0.6163463473320008
1,100,16,0,11,0.10126113891601562,0.6163463473320008
1,100,12,0,10,0.10126113891601562,0.6163463473320008
1,100,24,0,6,0.10126113891601562,0.6163463473320008
1,100,16,0,4,0.10126113891601562,0.6163463473320008
1,100,19,0,7,0.10126113891601562,0.6163463473320008
1,100,16,0,8,0.10126113891601562,0.6163463473320008
1,100,24,0,8,0.10126113891601562,0.6163463473320008
1,100,24,0,8,0.10126113891601562,0.6163463473320008
1,100,24,0,6,0.10126113891601562,0.6163463473320008
1,100,21,0,9,0.10126113891601562,0.6163463473320008
1,100,14,0,0,0.10126113891601562,0.6163463473320008
1,100,22,0,6,0.10126113891601562,0.6163463473320008
1,100,14,0,6,0.10126113891601562,0.6163463473320008
1,100,14,0,9,0.10126113891601562,0.6163463473320008
1,100,21,0,9,0.10126113891601562,0.6163463473320008
1,100,24,0,8,0.10126113891601562,0.6163463473320008
1,100,12,0,10,0.10126113891601562,0.6163463473320008
1,100,24,0,6,0.10126113891601562,0.6163463473320008
1,100,21,0,9,0.10126113891601562,0.6163463473320008
1,100,14,0,9,0.10126113891601562,0.6163463473320008
1,100,12,0,10,0.10126113891601562,0.6163463473320008
1,100,11,0,9,0.10126113891601562,0.6163463473320008
1,100,14,2,0,0.10126113891601562,0.6163463473320008
1,100,21,0,9,0.10126113891601562,0.6163463473320008
1,100,12,0,10,0.10126113891601562,0.6163463473320008
1,100,16,0,8,0.10126113891601562,0.6163463473320008
1,100,18,0,6,0.10126113891601562,0.6163463473320008
1,100,21,0,9,0.10126113891601562,0.6163463473320008
1,100,14,2,0,0.10126113891601562,0.6163463473320008
1,100,21,0,9,0.10126113891601562,0.6163463473320008
1,100,21,0,9,0.10126113891601562,0.6163463473320008
1,100,16,0,11,0.10126113891601562,0.6163463473320008
1,100,18,0,6,0.10126113891601562,0.6163463473320008
1,100,14,0,6,0.10126113891601562,0.6163463473320008
1,100,16,0,4,0.10126113891601562,0.6163463473320008
1,100,24,0,8,0.10126113891601562,0.6163463473320008
1,100,12,0,10,0.10126113891601562,0.6163463473320008
1,100,18,0,6,0.10126113891601562,0.6163463473320008
1,100,14,0,6,0.10126113891601562,0.6163463473320008
1,100,12,0,4,0.10126113891601562,0.6163463473320008
1,100,14,3,0,0.10126113891601562,0.6163463473320008
1,100,24,0,6,0.10126113891601562,0.6163463473320008
1,100,24,0,8,0.10126113891601562,0.6163463473320008
1,100,24,0,6,0.10126113891601562,0.6163463473320008
1,100,22,0,10,0.10126113891601562,0.6163463473320008
1,100,18,0,6,0.10126113891601562,0.6163463473320008
1,100,14,2,0,0.10126113891601562,0.6163463473320008
1,100,14,2,0,0.10126113891601562,0.6163463473320008
1,100,21,0,3,0.10126113891601562,0.6163463473320008
1,100,24,0,6,0.10126113891601562,0.6163463473320008
1,100,12,0,7,0.10126113891601562,0.6163463473320008
1,100,25,0,7,0.10126113891601562,0.6163463473320008
1,100,14,2,0,0.10126113891601562,0.6163463473320008
1,100,19,0,7,0.10126113891601562,0.6163463473320008
1,100,18,0,6,0.10126113891601562,0.6163463473320008
1,100,18,0,6,0.10126113891601562,0.6163463473320008
1,100,16,0,11,0.10126113891601562,0.6163463473320008
1,100,18,0,6,0.10126113891601562,0.6163463473320008
1,100,18,0,6,0.10126113891601562,0.6163463473320008
1,100,14,2,0,0.10126113891601562,0.6163463473320008
1,100,21,0,9,0.10126113891601562,0.6163463473320008
1,100,14,2,0,0.10126113891601562,0.6163463473320008
1,100,11,0,9,0.10126113891601562,0.6163463473320008
1,100,14,0,6,0.10126113891601562,0.6163463473320008
1,100,21,0,9,0.10126113891601562,0.6163463473320008
1,100,21,0,9,0.10126113891601562,0.6163463473320008
1,100,14,2,0,0.10126113891601562,0.6163463473320008
1,100,24,0,8,0.10126113891601562,0.6163463473320008
1,100,12,0,10,0.10126113891601562,0.6163463473320008
1,100,18,0,6,0.10126113891601562,0.6163463473320008
1,100,21,0,9,0.10126113891601562,0.6163463473320008
1,100,14,0,6,0.10126113891601562,0.6163463473320008
1,100,12,0,10,0.10126113891601562,0.6163463473320008
1,100,21,0,9,0.10126113891601562,0.6163463473320008
1,100,24,0,8,0.10126113891601562,0.6163463473320008
1,100,14,0,0,0.10126113891601562,0.6163463473320008
0,100,8,8,0,0.10126113891601562,0.6163463473320008
0,100,12,10,0,0.10126113891601562,0.6163463473320008
0,100,14,14,0,0.10126113891601562,0.6163463473320008
0,100,14,14,0,0.10126113891601562,0.6163463473320008
0,100,12,12,0,0.10126113891601562,0.6163463473320008
0,100,16,17,0,0.10126113891601562,0.6163463473320008
0,100,14,14,0,0.10126113891601562,0.6163463473320008
0,100,12,15,0,0.10126113891601562,0.6163463473320008
0,100,2,2,0,0.10126113891601562,0.6163463473320008
0,100,12,15,0,0.10126113891601562,0.6163463473320008
0,100,12,13,0,0.10126113891601562,0.6163463473320008
0,100,14,14,0,0.10126113891601562,0.6163463473320008
0,100,12,19,0,0.10126113891601562,0.6163463473320008
0,100,12,12,0,0.10126113891601562,0.6163463473320008
0,100,18,18,0,0.10126113891601562,0.6163463473320008
0,100,12,12,0,0.10126113891601562,0.6163463473320008
0,100,12,12,0,0.10126113891601562,0.6163463473320008
0,100,14,12,0,0.10126113891601562,0.6163463473320008
0,100,12,12,0,0.10126113891601562,0.6163463473320008
0,100,14,14,0,0.10126113891601562,0.6163463473320008
0,100,18,40,0,0.10126113891601562,0.6163463473320008
0,100,18,18,0,0.10126113891601562,0.6163463473320008
0,100,5,5,0,0.10126113891601562,0.6163463473320008
0,100,8,8,0,0.10126113891601562,0.6163463473320008
0,100,2,2,0,0.10126113891601562,0.6163463473320008
0,100,12,12,0,0.10126113891601562,0.6163463473320008
0,100,16,16,0,0.10126113891601562,0.6163463473320008
0,100,14,14,0,0.10126113891601562,0.6163463473320008
0,100,14,14,0,0.10126113891601562,0.6163463473320008
0,100,16,14,0,0.10126113891601562,0.6163463473320008
0,100,5,5,0,0.10126113891601562,0.6163463473320008
0,100,14,14,0,0.10126113891601562,0.6163463473320008
0,100,14,14,0,0.10126113891601562,0.6163463473320008
0,100,16,16,0,0.10126113891601562,0.6163463473320008
0,100,14,15,0,0.10126113891601562,0.6163463473320008
0,100,5,5,0,0.10126113891601562,0.6163463473320008
0,100,18,18,0,0.10126113891601562,0.6163463473320008
0,100,12,13,0,0.10126113891601562,0.6163463473320008
0,100,14,17,0,0.10126113891601562,0.6163463473320008
0,100,14,14,0,0.10126113891601562,0.6163463473320008
0,100,12,12,0,0.10126113891601562,0.6163463473320008
0,100,5,5,0,0.10126113891601562,0.6163463473320008
0,100,2,2,0,0.10126113891601562,0.6163463473320008
0,100,14,14,0,0.10126113891601562,0.6163463473320008
0,100,8,8,0,0.10126113891601562,0.6163463473320008
0,100,5,5,0,0.10126113891601562,0.6163463473320008
0,100,12,15,0,0.10126113891601562,0.6163463473320008
0,100,16,16,0,0.10126113891601562,0.6163463473320008
0,100,18,16,0,0.10126113891601562,0.6163463473320008
0,100,2,2,0,0.10126113891601562,0.6163463473320008
0,100,2,2,0,0.10126113891601562,0.6163463473320008
0,100,5,5,0,0.10126113891601562,0.6163463473320008
0,100,14,14,0,0.10126113891601562,0.6163463473320008
0,100,16,16,0,0.10126113891601562,0.6163463473320008
0,100,14,14,0,0.10126113891601562,0.6163463473320008
0,100,12,12,0,0.10126113891601562,0.6163463473320008
0,100,14,14,0,0.10126113891601562,0.6163463473320008
0,100,12,12,0,0.10126113891601562,0.6163463473320008
0,100,12,13,0,0.10126113891601562,0.6163463473320008
0,100,2,2,0,0.10126113891601562,0.6163463473320008
0,100,12,12,0,0.10126113891601562,0.6163463473320008
0,100,14,14,0,0.10126113891601562,0.6163463473320008
0,100,12,12,0,0.10126113891601562,0.6163463473320008
0,100,14,14,0,0.10126113891601562,0.6163463473320008
0,100,12,12,0,0.10126113891601562,0.6163463473320008
0,100,16,16,0,0.10126113891601562,0.6163463473320008
0,100,8,8,0,0.10126113891601562,0.6163463473320008
0,100,18,18,0,0.10126113891601562,0.6163463473320008
0,100,14,14,0,0.10126113891601562,0.6163463473320008
0,100,5,5,0,0.10126113891601562,0.6163463473320008
0,100,14,5,0,0.10126113891601562,0.6163463473320008
0,100,2,2,0,0.10126113891601562,0.6163463473320008
0,100,16,16,0,0.10126113891601562,0.6163463473320008
0,100,5,5,0,0.10126113891601562,0.6163463473320008
0,100,5,6,0,0.10126113891601562,0.6163463473320008
0,100,14,14,0,0.10126113891601562,0.6163463473320008
0,100,5,3,0,0.10126113891601562,0.6163463473320008
0,100,5,5,0,0.10126113891601562,0.6163463473320008
0,100,16,16,0,0.10126113891601562,0.6163463473320008
0,100,12,12,0,0.10126113891601562,0.6163463473320008
0,100,14,14,0,0.10126113891601562,0.6163463473320008
0,100,5,3,0,0.10126113891601562,0.6163463473320008
0,100,16,16,0,0.10126113891601562,0.6163463473320008
0,100,5,5,0,0.10126113891601562,0.6163463473320008
0,100,2,0,0,0.10126113891601562,0.6163463473320008
0,100,12,12,0,0.10126113891601562,0.6163463473320008
0,100,16,16,0,0.10126113891601562,0.6163463473320008
0,100,12,13,0,0.10126113891601562,0.6163463473320008
0,100,8,9,0,0.10126113891601562,0.6163463473320008
0,100,14,15,0,0.10126113891601562,0.6163463473320008
0,100,14,14,0,0.10126113891601562,0.6163463473320008
0,100,18,22,0,0.10126113891601562,0.6163463473320008
0,100,18,18,0,0.10126113891601562,0.6163463473320008
0,100,8,8,0,0.10126113891601562,0.6163463473320008
0,100,18,18,0,0.10126113891601562,0.6163463473320008
0,100,12,12,0,0.10126113891601562,0.6163463473320008
0,100,8,8,0,0.10126113891601562,0.6163463473320008
0,100,14,14,0,0.10126113891601562,0.6163463473320008
0,100,12,12,0,0.10126113891601562,0.6163463473320008
0,100,8,8,0,0.10126113891601562,0.6163463473320008
Total DB Queries This Round: 2078
Total time spent this round in seconds: 61.73629331588745
