1,20,4112,4142,4155,244.4166808128357,4.843778455257416,4165
1,20,4112,4143,4156,244.4166808128357,4.843778455257416,4165
1,20,4112,4138,4165,244.4166808128357,4.843778455257416,4165
1,20,4112,4139,4156,244.4166808128357,4.843778455257416,4165
1,20,4112,4142,4152,244.4166808128357,4.843778455257416,4165
1,20,4112,4142,4157,244.4166808128357,4.843778455257416,4165
1,20,4112,4142,4160,244.4166808128357,4.843778455257416,4165
1,20,4112,4141,4160,244.4166808128357,4.843778455257416,4165
1,20,4112,4142,4160,244.4166808128357,4.843778455257416,4165
1,20,4112,4142,4164,244.4166808128357,4.843778455257416,4165
1,20,4112,4142,4155,244.4166808128357,4.843778455257416,4165
1,20,4112,4141,4160,244.4166808128357,4.843778455257416,4165
1,20,4112,4142,4152,244.4166808128357,4.843778455257416,4165
1,20,4112,4142,4158,244.4166808128357,4.843778455257416,4165
1,20,4112,4143,4156,244.4166808128357,4.843778455257416,4165
1,20,4112,4142,4158,244.4166808128357,4.843778455257416,4165
1,20,4112,4143,4156,244.4166808128357,4.843778455257416,4165
1,20,4112,4142,4155,244.4166808128357,4.843778455257416,4165
1,20,4112,4143,4156,244.4166808128357,4.843778455257416,4165
1,20,4112,4143,4156,244.4166808128357,4.843778455257416,4165
0,20,4112,4127,4156,244.4166808128357,4.843778455257416,4165
0,20,4112,4131,4157,244.4166808128357,4.843778455257416,4165
0,20,4112,4132,4160,244.4166808128357,4.843778455257416,4165
0,20,4112,4126,4154,244.4166808128357,4.843778455257416,4165
0,20,4112,4129,4157,244.4166808128357,4.843778455257416,4165
0,20,4112,4127,4156,244.4166808128357,4.843778455257416,4165
0,20,4112,4126,4154,244.4166808128357,4.843778455257416,4165
0,20,4112,4129,4157,244.4166808128357,4.843778455257416,4165
0,20,4112,4130,4156,244.4166808128357,4.843778455257416,4165
0,20,4112,4125,4156,244.4166808128357,4.843778455257416,4165
0,20,4112,4126,4156,244.4166808128357,4.843778455257416,4165
0,20,4112,4127,4156,244.4166808128357,4.843778455257416,4165
0,20,4112,4126,4158,244.4166808128357,4.843778455257416,4165
0,20,4112,4129,4155,244.4166808128357,4.843778455257416,4165
0,20,4112,4128,4160,244.4166808128357,4.843778455257416,4165
0,20,4112,4127,4155,244.4166808128357,4.843778455257416,4165
0,20,4112,4135,4160,244.4166808128357,4.843778455257416,4165
0,20,4112,4127,4154,244.4166808128357,4.843778455257416,4165
0,20,4112,4120,4144,244.4166808128357,4.843778455257416,4165
0,20,4112,4120,4151,244.4166808128357,4.843778455257416,4165
Number of DB Queries This Round: 6006
Time per round: 341.29224967956543
1,20,4155,4184,4195,240.9459719657898,4.393596267700195,4203
1,20,4155,4183,4203,240.9459719657898,4.393596267700195,4203
1,20,4155,4184,4200,240.9459719657898,4.393596267700195,4203
1,20,4155,4184,4189,240.9459719657898,4.393596267700195,4203
1,20,4155,4183,4199,240.9459719657898,4.393596267700195,4203
1,20,4155,4181,4197,240.9459719657898,4.393596267700195,4203
1,20,4155,4181,4200,240.9459719657898,4.393596267700195,4203
1,20,4155,4181,4197,240.9459719657898,4.393596267700195,4203
1,20,4155,4180,4201,240.9459719657898,4.393596267700195,4203
1,20,4155,4182,4194,240.9459719657898,4.393596267700195,4203
1,20,4155,4183,4200,240.9459719657898,4.393596267700195,4203
1,20,4155,4184,4189,240.9459719657898,4.393596267700195,4203
1,20,4155,4184,4198,240.9459719657898,4.393596267700195,4203
1,20,4155,4184,4195,240.9459719657898,4.393596267700195,4203
1,20,4155,4184,4198,240.9459719657898,4.393596267700195,4203
1,20,4155,4184,4195,240.9459719657898,4.393596267700195,4203
1,20,4155,4184,4191,240.9459719657898,4.393596267700195,4203
1,20,4155,4182,4196,240.9459719657898,4.393596267700195,4203
1,20,4155,4184,4195,240.9459719657898,4.393596267700195,4203
1,20,4155,4185,4200,240.9459719657898,4.393596267700195,4203
0,20,4155,4171,4199,240.9459719657898,4.393596267700195,4203
0,20,4155,4170,4197,240.9459719657898,4.393596267700195,4203
0,20,4155,4167,4194,240.9459719657898,4.393596267700195,4203
0,20,4155,4170,4199,240.9459719657898,4.393596267700195,4203
0,20,4155,4164,4196,240.9459719657898,4.393596267700195,4203
0,20,4155,4165,4194,240.9459719657898,4.393596267700195,4203
0,20,4155,4168,4199,240.9459719657898,4.393596267700195,4203
0,20,4155,4165,4196,240.9459719657898,4.393596267700195,4203
0,20,4155,4161,4196,240.9459719657898,4.393596267700195,4203
0,20,4155,4165,4195,240.9459719657898,4.393596267700195,4203
0,20,4155,4172,4200,240.9459719657898,4.393596267700195,4203
0,20,4155,4166,4198,240.9459719657898,4.393596267700195,4203
0,20,4155,4169,4194,240.9459719657898,4.393596267700195,4203
0,20,4155,4166,4197,240.9459719657898,4.393596267700195,4203
0,20,4155,4165,4194,240.9459719657898,4.393596267700195,4203
0,20,4155,4173,4200,240.9459719657898,4.393596267700195,4203
0,20,4155,4167,4194,240.9459719657898,4.393596267700195,4203
0,20,4155,4159,4185,240.9459719657898,4.393596267700195,4203
0,20,4155,4161,4188,240.9459719657898,4.393596267700195,4203
0,20,4155,4161,4191,240.9459719657898,4.393596267700195,4203
Number of DB Queries This Round: 5874
Time per round: 328.81789684295654
1,20,4148,4174,4194,243.70329356193542,4.408287215232849,4199
1,20,4148,4177,4198,243.70329356193542,4.408287215232849,4199
1,20,4148,4177,4189,243.70329356193542,4.408287215232849,4199
1,20,4148,4177,4197,243.70329356193542,4.408287215232849,4199
1,20,4148,4176,4195,243.70329356193542,4.408287215232849,4199
1,20,4148,4178,4197,243.70329356193542,4.408287215232849,4199
1,20,4148,4176,4195,243.70329356193542,4.408287215232849,4199
1,20,4148,4178,4199,243.70329356193542,4.408287215232849,4199
1,20,4148,4180,4190,243.70329356193542,4.408287215232849,4199
1,20,4148,4178,4197,243.70329356193542,4.408287215232849,4199
1,20,4148,4178,4189,243.70329356193542,4.408287215232849,4199
1,20,4148,4177,4193,243.70329356193542,4.408287215232849,4199
1,20,4148,4178,4191,243.70329356193542,4.408287215232849,4199
1,20,4148,4177,4193,243.70329356193542,4.408287215232849,4199
1,20,4148,4178,4191,243.70329356193542,4.408287215232849,4199
1,20,4148,4178,4190,243.70329356193542,4.408287215232849,4199
1,20,4148,4177,4193,243.70329356193542,4.408287215232849,4199
1,20,4148,4178,4191,243.70329356193542,4.408287215232849,4199
1,20,4148,4178,4198,243.70329356193542,4.408287215232849,4199
1,20,4148,4178,4197,243.70329356193542,4.408287215232849,4199
0,20,4148,4164,4195,243.70329356193542,4.408287215232849,4199
0,20,4148,4163,4190,243.70329356193542,4.408287215232849,4199
0,20,4148,4164,4197,243.70329356193542,4.408287215232849,4199
0,20,4148,4160,4193,243.70329356193542,4.408287215232849,4199
0,20,4148,4156,4190,243.70329356193542,4.408287215232849,4199
0,20,4148,4163,4197,243.70329356193542,4.408287215232849,4199
0,20,4148,4159,4193,243.70329356193542,4.408287215232849,4199
0,20,4148,4156,4193,243.70329356193542,4.408287215232849,4199
0,20,4148,4158,4191,243.70329356193542,4.408287215232849,4199
0,20,4148,4164,4198,243.70329356193542,4.408287215232849,4199
0,20,4148,4158,4193,243.70329356193542,4.408287215232849,4199
0,20,4148,4165,4190,243.70329356193542,4.408287215232849,4199
0,20,4148,4159,4195,243.70329356193542,4.408287215232849,4199
0,20,4148,4160,4190,243.70329356193542,4.408287215232849,4199
0,20,4148,4170,4197,243.70329356193542,4.408287215232849,4199
0,20,4148,4158,4190,243.70329356193542,4.408287215232849,4199
0,20,4148,4154,4179,243.70329356193542,4.408287215232849,4199
0,20,4148,4152,4186,243.70329356193542,4.408287215232849,4199
0,20,4148,4154,4190,243.70329356193542,4.408287215232849,4199
0,20,4148,4158,4191,243.70329356193542,4.408287215232849,4199
Number of DB Queries This Round: 5960
Time per round: 331.86903858184814
1,20,4141,4169,4188,240.8482687473297,3.968110454082489,4188
1,20,4141,4165,4178,240.8482687473297,3.968110454082489,4188
1,20,4141,4167,4185,240.8482687473297,3.968110454082489,4188
1,20,4141,4169,4188,240.8482687473297,3.968110454082489,4188
1,20,4141,4164,4188,240.8482687473297,3.968110454082489,4188
1,20,4141,4169,4188,240.8482687473297,3.968110454082489,4188
1,20,4141,4164,4188,240.8482687473297,3.968110454082489,4188
1,20,4141,4166,4181,240.8482687473297,3.968110454082489,4188
1,20,4141,4165,4188,240.8482687473297,3.968110454082489,4188
1,20,4141,4166,4178,240.8482687473297,3.968110454082489,4188
1,20,4141,4165,4183,240.8482687473297,3.968110454082489,4188
1,20,4141,4170,4180,240.8482687473297,3.968110454082489,4188
1,20,4141,4165,4183,240.8482687473297,3.968110454082489,4188
1,20,4141,4170,4180,240.8482687473297,3.968110454082489,4188
1,20,4141,4170,4183,240.8482687473297,3.968110454082489,4188
1,20,4141,4169,4183,240.8482687473297,3.968110454082489,4188
1,20,4141,4170,4180,240.8482687473297,3.968110454082489,4188
1,20,4141,4169,4188,240.8482687473297,3.968110454082489,4188
1,20,4141,4168,4185,240.8482687473297,3.968110454082489,4188
1,20,4141,4170,4188,240.8482687473297,3.968110454082489,4188
0,20,4141,4149,4182,240.8482687473297,3.968110454082489,4188
0,20,4141,4152,4185,240.8482687473297,3.968110454082489,4188
0,20,4141,4148,4183,240.8482687473297,3.968110454082489,4188
0,20,4141,4149,4182,240.8482687473297,3.968110454082489,4188
0,20,4141,4152,4185,240.8482687473297,3.968110454082489,4188
0,20,4141,4150,4183,240.8482687473297,3.968110454082489,4188
0,20,4141,4146,4183,240.8482687473297,3.968110454082489,4188
0,20,4141,4148,4180,240.8482687473297,3.968110454082489,4188
0,20,4141,4152,4188,240.8482687473297,3.968110454082489,4188
0,20,4141,4146,4183,240.8482687473297,3.968110454082489,4188
0,20,4141,4152,4181,240.8482687473297,3.968110454082489,4188
0,20,4141,4151,4188,240.8482687473297,3.968110454082489,4188
0,20,4141,4146,4181,240.8482687473297,3.968110454082489,4188
0,20,4141,4157,4188,240.8482687473297,3.968110454082489,4188
0,20,4141,4151,4182,240.8482687473297,3.968110454082489,4188
0,20,4141,4145,4173,240.8482687473297,3.968110454082489,4188
0,20,4141,4145,4181,240.8482687473297,3.968110454082489,4188
0,20,4141,4144,4183,240.8482687473297,3.968110454082489,4188
0,20,4141,4149,4180,240.8482687473297,3.968110454082489,4188
0,20,4141,4153,4186,240.8482687473297,3.968110454082489,4188
Number of DB Queries This Round: 5796
Time per round: 320.21047949790955
1,20,4139,4164,4176,235.92858266830444,4.276613068580628,4188
1,20,4139,4166,4185,235.92858266830444,4.276613068580628,4188
1,20,4139,4166,4186,235.92858266830444,4.276613068580628,4188
1,20,4139,4162,4184,235.92858266830444,4.276613068580628,4188
1,20,4139,4166,4186,235.92858266830444,4.276613068580628,4188
1,20,4139,4162,4186,235.92858266830444,4.276613068580628,4188
1,20,4139,4164,4178,235.92858266830444,4.276613068580628,4188
1,20,4139,4163,4184,235.92858266830444,4.276613068580628,4188
1,20,4139,4164,4176,235.92858266830444,4.276613068580628,4188
1,20,4139,4163,4179,235.92858266830444,4.276613068580628,4188
1,20,4139,4168,4181,235.92858266830444,4.276613068580628,4188
1,20,4139,4163,4179,235.92858266830444,4.276613068580628,4188
1,20,4139,4168,4181,235.92858266830444,4.276613068580628,4188
1,20,4139,4171,4182,235.92858266830444,4.276613068580628,4188
1,20,4139,4170,4185,235.92858266830444,4.276613068580628,4188
1,20,4139,4168,4181,235.92858266830444,4.276613068580628,4188
1,20,4139,4166,4187,235.92858266830444,4.276613068580628,4188
1,20,4139,4168,4185,235.92858266830444,4.276613068580628,4188
1,20,4139,4168,4186,235.92858266830444,4.276613068580628,4188
1,20,4139,4168,4188,235.92858266830444,4.276613068580628,4188
0,20,4139,4153,4185,235.92858266830444,4.276613068580628,4188
0,20,4139,4152,4185,235.92858266830444,4.276613068580628,4188
0,20,4139,4156,4188,235.92858266830444,4.276613068580628,4188
0,20,4139,4152,4185,235.92858266830444,4.276613068580628,4188
0,20,4139,4154,4185,235.92858266830444,4.276613068580628,4188
0,20,4139,4149,4185,235.92858266830444,4.276613068580628,4188
0,20,4139,4149,4181,235.92858266830444,4.276613068580628,4188
0,20,4139,4154,4187,235.92858266830444,4.276613068580628,4188
0,20,4139,4147,4179,235.92858266830444,4.276613068580628,4188
0,20,4139,4149,4178,235.92858266830444,4.276613068580628,4188
0,20,4139,4151,4186,235.92858266830444,4.276613068580628,4188
0,20,4139,4146,4178,235.92858266830444,4.276613068580628,4188
0,20,4139,4156,4184,235.92858266830444,4.276613068580628,4188
0,20,4139,4158,4188,235.92858266830444,4.276613068580628,4188
0,20,4139,4143,4170,235.92858266830444,4.276613068580628,4188
0,20,4139,4146,4177,235.92858266830444,4.276613068580628,4188
0,20,4139,4144,4182,235.92858266830444,4.276613068580628,4188
0,20,4139,4148,4181,235.92858266830444,4.276613068580628,4188
0,20,4139,4152,4180,235.92858266830444,4.276613068580628,4188
0,20,4139,4153,4187,235.92858266830444,4.276613068580628,4188
Number of DB Queries This Round: 5876
Time per round: 321.4608461856842
1,20,4136,4164,4184,234.83897852897644,4.356376910209656,4185
1,20,4136,4164,4184,234.83897852897644,4.356376910209656,4185
1,20,4136,4163,4185,234.83897852897644,4.356376910209656,4185
1,20,4136,4164,4184,234.83897852897644,4.356376910209656,4185
1,20,4136,4163,4185,234.83897852897644,4.356376910209656,4185
1,20,4136,4164,4177,234.83897852897644,4.356376910209656,4185
1,20,4136,4163,4185,234.83897852897644,4.356376910209656,4185
1,20,4136,4164,4176,234.83897852897644,4.356376910209656,4185
1,20,4136,4163,4184,234.83897852897644,4.356376910209656,4185
1,20,4136,4162,4176,234.83897852897644,4.356376910209656,4185
1,20,4136,4163,4184,234.83897852897644,4.356376910209656,4185
1,20,4136,4162,4176,234.83897852897644,4.356376910209656,4185
1,20,4136,4164,4177,234.83897852897644,4.356376910209656,4185
1,20,4136,4162,4178,234.83897852897644,4.356376910209656,4185
1,20,4136,4162,4176,234.83897852897644,4.356376910209656,4185
1,20,4136,4164,4183,234.83897852897644,4.356376910209656,4185
1,20,4136,4164,4184,234.83897852897644,4.356376910209656,4185
1,20,4136,4164,4184,234.83897852897644,4.356376910209656,4185
1,20,4136,4164,4185,234.83897852897644,4.356376910209656,4185
1,20,4136,4165,4184,234.83897852897644,4.356376910209656,4185
0,20,4136,4150,4178,234.83897852897644,4.356376910209656,4185
0,20,4136,4154,4185,234.83897852897644,4.356376910209656,4185
0,20,4136,4151,4184,234.83897852897644,4.356376910209656,4185
0,20,4136,4148,4178,234.83897852897644,4.356376910209656,4185
0,20,4136,4143,4178,234.83897852897644,4.356376910209656,4185
0,20,4136,4145,4176,234.83897852897644,4.356376910209656,4185
0,20,4136,4152,4183,234.83897852897644,4.356376910209656,4185
0,20,4136,4147,4184,234.83897852897644,4.356376910209656,4185
0,20,4136,4152,4177,234.83897852897644,4.356376910209656,4185
0,20,4136,4149,4184,234.83897852897644,4.356376910209656,4185
0,20,4136,4145,4177,234.83897852897644,4.356376910209656,4185
0,20,4136,4158,4185,234.83897852897644,4.356376910209656,4185
0,20,4136,4156,4185,234.83897852897644,4.356376910209656,4185
0,20,4136,4143,4165,234.83897852897644,4.356376910209656,4185
0,20,4136,4144,4174,234.83897852897644,4.356376910209656,4185
0,20,4136,4139,4177,234.83897852897644,4.356376910209656,4185
0,20,4136,4145,4176,234.83897852897644,4.356376910209656,4185
0,20,4136,4148,4180,234.83897852897644,4.356376910209656,4185
0,20,4136,4150,4183,234.83897852897644,4.356376910209656,4185
0,20,4136,4150,4176,234.83897852897644,4.356376910209656,4185
Number of DB Queries This Round: 5914
Time per round: 321.96651911735535
1,20,4113,4140,4157,243.62760496139526,4.067716121673584,4181
1,20,4113,4132,4155,243.62760496139526,4.067716121673584,4181
1,20,4113,4140,4157,243.62760496139526,4.067716121673584,4181
1,20,4113,4134,4181,243.62760496139526,4.067716121673584,4181
1,20,4113,4136,4149,243.62760496139526,4.067716121673584,4181
1,20,4113,4132,4155,243.62760496139526,4.067716121673584,4181
1,20,4113,4136,4145,243.62760496139526,4.067716121673584,4181
1,20,4113,4140,4154,243.62760496139526,4.067716121673584,4181
1,20,4113,4140,4150,243.62760496139526,4.067716121673584,4181
1,20,4113,4141,4154,243.62760496139526,4.067716121673584,4181
1,20,4113,4140,4150,243.62760496139526,4.067716121673584,4181
1,20,4113,4141,4151,243.62760496139526,4.067716121673584,4181
1,20,4113,4141,4154,243.62760496139526,4.067716121673584,4181
1,20,4113,4138,4150,243.62760496139526,4.067716121673584,4181
1,20,4113,4138,4156,243.62760496139526,4.067716121673584,4181
1,20,4113,4140,4156,243.62760496139526,4.067716121673584,4181
1,20,4113,4140,4157,243.62760496139526,4.067716121673584,4181
1,20,4113,4138,4160,243.62760496139526,4.067716121673584,4181
1,20,4113,4138,4156,243.62760496139526,4.067716121673584,4181
1,20,4113,4142,4154,243.62760496139526,4.067716121673584,4181
0,20,4113,4127,4160,243.62760496139526,4.067716121673584,4181
0,20,4113,4124,4156,243.62760496139526,4.067716121673584,4181
0,20,4113,4122,4154,243.62760496139526,4.067716121673584,4181
0,20,4113,4120,4154,243.62760496139526,4.067716121673584,4181
0,20,4113,4121,4150,243.62760496139526,4.067716121673584,4181
0,20,4113,4125,4156,243.62760496139526,4.067716121673584,4181
0,20,4113,4122,4154,243.62760496139526,4.067716121673584,4181
0,20,4113,4123,4149,243.62760496139526,4.067716121673584,4181
0,20,4113,4123,4157,243.62760496139526,4.067716121673584,4181
0,20,4113,4119,4149,243.62760496139526,4.067716121673584,4181
0,20,4113,4131,4155,243.62760496139526,4.067716121673584,4181
0,20,4113,4131,4160,243.62760496139526,4.067716121673584,4181
0,20,4113,4117,4140,243.62760496139526,4.067716121673584,4181
0,20,4113,4114,4150,243.62760496139526,4.067716121673584,4181
0,20,4113,4119,4151,243.62760496139526,4.067716121673584,4181
0,20,4113,4120,4150,243.62760496139526,4.067716121673584,4181
0,20,4113,4124,4154,243.62760496139526,4.067716121673584,4181
0,20,4113,4123,4156,243.62760496139526,4.067716121673584,4181
0,20,4113,4121,4145,243.62760496139526,4.067716121673584,4181
0,20,4113,4126,4156,243.62760496139526,4.067716121673584,4181
Number of DB Queries This Round: 5757
Time per round: 324.98192954063416
1,20,4109,4131,4153,242.4386706352234,4.181266117095947,4159
1,20,4109,4136,4153,242.4386706352234,4.181266117095947,4159
1,20,4109,4131,4154,242.4386706352234,4.181266117095947,4159
1,20,4109,4132,4146,242.4386706352234,4.181266117095947,4159
1,20,4109,4131,4153,242.4386706352234,4.181266117095947,4159
1,20,4109,4132,4143,242.4386706352234,4.181266117095947,4159
1,20,4109,4132,4149,242.4386706352234,4.181266117095947,4159
1,20,4109,4136,4149,242.4386706352234,4.181266117095947,4159
1,20,4109,4132,4149,242.4386706352234,4.181266117095947,4159
1,20,4109,4138,4149,242.4386706352234,4.181266117095947,4159
1,20,4109,4138,4146,242.4386706352234,4.181266117095947,4159
1,20,4109,4138,4150,242.4386706352234,4.181266117095947,4159
1,20,4109,4138,4149,242.4386706352234,4.181266117095947,4159
1,20,4109,4138,4155,242.4386706352234,4.181266117095947,4159
1,20,4109,4139,4154,242.4386706352234,4.181266117095947,4159
1,20,4109,4138,4153,242.4386706352234,4.181266117095947,4159
1,20,4109,4139,4159,242.4386706352234,4.181266117095947,4159
1,20,4109,4139,4154,242.4386706352234,4.181266117095947,4159
1,20,4109,4139,4150,242.4386706352234,4.181266117095947,4159
1,20,4109,4139,4159,242.4386706352234,4.181266117095947,4159
0,20,4109,4127,4154,242.4386706352234,4.181266117095947,4159
0,20,4109,4123,4150,242.4386706352234,4.181266117095947,4159
0,20,4109,4123,4150,242.4386706352234,4.181266117095947,4159
0,20,4109,4119,4149,242.4386706352234,4.181266117095947,4159
0,20,4109,4127,4155,242.4386706352234,4.181266117095947,4159
0,20,4109,4116,4149,242.4386706352234,4.181266117095947,4159
0,20,4109,4124,4146,242.4386706352234,4.181266117095947,4159
0,20,4109,4122,4153,242.4386706352234,4.181266117095947,4159
0,20,4109,4117,4146,242.4386706352234,4.181266117095947,4159
0,20,4109,4126,4153,242.4386706352234,4.181266117095947,4159
0,20,4109,4130,4159,242.4386706352234,4.181266117095947,4159
0,20,4109,4116,4141,242.4386706352234,4.181266117095947,4159
0,20,4109,4116,4148,242.4386706352234,4.181266117095947,4159
0,20,4109,4116,4146,242.4386706352234,4.181266117095947,4159
0,20,4109,4120,4149,242.4386706352234,4.181266117095947,4159
0,20,4109,4127,4154,242.4386706352234,4.181266117095947,4159
0,20,4109,4127,4155,242.4386706352234,4.181266117095947,4159
0,20,4109,4120,4143,242.4386706352234,4.181266117095947,4159
0,20,4109,4121,4154,242.4386706352234,4.181266117095947,4159
0,20,4109,4120,4153,242.4386706352234,4.181266117095947,4159
Number of DB Queries This Round: 5849
Time per round: 326.0639953613281
1,20,4110,4137,4154,229.2322199344635,4.115740883350372,4156
1,20,4110,4133,4153,229.2322199344635,4.115740883350372,4156
1,20,4110,4133,4147,229.2322199344635,4.115740883350372,4156
1,20,4110,4133,4152,229.2322199344635,4.115740883350372,4156
1,20,4110,4133,4141,229.2322199344635,4.115740883350372,4156
1,20,4110,4133,4147,229.2322199344635,4.115740883350372,4156
1,20,4110,4138,4147,229.2322199344635,4.115740883350372,4156
1,20,4110,4134,4147,229.2322199344635,4.115740883350372,4156
1,20,4110,4138,4147,229.2322199344635,4.115740883350372,4156
1,20,4110,4138,4145,229.2322199344635,4.115740883350372,4156
1,20,4110,4140,4152,229.2322199344635,4.115740883350372,4156
1,20,4110,4138,4147,229.2322199344635,4.115740883350372,4156
1,20,4110,4138,4155,229.2322199344635,4.115740883350372,4156
1,20,4110,4138,4156,229.2322199344635,4.115740883350372,4156
1,20,4110,4138,4154,229.2322199344635,4.115740883350372,4156
1,20,4110,4138,4154,229.2322199344635,4.115740883350372,4156
1,20,4110,4138,4156,229.2322199344635,4.115740883350372,4156
1,20,4110,4138,4152,229.2322199344635,4.115740883350372,4156
1,20,4110,4138,4154,229.2322199344635,4.115740883350372,4156
1,20,4110,4139,4156,229.2322199344635,4.115740883350372,4156
0,20,4110,4124,4152,229.2322199344635,4.115740883350372,4156
0,20,4110,4124,4152,229.2322199344635,4.115740883350372,4156
0,20,4110,4118,4147,229.2322199344635,4.115740883350372,4156
0,20,4110,4123,4155,229.2322199344635,4.115740883350372,4156
0,20,4110,4116,4147,229.2322199344635,4.115740883350372,4156
0,20,4110,4122,4147,229.2322199344635,4.115740883350372,4156
0,20,4110,4120,4154,229.2322199344635,4.115740883350372,4156
0,20,4110,4119,4147,229.2322199344635,4.115740883350372,4156
0,20,4110,4125,4152,229.2322199344635,4.115740883350372,4156
0,20,4110,4129,4154,229.2322199344635,4.115740883350372,4156
0,20,4110,4115,4137,229.2322199344635,4.115740883350372,4156
0,20,4110,4115,4145,229.2322199344635,4.115740883350372,4156
0,20,4110,4114,4145,229.2322199344635,4.115740883350372,4156
0,20,4110,4118,4147,229.2322199344635,4.115740883350372,4156
0,20,4110,4122,4151,229.2322199344635,4.115740883350372,4156
0,20,4110,4122,4155,229.2322199344635,4.115740883350372,4156
0,20,4110,4122,4141,229.2322199344635,4.115740883350372,4156
0,20,4110,4122,4156,229.2322199344635,4.115740883350372,4156
0,20,4110,4121,4154,229.2322199344635,4.115740883350372,4156
0,20,4110,4125,4152,229.2322199344635,4.115740883350372,4156
Number of DB Queries This Round: 5773
Time per round: 311.5470368862152
1,20,4119,4146,4170,236.44340825080872,4.2651461362838745,4170
1,20,4119,4143,4156,236.44340825080872,4.2651461362838745,4170
1,20,4119,4144,4168,236.44340825080872,4.2651461362838745,4170
1,20,4119,4148,4158,236.44340825080872,4.2651461362838745,4170
1,20,4119,4148,4166,236.44340825080872,4.2651461362838745,4170
1,20,4119,4148,4163,236.44340825080872,4.2651461362838745,4170
1,20,4119,4148,4166,236.44340825080872,4.2651461362838745,4170
1,20,4119,4149,4163,236.44340825080872,4.2651461362838745,4170
1,20,4119,4148,4162,236.44340825080872,4.2651461362838745,4170
1,20,4119,4149,4166,236.44340825080872,4.2651461362838745,4170
1,20,4119,4149,4163,236.44340825080872,4.2651461362838745,4170
1,20,4119,4148,4170,236.44340825080872,4.2651461362838745,4170
1,20,4119,4148,4169,236.44340825080872,4.2651461362838745,4170
1,20,4119,4148,4169,236.44340825080872,4.2651461362838745,4170
1,20,4119,4149,4170,236.44340825080872,4.2651461362838745,4170
1,20,4119,4148,4169,236.44340825080872,4.2651461362838745,4170
1,20,4119,4149,4166,236.44340825080872,4.2651461362838745,4170
1,20,4119,4149,4170,236.44340825080872,4.2651461362838745,4170
1,20,4119,4149,4169,236.44340825080872,4.2651461362838745,4170
1,20,4119,4150,4166,236.44340825080872,4.2651461362838745,4170
0,20,4119,4134,4166,236.44340825080872,4.2651461362838745,4170
0,20,4119,4130,4163,236.44340825080872,4.2651461362838745,4170
0,20,4119,4133,4170,236.44340825080872,4.2651461362838745,4170
0,20,4119,4129,4166,236.44340825080872,4.2651461362838745,4170
0,20,4119,4132,4156,236.44340825080872,4.2651461362838745,4170
0,20,4119,4130,4169,236.44340825080872,4.2651461362838745,4170
0,20,4119,4126,4156,236.44340825080872,4.2651461362838745,4170
0,20,4119,4135,4168,236.44340825080872,4.2651461362838745,4170
0,20,4119,4140,4170,236.44340825080872,4.2651461362838745,4170
0,20,4119,4125,4153,236.44340825080872,4.2651461362838745,4170
0,20,4119,4123,4158,236.44340825080872,4.2651461362838745,4170
0,20,4119,4125,4162,236.44340825080872,4.2651461362838745,4170
0,20,4119,4127,4163,236.44340825080872,4.2651461362838745,4170
0,20,4119,4131,4166,236.44340825080872,4.2651461362838745,4170
0,20,4119,4133,4170,236.44340825080872,4.2651461362838745,4170
0,20,4119,4133,4158,236.44340825080872,4.2651461362838745,4170
0,20,4119,4130,4169,236.44340825080872,4.2651461362838745,4170
0,20,4119,4130,4169,236.44340825080872,4.2651461362838745,4170
0,20,4119,4135,4168,236.44340825080872,4.2651461362838745,4170
0,20,4119,4133,4169,236.44340825080872,4.2651461362838745,4170
Number of DB Queries This Round: 5938
Time per round: 321.7463321685791
