true_label,num_secrets,b_no,b_guess,b_yes,setup_time,per_guess_time
PERCENT IN TABLE OF 100: 0%
1,100,7,3,0,0.19997000694274902,0.5628108024597168
1,100,9,1,0,0.19997000694274902,0.5628108024597168
1,100,22,0,13,0.19997000694274902,0.5628108024597168
1,100,10,0,3,0.19997000694274902,0.5628108024597168
1,100,7,3,0,0.19997000694274902,0.5628108024597168
1,100,7,3,0,0.19997000694274902,0.5628108024597168
1,100,19,9,0,0.19997000694274902,0.5628108024597168
1,100,19,0,13,0.19997000694274902,0.5628108024597168
1,100,7,1,0,0.19997000694274902,0.5628108024597168
1,100,19,0,10,0.19997000694274902,0.5628108024597168
1,100,17,0,11,0.19997000694274902,0.5628108024597168
1,100,24,0,15,0.19997000694274902,0.5628108024597168
1,100,19,9,0,0.19997000694274902,0.5628108024597168
1,100,7,0,3,0.19997000694274902,0.5628108024597168
1,100,21,0,12,0.19997000694274902,0.5628108024597168
1,100,7,1,0,0.19997000694274902,0.5628108024597168
1,100,10,0,6,0.19997000694274902,0.5628108024597168
1,100,25,0,16,0.19997000694274902,0.5628108024597168
1,100,22,0,13,0.19997000694274902,0.5628108024597168
1,100,24,0,15,0.19997000694274902,0.5628108024597168
1,100,7,1,0,0.19997000694274902,0.5628108024597168
1,100,7,1,0,0.19997000694274902,0.5628108024597168
1,100,24,0,15,0.19997000694274902,0.5628108024597168
1,100,24,0,15,0.19997000694274902,0.5628108024597168
1,100,22,0,16,0.19997000694274902,0.5628108024597168
1,100,9,3,0,0.19997000694274902,0.5628108024597168
1,100,20,0,14,0.19997000694274902,0.5628108024597168
1,100,25,0,16,0.19997000694274902,0.5628108024597168
1,100,7,3,0,0.19997000694274902,0.5628108024597168
1,100,7,1,0,0.19997000694274902,0.5628108024597168
1,100,7,0,0,0.19997000694274902,0.5628108024597168
1,100,24,0,15,0.19997000694274902,0.5628108024597168
1,100,6,5,0,0.19997000694274902,0.5628108024597168
1,100,22,0,16,0.19997000694274902,0.5628108024597168
1,100,24,0,15,0.19997000694274902,0.5628108024597168
1,100,22,0,16,0.19997000694274902,0.5628108024597168
1,100,7,1,0,0.19997000694274902,0.5628108024597168
1,100,22,0,15,0.19997000694274902,0.5628108024597168
1,100,22,0,16,0.19997000694274902,0.5628108024597168
1,100,7,1,0,0.19997000694274902,0.5628108024597168
1,100,24,0,15,0.19997000694274902,0.5628108024597168
1,100,26,0,17,0.19997000694274902,0.5628108024597168
1,100,25,0,16,0.19997000694274902,0.5628108024597168
1,100,26,0,17,0.19997000694274902,0.5628108024597168
1,100,22,0,15,0.19997000694274902,0.5628108024597168
1,100,10,0,6,0.19997000694274902,0.5628108024597168
1,100,12,0,8,0.19997000694274902,0.5628108024597168
1,100,7,0,0,0.19997000694274902,0.5628108024597168
1,100,25,0,16,0.19997000694274902,0.5628108024597168
1,100,7,0,0,0.19997000694274902,0.5628108024597168
1,100,7,0,0,0.19997000694274902,0.5628108024597168
1,100,19,9,0,0.19997000694274902,0.5628108024597168
1,100,22,0,16,0.19997000694274902,0.5628108024597168
1,100,24,0,15,0.19997000694274902,0.5628108024597168
1,100,22,0,16,0.19997000694274902,0.5628108024597168
1,100,22,0,13,0.19997000694274902,0.5628108024597168
1,100,22,0,16,0.19997000694274902,0.5628108024597168
1,100,22,0,16,0.19997000694274902,0.5628108024597168
1,100,9,0,2,0.19997000694274902,0.5628108024597168
1,100,22,0,16,0.19997000694274902,0.5628108024597168
1,100,20,0,14,0.19997000694274902,0.5628108024597168
1,100,19,0,13,0.19997000694274902,0.5628108024597168
1,100,7,0,0,0.19997000694274902,0.5628108024597168
1,100,22,0,16,0.19997000694274902,0.5628108024597168
1,100,7,0,0,0.19997000694274902,0.5628108024597168
1,100,20,0,14,0.19997000694274902,0.5628108024597168
1,100,26,0,17,0.19997000694274902,0.5628108024597168
1,100,7,0,0,0.19997000694274902,0.5628108024597168
1,100,7,1,0,0.19997000694274902,0.5628108024597168
1,100,25,0,16,0.19997000694274902,0.5628108024597168
1,100,19,9,0,0.19997000694274902,0.5628108024597168
1,100,7,3,0,0.19997000694274902,0.5628108024597168
1,100,10,0,6,0.19997000694274902,0.5628108024597168
1,100,25,0,16,0.19997000694274902,0.5628108024597168
1,100,7,0,0,0.19997000694274902,0.5628108024597168
1,100,7,0,0,0.19997000694274902,0.5628108024597168
1,100,7,3,0,0.19997000694274902,0.5628108024597168
1,100,22,0,16,0.19997000694274902,0.5628108024597168
1,100,20,0,14,0.19997000694274902,0.5628108024597168
1,100,22,0,16,0.19997000694274902,0.5628108024597168
1,100,7,0,0,0.19997000694274902,0.5628108024597168
1,100,7,0,0,0.19997000694274902,0.5628108024597168
1,100,25,0,16,0.19997000694274902,0.5628108024597168
1,100,24,0,15,0.19997000694274902,0.5628108024597168
1,100,7,0,0,0.19997000694274902,0.5628108024597168
1,100,22,0,16,0.19997000694274902,0.5628108024597168
1,100,7,1,0,0.19997000694274902,0.5628108024597168
1,100,26,0,17,0.19997000694274902,0.5628108024597168
1,100,7,0,0,0.19997000694274902,0.5628108024597168
1,100,26,0,17,0.19997000694274902,0.5628108024597168
1,100,26,0,17,0.19997000694274902,0.5628108024597168
1,100,22,0,16,0.19997000694274902,0.5628108024597168
1,100,7,3,0,0.19997000694274902,0.5628108024597168
1,100,7,0,0,0.19997000694274902,0.5628108024597168
1,100,7,0,0,0.19997000694274902,0.5628108024597168
1,100,17,0,11,0.19997000694274902,0.5628108024597168
1,100,26,0,17,0.19997000694274902,0.5628108024597168
1,100,7,3,0,0.19997000694274902,0.5628108024597168
1,100,12,0,8,0.19997000694274902,0.5628108024597168
1,100,9,0,2,0.19997000694274902,0.5628108024597168
0,100,6,6,0,0.19997000694274902,0.5628108024597168
0,100,9,10,0,0.19997000694274902,0.5628108024597168
0,100,16,0,7,0.19997000694274902,0.5628108024597168
0,100,7,7,0,0.19997000694274902,0.5628108024597168
0,100,20,0,13,0.19997000694274902,0.5628108024597168
0,100,16,0,7,0.19997000694274902,0.5628108024597168
0,100,20,0,11,0.19997000694274902,0.5628108024597168
0,100,18,0,9,0.19997000694274902,0.5628108024597168
0,100,19,0,15,0.19997000694274902,0.5628108024597168
0,100,6,6,0,0.19997000694274902,0.5628108024597168
0,100,6,6,0,0.19997000694274902,0.5628108024597168
0,100,7,7,0,0.19997000694274902,0.5628108024597168
0,100,16,0,10,0.19997000694274902,0.5628108024597168
0,100,19,0,10,0.19997000694274902,0.5628108024597168
0,100,21,0,12,0.19997000694274902,0.5628108024597168
0,100,6,6,0,0.19997000694274902,0.5628108024597168
0,100,6,5,0,0.19997000694274902,0.5628108024597168
0,100,6,6,0,0.19997000694274902,0.5628108024597168
0,100,17,0,10,0.19997000694274902,0.5628108024597168
0,100,7,9,0,0.19997000694274902,0.5628108024597168
0,100,16,0,7,0.19997000694274902,0.5628108024597168
0,100,7,6,0,0.19997000694274902,0.5628108024597168
0,100,7,7,0,0.19997000694274902,0.5628108024597168
0,100,7,7,0,0.19997000694274902,0.5628108024597168
0,100,16,0,10,0.19997000694274902,0.5628108024597168
0,100,17,0,11,0.19997000694274902,0.5628108024597168
0,100,19,0,12,0.19997000694274902,0.5628108024597168
0,100,7,9,0,0.19997000694274902,0.5628108024597168
0,100,19,19,0,0.19997000694274902,0.5628108024597168
0,100,7,7,0,0.19997000694274902,0.5628108024597168
0,100,19,0,15,0.19997000694274902,0.5628108024597168
0,100,19,0,10,0.19997000694274902,0.5628108024597168
0,100,7,7,0,0.19997000694274902,0.5628108024597168
0,100,9,12,0,0.19997000694274902,0.5628108024597168
0,100,6,6,0,0.19997000694274902,0.5628108024597168
0,100,6,6,0,0.19997000694274902,0.5628108024597168
0,100,7,7,0,0.19997000694274902,0.5628108024597168
0,100,16,0,7,0.19997000694274902,0.5628108024597168
0,100,16,0,10,0.19997000694274902,0.5628108024597168
0,100,4,4,0,0.19997000694274902,0.5628108024597168
0,100,9,9,0,0.19997000694274902,0.5628108024597168
0,100,19,0,12,0.19997000694274902,0.5628108024597168
0,100,7,7,0,0.19997000694274902,0.5628108024597168
0,100,9,6,0,0.19997000694274902,0.5628108024597168
0,100,9,9,0,0.19997000694274902,0.5628108024597168
0,100,7,4,0,0.19997000694274902,0.5628108024597168
0,100,7,6,0,0.19997000694274902,0.5628108024597168
0,100,19,0,12,0.19997000694274902,0.5628108024597168
0,100,7,7,0,0.19997000694274902,0.5628108024597168
0,100,6,6,0,0.19997000694274902,0.5628108024597168
0,100,7,7,0,0.19997000694274902,0.5628108024597168
0,100,6,6,0,0.19997000694274902,0.5628108024597168
0,100,7,1,0,0.19997000694274902,0.5628108024597168
0,100,7,4,0,0.19997000694274902,0.5628108024597168
0,100,9,9,0,0.19997000694274902,0.5628108024597168
0,100,16,0,10,0.19997000694274902,0.5628108024597168
0,100,6,6,0,0.19997000694274902,0.5628108024597168
0,100,15,0,6,0.19997000694274902,0.5628108024597168
0,100,18,0,9,0.19997000694274902,0.5628108024597168
0,100,7,7,0,0.19997000694274902,0.5628108024597168
0,100,19,0,12,0.19997000694274902,0.5628108024597168
0,100,22,0,15,0.19997000694274902,0.5628108024597168
0,100,9,12,0,0.19997000694274902,0.5628108024597168
0,100,7,7,0,0.19997000694274902,0.5628108024597168
0,100,25,0,16,0.19997000694274902,0.5628108024597168
0,100,22,0,13,0.19997000694274902,0.5628108024597168
0,100,22,0,13,0.19997000694274902,0.5628108024597168
0,100,6,0,0,0.19997000694274902,0.5628108024597168
0,100,6,6,0,0.19997000694274902,0.5628108024597168
0,100,22,0,18,0.19997000694274902,0.5628108024597168
0,100,6,6,0,0.19997000694274902,0.5628108024597168
0,100,7,7,0,0.19997000694274902,0.5628108024597168
0,100,7,7,0,0.19997000694274902,0.5628108024597168
0,100,10,0,4,0.19997000694274902,0.5628108024597168
0,100,19,16,0,0.19997000694274902,0.5628108024597168
0,100,19,0,10,0.19997000694274902,0.5628108024597168
0,100,7,3,0,0.19997000694274902,0.5628108024597168
0,100,7,7,0,0.19997000694274902,0.5628108024597168
0,100,16,0,10,0.19997000694274902,0.5628108024597168
0,100,19,0,10,0.19997000694274902,0.5628108024597168
0,100,19,0,12,0.19997000694274902,0.5628108024597168
0,100,9,12,0,0.19997000694274902,0.5628108024597168
0,100,4,3,0,0.19997000694274902,0.5628108024597168
0,100,6,5,0,0.19997000694274902,0.5628108024597168
0,100,9,12,0,0.19997000694274902,0.5628108024597168
0,100,9,10,0,0.19997000694274902,0.5628108024597168
0,100,7,4,0,0.19997000694274902,0.5628108024597168
0,100,9,10,0,0.19997000694274902,0.5628108024597168
0,100,6,6,0,0.19997000694274902,0.5628108024597168
0,100,21,0,12,0.19997000694274902,0.5628108024597168
0,100,22,0,15,0.19997000694274902,0.5628108024597168
0,100,6,6,0,0.19997000694274902,0.5628108024597168
0,100,12,0,6,0.19997000694274902,0.5628108024597168
0,100,17,0,10,0.19997000694274902,0.5628108024597168
0,100,6,6,0,0.19997000694274902,0.5628108024597168
0,100,16,0,10,0.19997000694274902,0.5628108024597168
0,100,7,7,0,0.19997000694274902,0.5628108024597168
0,100,6,8,0,0.19997000694274902,0.5628108024597168
0,100,21,0,12,0.19997000694274902,0.5628108024597168
0,100,7,7,0,0.19997000694274902,0.5628108024597168
Total DB Queries This Round: 2058
Total time spent this round in seconds: 56.48170280456543
1,100,13,3,0,0.19815993309020996,0.5704202961921692
1,100,26,0,13,0.19815993309020996,0.5704202961921692
1,100,9,2,0,0.19815993309020996,0.5704202961921692
1,100,9,6,0,0.19815993309020996,0.5704202961921692
1,100,9,5,0,0.19815993309020996,0.5704202961921692
1,100,15,2,0,0.19815993309020996,0.5704202961921692
1,100,18,0,9,0.19815993309020996,0.5704202961921692
1,100,9,6,0,0.19815993309020996,0.5704202961921692
1,100,23,0,10,0.19815993309020996,0.5704202961921692
1,100,23,0,14,0.19815993309020996,0.5704202961921692
1,100,28,0,15,0.19815993309020996,0.5704202961921692
1,100,15,3,0,0.19815993309020996,0.5704202961921692
1,100,12,0,3,0.19815993309020996,0.5704202961921692
1,100,26,0,13,0.19815993309020996,0.5704202961921692
1,100,9,0,0,0.19815993309020996,0.5704202961921692
1,100,13,0,4,0.19815993309020996,0.5704202961921692
1,100,25,0,16,0.19815993309020996,0.5704202961921692
1,100,25,0,16,0.19815993309020996,0.5704202961921692
1,100,28,0,15,0.19815993309020996,0.5704202961921692
1,100,9,0,0,0.19815993309020996,0.5704202961921692
1,100,9,2,0,0.19815993309020996,0.5704202961921692
1,100,26,0,13,0.19815993309020996,0.5704202961921692
1,100,28,0,15,0.19815993309020996,0.5704202961921692
1,100,21,0,12,0.19815993309020996,0.5704202961921692
1,100,25,0,16,0.19815993309020996,0.5704202961921692
1,100,23,0,14,0.19815993309020996,0.5704202961921692
1,100,25,0,16,0.19815993309020996,0.5704202961921692
1,100,9,3,0,0.19815993309020996,0.5704202961921692
1,100,9,2,0,0.19815993309020996,0.5704202961921692
1,100,9,0,0,0.19815993309020996,0.5704202961921692
1,100,28,0,15,0.19815993309020996,0.5704202961921692
1,100,9,5,0,0.19815993309020996,0.5704202961921692
1,100,21,0,12,0.19815993309020996,0.5704202961921692
1,100,26,0,13,0.19815993309020996,0.5704202961921692
1,100,19,0,10,0.19815993309020996,0.5704202961921692
1,100,10,0,1,0.19815993309020996,0.5704202961921692
1,100,19,0,10,0.19815993309020996,0.5704202961921692
1,100,19,0,10,0.19815993309020996,0.5704202961921692
1,100,9,0,0,0.19815993309020996,0.5704202961921692
1,100,28,0,15,0.19815993309020996,0.5704202961921692
1,100,28,0,15,0.19815993309020996,0.5704202961921692
1,100,25,0,16,0.19815993309020996,0.5704202961921692
1,100,29,0,16,0.19815993309020996,0.5704202961921692
1,100,23,0,14,0.19815993309020996,0.5704202961921692
1,100,12,0,3,0.19815993309020996,0.5704202961921692
1,100,15,0,6,0.19815993309020996,0.5704202961921692
1,100,10,0,1,0.19815993309020996,0.5704202961921692
1,100,25,0,16,0.19815993309020996,0.5704202961921692
1,100,10,0,1,0.19815993309020996,0.5704202961921692
1,100,10,0,1,0.19815993309020996,0.5704202961921692
1,100,15,0,0,0.19815993309020996,0.5704202961921692
1,100,23,0,14,0.19815993309020996,0.5704202961921692
1,100,25,0,12,0.19815993309020996,0.5704202961921692
1,100,9,2,0,0.19815993309020996,0.5704202961921692
1,100,25,0,12,0.19815993309020996,0.5704202961921692
1,100,23,0,14,0.19815993309020996,0.5704202961921692
1,100,28,0,19,0.19815993309020996,0.5704202961921692
1,100,10,0,1,0.19815993309020996,0.5704202961921692
1,100,23,0,14,0.19815993309020996,0.5704202961921692
1,100,23,0,14,0.19815993309020996,0.5704202961921692
1,100,21,0,12,0.19815993309020996,0.5704202961921692
1,100,10,0,1,0.19815993309020996,0.5704202961921692
1,100,23,0,14,0.19815993309020996,0.5704202961921692
1,100,10,0,1,0.19815993309020996,0.5704202961921692
1,100,23,0,14,0.19815993309020996,0.5704202961921692
1,100,31,0,18,0.19815993309020996,0.5704202961921692
1,100,9,0,0,0.19815993309020996,0.5704202961921692
1,100,9,0,0,0.19815993309020996,0.5704202961921692
1,100,25,0,16,0.19815993309020996,0.5704202961921692
1,100,15,2,0,0.19815993309020996,0.5704202961921692
1,100,10,0,1,0.19815993309020996,0.5704202961921692
1,100,13,0,4,0.19815993309020996,0.5704202961921692
1,100,25,0,16,0.19815993309020996,0.5704202961921692
1,100,10,0,1,0.19815993309020996,0.5704202961921692
1,100,9,2,0,0.19815993309020996,0.5704202961921692
1,100,10,0,1,0.19815993309020996,0.5704202961921692
1,100,23,0,14,0.19815993309020996,0.5704202961921692
1,100,23,0,14,0.19815993309020996,0.5704202961921692
1,100,23,0,14,0.19815993309020996,0.5704202961921692
1,100,10,0,1,0.19815993309020996,0.5704202961921692
1,100,9,2,0,0.19815993309020996,0.5704202961921692
1,100,25,0,16,0.19815993309020996,0.5704202961921692
1,100,26,0,13,0.19815993309020996,0.5704202961921692
1,100,10,0,1,0.19815993309020996,0.5704202961921692
1,100,19,0,10,0.19815993309020996,0.5704202961921692
1,100,9,2,0,0.19815993309020996,0.5704202961921692
1,100,28,0,15,0.19815993309020996,0.5704202961921692
1,100,12,0,3,0.19815993309020996,0.5704202961921692
1,100,31,0,18,0.19815993309020996,0.5704202961921692
1,100,28,0,15,0.19815993309020996,0.5704202961921692
1,100,23,0,14,0.19815993309020996,0.5704202961921692
1,100,9,2,0,0.19815993309020996,0.5704202961921692
1,100,10,0,1,0.19815993309020996,0.5704202961921692
1,100,10,0,1,0.19815993309020996,0.5704202961921692
1,100,23,0,14,0.19815993309020996,0.5704202961921692
1,100,25,0,12,0.19815993309020996,0.5704202961921692
1,100,10,0,1,0.19815993309020996,0.5704202961921692
1,100,13,0,4,0.19815993309020996,0.5704202961921692
1,100,9,0,0,0.19815993309020996,0.5704202961921692
1,100,23,0,14,0.19815993309020996,0.5704202961921692
0,100,21,0,8,0.19815993309020996,0.5704202961921692
0,100,13,10,0,0.19815993309020996,0.5704202961921692
0,100,9,9,0,0.19815993309020996,0.5704202961921692
0,100,23,0,14,0.19815993309020996,0.5704202961921692
0,100,18,0,5,0.19815993309020996,0.5704202961921692
0,100,18,0,9,0.19815993309020996,0.5704202961921692
0,100,19,0,6,0.19815993309020996,0.5704202961921692
0,100,23,0,14,0.19815993309020996,0.5704202961921692
0,100,9,8,0,0.19815993309020996,0.5704202961921692
0,100,9,8,0,0.19815993309020996,0.5704202961921692
0,100,9,9,0,0.19815993309020996,0.5704202961921692
0,100,15,0,6,0.19815993309020996,0.5704202961921692
0,100,16,0,7,0.19815993309020996,0.5704202961921692
0,100,21,0,8,0.19815993309020996,0.5704202961921692
0,100,9,11,0,0.19815993309020996,0.5704202961921692
0,100,9,8,0,0.19815993309020996,0.5704202961921692
0,100,9,9,0,0.19815993309020996,0.5704202961921692
0,100,21,0,12,0.19815993309020996,0.5704202961921692
0,100,9,9,0,0.19815993309020996,0.5704202961921692
0,100,18,0,5,0.19815993309020996,0.5704202961921692
0,100,9,6,0,0.19815993309020996,0.5704202961921692
0,100,9,11,0,0.19815993309020996,0.5704202961921692
0,100,9,9,0,0.19815993309020996,0.5704202961921692
0,100,16,0,7,0.19815993309020996,0.5704202961921692
0,100,19,0,10,0.19815993309020996,0.5704202961921692
0,100,19,0,10,0.19815993309020996,0.5704202961921692
0,100,9,8,0,0.19815993309020996,0.5704202961921692
0,100,15,15,0,0.19815993309020996,0.5704202961921692
0,100,19,0,10,0.19815993309020996,0.5704202961921692
0,100,16,0,7,0.19815993309020996,0.5704202961921692
0,100,16,0,7,0.19815993309020996,0.5704202961921692
0,100,9,9,0,0.19815993309020996,0.5704202961921692
0,100,13,13,0,0.19815993309020996,0.5704202961921692
0,100,9,9,0,0.19815993309020996,0.5704202961921692
0,100,9,9,0,0.19815993309020996,0.5704202961921692
0,100,9,9,0,0.19815993309020996,0.5704202961921692
0,100,21,0,8,0.19815993309020996,0.5704202961921692
0,100,18,0,9,0.19815993309020996,0.5704202961921692
0,100,9,9,0,0.19815993309020996,0.5704202961921692
0,100,9,12,0,0.19815993309020996,0.5704202961921692
0,100,19,0,10,0.19815993309020996,0.5704202961921692
0,100,9,8,0,0.19815993309020996,0.5704202961921692
0,100,13,6,0,0.19815993309020996,0.5704202961921692
0,100,9,12,0,0.19815993309020996,0.5704202961921692
0,100,9,6,0,0.19815993309020996,0.5704202961921692
0,100,9,6,0,0.19815993309020996,0.5704202961921692
0,100,18,0,9,0.19815993309020996,0.5704202961921692
0,100,9,9,0,0.19815993309020996,0.5704202961921692
0,100,9,9,0,0.19815993309020996,0.5704202961921692
0,100,9,8,0,0.19815993309020996,0.5704202961921692
0,100,9,9,0,0.19815993309020996,0.5704202961921692
0,100,9,0,0,0.19815993309020996,0.5704202961921692
0,100,9,6,0,0.19815993309020996,0.5704202961921692
0,100,9,14,0,0.19815993309020996,0.5704202961921692
0,100,9,0,0,0.19815993309020996,0.5704202961921692
0,100,9,9,0,0.19815993309020996,0.5704202961921692
0,100,18,0,5,0.19815993309020996,0.5704202961921692
0,100,19,0,6,0.19815993309020996,0.5704202961921692
0,100,9,6,0,0.19815993309020996,0.5704202961921692
0,100,21,0,12,0.19815993309020996,0.5704202961921692
0,100,9,6,0,0.19815993309020996,0.5704202961921692
0,100,13,10,0,0.19815993309020996,0.5704202961921692
0,100,9,11,0,0.19815993309020996,0.5704202961921692
0,100,23,0,14,0.19815993309020996,0.5704202961921692
0,100,9,9,0,0.19815993309020996,0.5704202961921692
0,100,20,0,11,0.19815993309020996,0.5704202961921692
0,100,9,0,0,0.19815993309020996,0.5704202961921692
0,100,9,9,0,0.19815993309020996,0.5704202961921692
0,100,21,0,12,0.19815993309020996,0.5704202961921692
0,100,9,9,0,0.19815993309020996,0.5704202961921692
0,100,9,9,0,0.19815993309020996,0.5704202961921692
0,100,9,9,0,0.19815993309020996,0.5704202961921692
0,100,18,0,9,0.19815993309020996,0.5704202961921692
0,100,15,12,0,0.19815993309020996,0.5704202961921692
0,100,18,0,9,0.19815993309020996,0.5704202961921692
0,100,9,2,0,0.19815993309020996,0.5704202961921692
0,100,9,9,0,0.19815993309020996,0.5704202961921692
0,100,18,0,9,0.19815993309020996,0.5704202961921692
0,100,23,0,10,0.19815993309020996,0.5704202961921692
0,100,19,0,10,0.19815993309020996,0.5704202961921692
0,100,13,15,0,0.19815993309020996,0.5704202961921692
0,100,9,8,0,0.19815993309020996,0.5704202961921692
0,100,9,8,0,0.19815993309020996,0.5704202961921692
0,100,13,13,0,0.19815993309020996,0.5704202961921692
0,100,13,13,0,0.19815993309020996,0.5704202961921692
0,100,9,5,0,0.19815993309020996,0.5704202961921692
0,100,13,13,0,0.19815993309020996,0.5704202961921692
0,100,9,9,0,0.19815993309020996,0.5704202961921692
0,100,23,0,10,0.19815993309020996,0.5704202961921692
0,100,23,0,14,0.19815993309020996,0.5704202961921692
0,100,9,8,0,0.19815993309020996,0.5704202961921692
0,100,15,0,6,0.19815993309020996,0.5704202961921692
0,100,16,0,7,0.19815993309020996,0.5704202961921692
0,100,9,9,0,0.19815993309020996,0.5704202961921692
0,100,16,0,7,0.19815993309020996,0.5704202961921692
0,100,9,8,0,0.19815993309020996,0.5704202961921692
0,100,9,8,0,0.19815993309020996,0.5704202961921692
0,100,23,0,10,0.19815993309020996,0.5704202961921692
0,100,9,6,0,0.19815993309020996,0.5704202961921692
0,100,9,8,0,0.19815993309020996,0.5704202961921692
Total DB Queries This Round: 2058
Total time spent this round in seconds: 57.24058270454407
