1,20,4333,4345,4354,215.17398929595947,2.1916722893714904,4354
1,20,4333,4345,4354,215.17398929595947,2.1916722893714904,4354
1,20,4333,4346,4354,215.17398929595947,2.1916722893714904,4354
1,20,4333,4346,4354,215.17398929595947,2.1916722893714904,4354
1,20,4333,4346,4354,215.17398929595947,2.1916722893714904,4354
1,20,4333,4346,4354,215.17398929595947,2.1916722893714904,4354
1,20,4333,4346,4354,215.17398929595947,2.1916722893714904,4354
1,20,4333,4346,4354,215.17398929595947,2.1916722893714904,4354
1,20,4333,4346,4354,215.17398929595947,2.1916722893714904,4354
1,20,4333,4346,4354,215.17398929595947,2.1916722893714904,4354
1,20,4333,4346,4354,215.17398929595947,2.1916722893714904,4354
1,20,4333,4346,4354,215.17398929595947,2.1916722893714904,4354
1,20,4333,4346,4354,215.17398929595947,2.1916722893714904,4354
1,20,4333,4346,4354,215.17398929595947,2.1916722893714904,4354
1,20,4333,4350,4350,215.17398929595947,2.1916722893714904,4354
1,20,4333,4346,4354,215.17398929595947,2.1916722893714904,4354
1,20,4333,4346,4354,215.17398929595947,2.1916722893714904,4354
1,20,4333,4347,4354,215.17398929595947,2.1916722893714904,4354
1,20,4333,4346,4354,215.17398929595947,2.1916722893714904,4354
1,20,4333,4347,4354,215.17398929595947,2.1916722893714904,4354
0,20,4333,4335,4350,215.17398929595947,2.1916722893714904,4354
0,20,4333,4331,4345,215.17398929595947,2.1916722893714904,4354
0,20,4333,4337,4354,215.17398929595947,2.1916722893714904,4354
0,20,4333,4332,4354,215.17398929595947,2.1916722893714904,4354
0,20,4333,4330,4345,215.17398929595947,2.1916722893714904,4354
0,20,4333,4330,4346,215.17398929595947,2.1916722893714904,4354
0,20,4333,4330,4346,215.17398929595947,2.1916722893714904,4354
0,20,4333,4330,4354,215.17398929595947,2.1916722893714904,4354
0,20,4333,4332,4354,215.17398929595947,2.1916722893714904,4354
0,20,4333,4338,4354,215.17398929595947,2.1916722893714904,4354
0,20,4333,4331,4354,215.17398929595947,2.1916722893714904,4354
0,20,4333,4336,4354,215.17398929595947,2.1916722893714904,4354
0,20,4333,4334,4354,215.17398929595947,2.1916722893714904,4354
0,20,4333,4330,4346,215.17398929595947,2.1916722893714904,4354
0,20,4333,4335,4354,215.17398929595947,2.1916722893714904,4354
0,20,4333,4330,4346,215.17398929595947,2.1916722893714904,4354
0,20,4333,4334,4354,215.17398929595947,2.1916722893714904,4354
0,20,4333,4333,4354,215.17398929595947,2.1916722893714904,4354
0,20,4333,4335,4354,215.17398929595947,2.1916722893714904,4354
0,20,4333,4335,4354,215.17398929595947,2.1916722893714904,4354
Number of DB Queries This Round: 5001
Time per round: 259.0074396133423
1,20,4326,4340,4347,211.0472707748413,2.441819095611572,4349
1,20,4326,4340,4349,211.0472707748413,2.441819095611572,4349
1,20,4326,4340,4349,211.0472707748413,2.441819095611572,4349
1,20,4326,4340,4347,211.0472707748413,2.441819095611572,4349
1,20,4326,4340,4349,211.0472707748413,2.441819095611572,4349
1,20,4326,4340,4348,211.0472707748413,2.441819095611572,4349
1,20,4326,4340,4347,211.0472707748413,2.441819095611572,4349
1,20,4326,4340,4347,211.0472707748413,2.441819095611572,4349
1,20,4326,4340,4348,211.0472707748413,2.441819095611572,4349
1,20,4326,4340,4348,211.0472707748413,2.441819095611572,4349
1,20,4326,4340,4347,211.0472707748413,2.441819095611572,4349
1,20,4326,4340,4347,211.0472707748413,2.441819095611572,4349
1,20,4326,4340,4347,211.0472707748413,2.441819095611572,4349
1,20,4326,4344,4345,211.0472707748413,2.441819095611572,4349
1,20,4326,4340,4349,211.0472707748413,2.441819095611572,4349
1,20,4326,4338,4347,211.0472707748413,2.441819095611572,4349
1,20,4326,4340,4348,211.0472707748413,2.441819095611572,4349
1,20,4326,4341,4349,211.0472707748413,2.441819095611572,4349
1,20,4326,4340,4348,211.0472707748413,2.441819095611572,4349
1,20,4326,4345,4345,211.0472707748413,2.441819095611572,4349
0,20,4326,4325,4338,211.0472707748413,2.441819095611572,4349
0,20,4326,4330,4348,211.0472707748413,2.441819095611572,4349
0,20,4326,4324,4347,211.0472707748413,2.441819095611572,4349
0,20,4326,4323,4338,211.0472707748413,2.441819095611572,4349
0,20,4326,4323,4341,211.0472707748413,2.441819095611572,4349
0,20,4326,4323,4341,211.0472707748413,2.441819095611572,4349
0,20,4326,4324,4348,211.0472707748413,2.441819095611572,4349
0,20,4326,4328,4347,211.0472707748413,2.441819095611572,4349
0,20,4326,4330,4347,211.0472707748413,2.441819095611572,4349
0,20,4326,4325,4348,211.0472707748413,2.441819095611572,4349
0,20,4326,4329,4348,211.0472707748413,2.441819095611572,4349
0,20,4326,4326,4349,211.0472707748413,2.441819095611572,4349
0,20,4326,4324,4341,211.0472707748413,2.441819095611572,4349
0,20,4326,4329,4349,211.0472707748413,2.441819095611572,4349
0,20,4326,4323,4341,211.0472707748413,2.441819095611572,4349
0,20,4326,4328,4347,211.0472707748413,2.441819095611572,4349
0,20,4326,4328,4347,211.0472707748413,2.441819095611572,4349
0,20,4326,4327,4347,211.0472707748413,2.441819095611572,4349
0,20,4326,4325,4348,211.0472707748413,2.441819095611572,4349
0,20,4326,4323,4349,211.0472707748413,2.441819095611572,4349
Number of DB Queries This Round: 5024
Time per round: 259.8836576938629
1,20,4339,4352,4357,216.2406668663025,2.3625368237495423,4361
1,20,4339,4352,4357,216.2406668663025,2.3625368237495423,4361
1,20,4339,4353,4361,216.2406668663025,2.3625368237495423,4361
1,20,4339,4352,4357,216.2406668663025,2.3625368237495423,4361
1,20,4339,4353,4359,216.2406668663025,2.3625368237495423,4361
1,20,4339,4353,4361,216.2406668663025,2.3625368237495423,4361
1,20,4339,4353,4361,216.2406668663025,2.3625368237495423,4361
1,20,4339,4353,4359,216.2406668663025,2.3625368237495423,4361
1,20,4339,4353,4359,216.2406668663025,2.3625368237495423,4361
1,20,4339,4351,4361,216.2406668663025,2.3625368237495423,4361
1,20,4339,4351,4361,216.2406668663025,2.3625368237495423,4361
1,20,4339,4353,4361,216.2406668663025,2.3625368237495423,4361
1,20,4339,4353,4354,216.2406668663025,2.3625368237495423,4361
1,20,4339,4352,4357,216.2406668663025,2.3625368237495423,4361
1,20,4339,4353,4361,216.2406668663025,2.3625368237495423,4361
1,20,4339,4353,4359,216.2406668663025,2.3625368237495423,4361
1,20,4339,4351,4357,216.2406668663025,2.3625368237495423,4361
1,20,4339,4353,4359,216.2406668663025,2.3625368237495423,4361
1,20,4339,4354,4354,216.2406668663025,2.3625368237495423,4361
1,20,4339,4354,4356,216.2406668663025,2.3625368237495423,4361
0,20,4339,4343,4359,216.2406668663025,2.3625368237495423,4361
0,20,4339,4341,4361,216.2406668663025,2.3625368237495423,4361
0,20,4339,4337,4356,216.2406668663025,2.3625368237495423,4361
0,20,4339,4336,4350,216.2406668663025,2.3625368237495423,4361
0,20,4339,4336,4350,216.2406668663025,2.3625368237495423,4361
0,20,4339,4338,4359,216.2406668663025,2.3625368237495423,4361
0,20,4339,4340,4361,216.2406668663025,2.3625368237495423,4361
0,20,4339,4344,4361,216.2406668663025,2.3625368237495423,4361
0,20,4339,4340,4359,216.2406668663025,2.3625368237495423,4361
0,20,4339,4345,4359,216.2406668663025,2.3625368237495423,4361
0,20,4339,4342,4357,216.2406668663025,2.3625368237495423,4361
0,20,4339,4337,4350,216.2406668663025,2.3625368237495423,4361
0,20,4339,4341,4357,216.2406668663025,2.3625368237495423,4361
0,20,4339,4336,4350,216.2406668663025,2.3625368237495423,4361
0,20,4339,4341,4361,216.2406668663025,2.3625368237495423,4361
0,20,4339,4341,4361,216.2406668663025,2.3625368237495423,4361
0,20,4339,4344,4361,216.2406668663025,2.3625368237495423,4361
0,20,4339,4343,4359,216.2406668663025,2.3625368237495423,4361
0,20,4339,4338,4357,216.2406668663025,2.3625368237495423,4361
0,20,4339,4341,4361,216.2406668663025,2.3625368237495423,4361
Number of DB Queries This Round: 5039
Time per round: 263.4914057254791
1,20,4354,4365,4380,219.94938373565674,1.9964733004570008,4380
1,20,4354,4363,4372,219.94938373565674,1.9964733004570008,4380
1,20,4354,4365,4380,219.94938373565674,1.9964733004570008,4380
1,20,4354,4366,4371,219.94938373565674,1.9964733004570008,4380
1,20,4354,4363,4372,219.94938373565674,1.9964733004570008,4380
1,20,4354,4363,4372,219.94938373565674,1.9964733004570008,4380
1,20,4354,4366,4371,219.94938373565674,1.9964733004570008,4380
1,20,4354,4366,4371,219.94938373565674,1.9964733004570008,4380
1,20,4354,4363,4372,219.94938373565674,1.9964733004570008,4380
1,20,4354,4363,4372,219.94938373565674,1.9964733004570008,4380
1,20,4354,4363,4372,219.94938373565674,1.9964733004570008,4380
1,20,4354,4368,4369,219.94938373565674,1.9964733004570008,4380
1,20,4354,4365,4380,219.94938373565674,1.9964733004570008,4380
1,20,4354,4363,4372,219.94938373565674,1.9964733004570008,4380
1,20,4354,4366,4371,219.94938373565674,1.9964733004570008,4380
1,20,4354,4365,4380,219.94938373565674,1.9964733004570008,4380
1,20,4354,4368,4371,219.94938373565674,1.9964733004570008,4380
1,20,4354,4368,4369,219.94938373565674,1.9964733004570008,4380
1,20,4354,4366,4369,219.94938373565674,1.9964733004570008,4380
1,20,4354,4367,4371,219.94938373565674,1.9964733004570008,4380
0,20,4354,4352,4372,219.94938373565674,1.9964733004570008,4380
0,20,4354,4351,4369,219.94938373565674,1.9964733004570008,4380
0,20,4354,4351,4363,219.94938373565674,1.9964733004570008,4380
0,20,4354,4351,4363,219.94938373565674,1.9964733004570008,4380
0,20,4354,4352,4371,219.94938373565674,1.9964733004570008,4380
0,20,4354,4351,4372,219.94938373565674,1.9964733004570008,4380
0,20,4354,4356,4372,219.94938373565674,1.9964733004570008,4380
0,20,4354,4355,4371,219.94938373565674,1.9964733004570008,4380
0,20,4354,4359,4371,219.94938373565674,1.9964733004570008,4380
0,20,4354,4353,4380,219.94938373565674,1.9964733004570008,4380
0,20,4354,4351,4363,219.94938373565674,1.9964733004570008,4380
0,20,4354,4356,4380,219.94938373565674,1.9964733004570008,4380
0,20,4354,4351,4363,219.94938373565674,1.9964733004570008,4380
0,20,4354,4352,4372,219.94938373565674,1.9964733004570008,4380
0,20,4354,4352,4372,219.94938373565674,1.9964733004570008,4380
0,20,4354,4355,4372,219.94938373565674,1.9964733004570008,4380
0,20,4354,4358,4371,219.94938373565674,1.9964733004570008,4380
0,20,4354,4354,4380,219.94938373565674,1.9964733004570008,4380
0,20,4354,4351,4372,219.94938373565674,1.9964733004570008,4380
0,20,4354,4352,4380,219.94938373565674,1.9964733004570008,4380
Number of DB Queries This Round: 4960
Time per round: 259.8788540363312
1,20,4365,4379,4386,215.23903965950012,2.3911919355392457,4386
1,20,4365,4378,4382,215.23903965950012,2.3911919355392457,4386
1,20,4365,4377,4380,215.23903965950012,2.3911919355392457,4386
1,20,4365,4379,4386,215.23903965950012,2.3911919355392457,4386
1,20,4365,4379,4386,215.23903965950012,2.3911919355392457,4386
1,20,4365,4377,4380,215.23903965950012,2.3911919355392457,4386
1,20,4365,4377,4380,215.23903965950012,2.3911919355392457,4386
1,20,4365,4379,4386,215.23903965950012,2.3911919355392457,4386
1,20,4365,4379,4386,215.23903965950012,2.3911919355392457,4386
1,20,4365,4379,4386,215.23903965950012,2.3911919355392457,4386
1,20,4365,4379,4378,215.23903965950012,2.3911919355392457,4386
1,20,4365,4378,4382,215.23903965950012,2.3911919355392457,4386
1,20,4365,4379,4386,215.23903965950012,2.3911919355392457,4386
1,20,4365,4378,4380,215.23903965950012,2.3911919355392457,4386
1,20,4365,4378,4382,215.23903965950012,2.3911919355392457,4386
1,20,4365,4378,4380,215.23903965950012,2.3911919355392457,4386
1,20,4365,4379,4378,215.23903965950012,2.3911919355392457,4386
1,20,4365,4379,4381,215.23903965950012,2.3911919355392457,4386
1,20,4365,4379,4380,215.23903965950012,2.3911919355392457,4386
1,20,4365,4380,4386,215.23903965950012,2.3911919355392457,4386
0,20,4365,4362,4381,215.23903965950012,2.3911919355392457,4386
0,20,4365,4362,4375,215.23903965950012,2.3911919355392457,4386
0,20,4365,4362,4375,215.23903965950012,2.3911919355392457,4386
0,20,4365,4362,4380,215.23903965950012,2.3911919355392457,4386
0,20,4365,4368,4386,215.23903965950012,2.3911919355392457,4386
0,20,4365,4371,4386,215.23903965950012,2.3911919355392457,4386
0,20,4365,4364,4380,215.23903965950012,2.3911919355392457,4386
0,20,4365,4369,4380,215.23903965950012,2.3911919355392457,4386
0,20,4365,4366,4382,215.23903965950012,2.3911919355392457,4386
0,20,4365,4362,4375,215.23903965950012,2.3911919355392457,4386
0,20,4365,4368,4382,215.23903965950012,2.3911919355392457,4386
0,20,4365,4362,4375,215.23903965950012,2.3911919355392457,4386
0,20,4365,4372,4386,215.23903965950012,2.3911919355392457,4386
0,20,4365,4367,4386,215.23903965950012,2.3911919355392457,4386
0,20,4365,4372,4386,215.23903965950012,2.3911919355392457,4386
0,20,4365,4367,4380,215.23903965950012,2.3911919355392457,4386
0,20,4365,4366,4382,215.23903965950012,2.3911919355392457,4386
0,20,4365,4366,4386,215.23903965950012,2.3911919355392457,4386
0,20,4365,4364,4382,215.23903965950012,2.3911919355392457,4386
0,20,4365,4369,4382,215.23903965950012,2.3911919355392457,4386
Number of DB Queries This Round: 5049
Time per round: 263.0628821849823
1,20,4346,4359,4366,218.16177654266357,2.7585841536521913,4368
1,20,4346,4359,4367,218.16177654266357,2.7585841536521913,4368
1,20,4346,4360,4368,218.16177654266357,2.7585841536521913,4368
1,20,4346,4360,4368,218.16177654266357,2.7585841536521913,4368
1,20,4346,4359,4367,218.16177654266357,2.7585841536521913,4368
1,20,4346,4359,4367,218.16177654266357,2.7585841536521913,4368
1,20,4346,4360,4368,218.16177654266357,2.7585841536521913,4368
1,20,4346,4361,4368,218.16177654266357,2.7585841536521913,4368
1,20,4346,4361,4368,218.16177654266357,2.7585841536521913,4368
1,20,4346,4361,4361,218.16177654266357,2.7585841536521913,4368
1,20,4346,4360,4366,218.16177654266357,2.7585841536521913,4368
1,20,4346,4360,4368,218.16177654266357,2.7585841536521913,4368
1,20,4346,4360,4367,218.16177654266357,2.7585841536521913,4368
1,20,4346,4360,4366,218.16177654266357,2.7585841536521913,4368
1,20,4346,4360,4367,218.16177654266357,2.7585841536521913,4368
1,20,4346,4361,4361,218.16177654266357,2.7585841536521913,4368
1,20,4346,4360,4364,218.16177654266357,2.7585841536521913,4368
1,20,4346,4363,4367,218.16177654266357,2.7585841536521913,4368
1,20,4346,4361,4368,218.16177654266357,2.7585841536521913,4368
1,20,4346,4361,4364,218.16177654266357,2.7585841536521913,4368
0,20,4346,4343,4359,218.16177654266357,2.7585841536521913,4368
0,20,4346,4343,4359,218.16177654266357,2.7585841536521913,4368
0,20,4346,4346,4367,218.16177654266357,2.7585841536521913,4368
0,20,4346,4349,4368,218.16177654266357,2.7585841536521913,4368
0,20,4346,4351,4368,218.16177654266357,2.7585841536521913,4368
0,20,4346,4348,4367,218.16177654266357,2.7585841536521913,4368
0,20,4346,4356,4367,218.16177654266357,2.7585841536521913,4368
0,20,4346,4348,4366,218.16177654266357,2.7585841536521913,4368
0,20,4346,4343,4359,218.16177654266357,2.7585841536521913,4368
0,20,4346,4350,4366,218.16177654266357,2.7585841536521913,4368
0,20,4346,4343,4359,218.16177654266357,2.7585841536521913,4368
0,20,4346,4350,4368,218.16177654266357,2.7585841536521913,4368
0,20,4346,4349,4368,218.16177654266357,2.7585841536521913,4368
0,20,4346,4352,4368,218.16177654266357,2.7585841536521913,4368
0,20,4346,4351,4367,218.16177654266357,2.7585841536521913,4368
0,20,4346,4347,4366,218.16177654266357,2.7585841536521913,4368
0,20,4346,4348,4368,218.16177654266357,2.7585841536521913,4368
0,20,4346,4345,4366,218.16177654266357,2.7585841536521913,4368
0,20,4346,4353,4366,218.16177654266357,2.7585841536521913,4368
0,20,4346,4355,4368,218.16177654266357,2.7585841536521913,4368
Number of DB Queries This Round: 5091
Time per round: 273.3334639072418
1,20,4325,4337,4344,217.14195370674133,2.39792286157608,4348
1,20,4325,4338,4348,217.14195370674133,2.39792286157608,4348
1,20,4325,4338,4348,217.14195370674133,2.39792286157608,4348
1,20,4325,4337,4344,217.14195370674133,2.39792286157608,4348
1,20,4325,4337,4344,217.14195370674133,2.39792286157608,4348
1,20,4325,4338,4348,217.14195370674133,2.39792286157608,4348
1,20,4325,4338,4348,217.14195370674133,2.39792286157608,4348
1,20,4325,4338,4348,217.14195370674133,2.39792286157608,4348
1,20,4325,4338,4339,217.14195370674133,2.39792286157608,4348
1,20,4325,4335,4341,217.14195370674133,2.39792286157608,4348
1,20,4325,4338,4348,217.14195370674133,2.39792286157608,4348
1,20,4325,4337,4344,217.14195370674133,2.39792286157608,4348
1,20,4325,4335,4341,217.14195370674133,2.39792286157608,4348
1,20,4325,4337,4344,217.14195370674133,2.39792286157608,4348
1,20,4325,4338,4339,217.14195370674133,2.39792286157608,4348
1,20,4325,4338,4344,217.14195370674133,2.39792286157608,4348
1,20,4325,4337,4344,217.14195370674133,2.39792286157608,4348
1,20,4325,4338,4348,217.14195370674133,2.39792286157608,4348
1,20,4325,4338,4344,217.14195370674133,2.39792286157608,4348
1,20,4325,4339,4346,217.14195370674133,2.39792286157608,4348
0,20,4325,4324,4346,217.14195370674133,2.39792286157608,4348
0,20,4325,4322,4344,217.14195370674133,2.39792286157608,4348
0,20,4325,4327,4348,217.14195370674133,2.39792286157608,4348
0,20,4325,4330,4348,217.14195370674133,2.39792286157608,4348
0,20,4325,4325,4344,217.14195370674133,2.39792286157608,4348
0,20,4325,4329,4344,217.14195370674133,2.39792286157608,4348
0,20,4325,4324,4341,217.14195370674133,2.39792286157608,4348
0,20,4325,4327,4346,217.14195370674133,2.39792286157608,4348
0,20,4325,4325,4341,217.14195370674133,2.39792286157608,4348
0,20,4325,4323,4346,217.14195370674133,2.39792286157608,4348
0,20,4325,4330,4348,217.14195370674133,2.39792286157608,4348
0,20,4325,4325,4348,217.14195370674133,2.39792286157608,4348
0,20,4325,4329,4348,217.14195370674133,2.39792286157608,4348
0,20,4325,4327,4344,217.14195370674133,2.39792286157608,4348
0,20,4325,4324,4341,217.14195370674133,2.39792286157608,4348
0,20,4325,4328,4348,217.14195370674133,2.39792286157608,4348
0,20,4325,4322,4341,217.14195370674133,2.39792286157608,4348
0,20,4325,4328,4341,217.14195370674133,2.39792286157608,4348
0,20,4325,4327,4348,217.14195370674133,2.39792286157608,4348
0,20,4325,4324,4341,217.14195370674133,2.39792286157608,4348
Number of DB Queries This Round: 5007
Time per round: 265.1004145145416
1,20,4313,4326,4333,218.95543837547302,2.4843586564064024,4334
1,20,4313,4326,4333,218.95543837547302,2.4843586564064024,4334
1,20,4313,4327,4332,218.95543837547302,2.4843586564064024,4334
1,20,4313,4327,4332,218.95543837547302,2.4843586564064024,4334
1,20,4313,4326,4333,218.95543837547302,2.4843586564064024,4334
1,20,4313,4326,4333,218.95543837547302,2.4843586564064024,4334
1,20,4313,4326,4333,218.95543837547302,2.4843586564064024,4334
1,20,4313,4328,4329,218.95543837547302,2.4843586564064024,4334
1,20,4313,4327,4333,218.95543837547302,2.4843586564064024,4334
1,20,4313,4327,4333,218.95543837547302,2.4843586564064024,4334
1,20,4313,4327,4332,218.95543837547302,2.4843586564064024,4334
1,20,4313,4328,4333,218.95543837547302,2.4843586564064024,4334
1,20,4313,4327,4332,218.95543837547302,2.4843586564064024,4334
1,20,4313,4329,4329,218.95543837547302,2.4843586564064024,4334
1,20,4313,4327,4331,218.95543837547302,2.4843586564064024,4334
1,20,4313,4327,4332,218.95543837547302,2.4843586564064024,4334
1,20,4313,4327,4333,218.95543837547302,2.4843586564064024,4334
1,20,4313,4328,4331,218.95543837547302,2.4843586564064024,4334
1,20,4313,4328,4334,218.95543837547302,2.4843586564064024,4334
1,20,4313,4329,4334,218.95543837547302,2.4843586564064024,4334
0,20,4313,4312,4332,218.95543837547302,2.4843586564064024,4334
0,20,4313,4315,4333,218.95543837547302,2.4843586564064024,4334
0,20,4313,4318,4333,218.95543837547302,2.4843586564064024,4334
0,20,4313,4315,4332,218.95543837547302,2.4843586564064024,4334
0,20,4313,4318,4332,218.95543837547302,2.4843586564064024,4334
0,20,4313,4316,4333,218.95543837547302,2.4843586564064024,4334
0,20,4313,4318,4334,218.95543837547302,2.4843586564064024,4334
0,20,4313,4318,4333,218.95543837547302,2.4843586564064024,4334
0,20,4313,4311,4334,218.95543837547302,2.4843586564064024,4334
0,20,4313,4318,4333,218.95543837547302,2.4843586564064024,4334
0,20,4313,4314,4333,218.95543837547302,2.4843586564064024,4334
0,20,4313,4318,4333,218.95543837547302,2.4843586564064024,4334
0,20,4313,4316,4332,218.95543837547302,2.4843586564064024,4334
0,20,4313,4315,4333,218.95543837547302,2.4843586564064024,4334
0,20,4313,4315,4333,218.95543837547302,2.4843586564064024,4334
0,20,4313,4314,4333,218.95543837547302,2.4843586564064024,4334
0,20,4313,4318,4333,218.95543837547302,2.4843586564064024,4334
0,20,4313,4317,4333,218.95543837547302,2.4843586564064024,4334
0,20,4313,4316,4333,218.95543837547302,2.4843586564064024,4334
0,20,4313,4318,4332,218.95543837547302,2.4843586564064024,4334
Number of DB Queries This Round: 5071
Time per round: 268.6426160335541
1,20,4302,4311,4322,205.30291724205017,2.00488703250885,4322
1,20,4302,4312,4322,205.30291724205017,2.00488703250885,4322
1,20,4302,4312,4322,205.30291724205017,2.00488703250885,4322
1,20,4302,4311,4322,205.30291724205017,2.00488703250885,4322
1,20,4302,4311,4322,205.30291724205017,2.00488703250885,4322
1,20,4302,4311,4322,205.30291724205017,2.00488703250885,4322
1,20,4302,4318,4313,205.30291724205017,2.00488703250885,4322
1,20,4302,4311,4319,205.30291724205017,2.00488703250885,4322
1,20,4302,4311,4322,205.30291724205017,2.00488703250885,4322
1,20,4302,4312,4322,205.30291724205017,2.00488703250885,4322
1,20,4302,4311,4319,205.30291724205017,2.00488703250885,4322
1,20,4302,4312,4322,205.30291724205017,2.00488703250885,4322
1,20,4302,4315,4313,205.30291724205017,2.00488703250885,4322
1,20,4302,4311,4318,205.30291724205017,2.00488703250885,4322
1,20,4302,4312,4322,205.30291724205017,2.00488703250885,4322
1,20,4302,4312,4322,205.30291724205017,2.00488703250885,4322
1,20,4302,4313,4318,205.30291724205017,2.00488703250885,4322
1,20,4302,4313,4318,205.30291724205017,2.00488703250885,4322
1,20,4302,4313,4318,205.30291724205017,2.00488703250885,4322
1,20,4302,4313,4322,205.30291724205017,2.00488703250885,4322
0,20,4302,4300,4322,205.30291724205017,2.00488703250885,4322
0,20,4302,4304,4322,205.30291724205017,2.00488703250885,4322
0,20,4302,4303,4322,205.30291724205017,2.00488703250885,4322
0,20,4302,4305,4322,205.30291724205017,2.00488703250885,4322
0,20,4302,4300,4319,205.30291724205017,2.00488703250885,4322
0,20,4302,4302,4318,205.30291724205017,2.00488703250885,4322
0,20,4302,4302,4319,205.30291724205017,2.00488703250885,4322
0,20,4302,4299,4318,205.30291724205017,2.00488703250885,4322
0,20,4302,4304,4322,205.30291724205017,2.00488703250885,4322
0,20,4302,4300,4322,205.30291724205017,2.00488703250885,4322
0,20,4302,4304,4322,205.30291724205017,2.00488703250885,4322
0,20,4302,4303,4322,205.30291724205017,2.00488703250885,4322
0,20,4302,4300,4319,205.30291724205017,2.00488703250885,4322
0,20,4302,4303,4322,205.30291724205017,2.00488703250885,4322
0,20,4302,4299,4319,205.30291724205017,2.00488703250885,4322
0,20,4302,4304,4319,205.30291724205017,2.00488703250885,4322
0,20,4302,4303,4322,205.30291724205017,2.00488703250885,4322
0,20,4302,4300,4319,205.30291724205017,2.00488703250885,4322
0,20,4302,4306,4322,205.30291724205017,2.00488703250885,4322
0,20,4302,4303,4322,205.30291724205017,2.00488703250885,4322
Number of DB Queries This Round: 4912
Time per round: 245.40066123008728
1,20,4284,4298,4307,209.1584300994873,2.458797979354858,4310
1,20,4284,4298,4307,209.1584300994873,2.458797979354858,4310
1,20,4284,4298,4310,209.1584300994873,2.458797979354858,4310
1,20,4284,4298,4310,209.1584300994873,2.458797979354858,4310
1,20,4284,4298,4310,209.1584300994873,2.458797979354858,4310
1,20,4284,4299,4300,209.1584300994873,2.458797979354858,4310
1,20,4284,4295,4304,209.1584300994873,2.458797979354858,4310
1,20,4284,4298,4310,209.1584300994873,2.458797979354858,4310
1,20,4284,4298,4307,209.1584300994873,2.458797979354858,4310
1,20,4284,4295,4304,209.1584300994873,2.458797979354858,4310
1,20,4284,4298,4307,209.1584300994873,2.458797979354858,4310
1,20,4284,4300,4300,209.1584300994873,2.458797979354858,4310
1,20,4284,4299,4305,209.1584300994873,2.458797979354858,4310
1,20,4284,4298,4307,209.1584300994873,2.458797979354858,4310
1,20,4284,4299,4310,209.1584300994873,2.458797979354858,4310
1,20,4284,4299,4305,209.1584300994873,2.458797979354858,4310
1,20,4284,4298,4306,209.1584300994873,2.458797979354858,4310
1,20,4284,4298,4306,209.1584300994873,2.458797979354858,4310
1,20,4284,4298,4307,209.1584300994873,2.458797979354858,4310
1,20,4284,4299,4310,209.1584300994873,2.458797979354858,4310
0,20,4284,4289,4310,209.1584300994873,2.458797979354858,4310
0,20,4284,4285,4307,209.1584300994873,2.458797979354858,4310
0,20,4284,4290,4307,209.1584300994873,2.458797979354858,4310
0,20,4284,4282,4304,209.1584300994873,2.458797979354858,4310
0,20,4284,4285,4306,209.1584300994873,2.458797979354858,4310
0,20,4284,4284,4304,209.1584300994873,2.458797979354858,4310
0,20,4284,4281,4306,209.1584300994873,2.458797979354858,4310
0,20,4284,4289,4310,209.1584300994873,2.458797979354858,4310
0,20,4284,4286,4310,209.1584300994873,2.458797979354858,4310
0,20,4284,4290,4310,209.1584300994873,2.458797979354858,4310
0,20,4284,4287,4307,209.1584300994873,2.458797979354858,4310
0,20,4284,4282,4304,209.1584300994873,2.458797979354858,4310
0,20,4284,4287,4310,209.1584300994873,2.458797979354858,4310
0,20,4284,4282,4304,209.1584300994873,2.458797979354858,4310
0,20,4284,4286,4304,209.1584300994873,2.458797979354858,4310
0,20,4284,4288,4310,209.1584300994873,2.458797979354858,4310
0,20,4284,4282,4304,209.1584300994873,2.458797979354858,4310
0,20,4284,4291,4307,209.1584300994873,2.458797979354858,4310
0,20,4284,4288,4310,209.1584300994873,2.458797979354858,4310
0,20,4284,4286,4310,209.1584300994873,2.458797979354858,4310
Number of DB Queries This Round: 5034
Time per round: 258.3343949317932
