1,20,4351,4364,4372,12.117534875869751,2.4070839285850525,4372
1,20,4351,4363,4370,12.117534875869751,2.4070839285850525,4372
1,20,4351,4364,4372,12.117534875869751,2.4070839285850525,4372
1,20,4351,4364,4372,12.117534875869751,2.4070839285850525,4372
1,20,4351,4364,4370,12.117534875869751,2.4070839285850525,4372
1,20,4351,4364,4372,12.117534875869751,2.4070839285850525,4372
1,20,4351,4365,4370,12.117534875869751,2.4070839285850525,4372
1,20,4351,4364,4370,12.117534875869751,2.4070839285850525,4372
1,20,4351,4364,4370,12.117534875869751,2.4070839285850525,4372
1,20,4351,4365,4370,12.117534875869751,2.4070839285850525,4372
1,20,4351,4365,4370,12.117534875869751,2.4070839285850525,4372
1,20,4351,4364,4370,12.117534875869751,2.4070839285850525,4372
1,20,4351,4364,4370,12.117534875869751,2.4070839285850525,4372
1,20,4351,4364,4370,12.117534875869751,2.4070839285850525,4372
1,20,4351,4365,4365,12.117534875869751,2.4070839285850525,4372
1,20,4351,4364,4372,12.117534875869751,2.4070839285850525,4372
1,20,4351,4364,4370,12.117534875869751,2.4070839285850525,4372
1,20,4351,4365,4370,12.117534875869751,2.4070839285850525,4372
1,20,4351,4365,4372,12.117534875869751,2.4070839285850525,4372
1,20,4351,4366,4370,12.117534875869751,2.4070839285850525,4372
0,20,4351,4351,4365,12.117534875869751,2.4070839285850525,4372
0,20,4351,4351,4359,12.117534875869751,2.4070839285850525,4372
0,20,4351,4358,4370,12.117534875869751,2.4070839285850525,4372
0,20,4351,4352,4370,12.117534875869751,2.4070839285850525,4372
0,20,4351,4348,4359,12.117534875869751,2.4070839285850525,4372
0,20,4351,4348,4361,12.117534875869751,2.4070839285850525,4372
0,20,4351,4348,4361,12.117534875869751,2.4070839285850525,4372
0,20,4351,4350,4370,12.117534875869751,2.4070839285850525,4372
0,20,4351,4352,4370,12.117534875869751,2.4070839285850525,4372
0,20,4351,4357,4370,12.117534875869751,2.4070839285850525,4372
0,20,4351,4352,4370,12.117534875869751,2.4070839285850525,4372
0,20,4351,4358,4370,12.117534875869751,2.4070839285850525,4372
0,20,4351,4355,4372,12.117534875869751,2.4070839285850525,4372
0,20,4351,4348,4361,12.117534875869751,2.4070839285850525,4372
0,20,4351,4356,4372,12.117534875869751,2.4070839285850525,4372
0,20,4351,4348,4361,12.117534875869751,2.4070839285850525,4372
0,20,4351,4356,4370,12.117534875869751,2.4070839285850525,4372
0,20,4351,4352,4370,12.117534875869751,2.4070839285850525,4372
0,20,4351,4357,4370,12.117534875869751,2.4070839285850525,4372
0,20,4351,4356,4370,12.117534875869751,2.4070839285850525,4372
Number of DB Queries This Round: 839
Time per round: 60.25921654701233
1,20,4334,4347,4354,12.651094198226929,2.5553967475891115,4354
1,20,4334,4347,4352,12.651094198226929,2.5553967475891115,4354
1,20,4334,4349,4352,12.651094198226929,2.5553967475891115,4354
1,20,4334,4347,4354,12.651094198226929,2.5553967475891115,4354
1,20,4334,4349,4352,12.651094198226929,2.5553967475891115,4354
1,20,4334,4349,4351,12.651094198226929,2.5553967475891115,4354
1,20,4334,4347,4354,12.651094198226929,2.5553967475891115,4354
1,20,4334,4347,4354,12.651094198226929,2.5553967475891115,4354
1,20,4334,4347,4351,12.651094198226929,2.5553967475891115,4354
1,20,4334,4347,4351,12.651094198226929,2.5553967475891115,4354
1,20,4334,4347,4354,12.651094198226929,2.5553967475891115,4354
1,20,4334,4347,4354,12.651094198226929,2.5553967475891115,4354
1,20,4334,4347,4354,12.651094198226929,2.5553967475891115,4354
1,20,4334,4348,4349,12.651094198226929,2.5553967475891115,4354
1,20,4334,4347,4352,12.651094198226929,2.5553967475891115,4354
1,20,4334,4347,4354,12.651094198226929,2.5553967475891115,4354
1,20,4334,4346,4351,12.651094198226929,2.5553967475891115,4354
1,20,4334,4347,4352,12.651094198226929,2.5553967475891115,4354
1,20,4334,4347,4351,12.651094198226929,2.5553967475891115,4354
1,20,4334,4349,4349,12.651094198226929,2.5553967475891115,4354
0,20,4334,4335,4342,12.651094198226929,2.5553967475891115,4354
0,20,4334,4340,4351,12.651094198226929,2.5553967475891115,4354
0,20,4334,4335,4354,12.651094198226929,2.5553967475891115,4354
0,20,4334,4331,4342,12.651094198226929,2.5553967475891115,4354
0,20,4334,4331,4343,12.651094198226929,2.5553967475891115,4354
0,20,4334,4331,4343,12.651094198226929,2.5553967475891115,4354
0,20,4334,4331,4351,12.651094198226929,2.5553967475891115,4354
0,20,4334,4332,4354,12.651094198226929,2.5553967475891115,4354
0,20,4334,4340,4354,12.651094198226929,2.5553967475891115,4354
0,20,4334,4334,4351,12.651094198226929,2.5553967475891115,4354
0,20,4334,4339,4351,12.651094198226929,2.5553967475891115,4354
0,20,4334,4336,4352,12.651094198226929,2.5553967475891115,4354
0,20,4334,4332,4343,12.651094198226929,2.5553967475891115,4354
0,20,4334,4339,4352,12.651094198226929,2.5553967475891115,4354
0,20,4334,4331,4343,12.651094198226929,2.5553967475891115,4354
0,20,4334,4338,4354,12.651094198226929,2.5553967475891115,4354
0,20,4334,4335,4354,12.651094198226929,2.5553967475891115,4354
0,20,4334,4340,4354,12.651094198226929,2.5553967475891115,4354
0,20,4334,4335,4351,12.651094198226929,2.5553967475891115,4354
0,20,4334,4332,4352,12.651094198226929,2.5553967475891115,4354
Number of DB Queries This Round: 828
Time per round: 63.759031534194946
1,20,4347,4358,4362,11.807103157043457,2.2572354435920716,4364
1,20,4347,4358,4362,11.807103157043457,2.2572354435920716,4364
1,20,4347,4359,4364,11.807103157043457,2.2572354435920716,4364
1,20,4347,4358,4362,11.807103157043457,2.2572354435920716,4364
1,20,4347,4359,4363,11.807103157043457,2.2572354435920716,4364
1,20,4347,4359,4364,11.807103157043457,2.2572354435920716,4364
1,20,4347,4359,4364,11.807103157043457,2.2572354435920716,4364
1,20,4347,4359,4363,11.807103157043457,2.2572354435920716,4364
1,20,4347,4359,4363,11.807103157043457,2.2572354435920716,4364
1,20,4347,4359,4364,11.807103157043457,2.2572354435920716,4364
1,20,4347,4359,4364,11.807103157043457,2.2572354435920716,4364
1,20,4347,4359,4364,11.807103157043457,2.2572354435920716,4364
1,20,4347,4360,4360,11.807103157043457,2.2572354435920716,4364
1,20,4347,4358,4362,11.807103157043457,2.2572354435920716,4364
1,20,4347,4359,4364,11.807103157043457,2.2572354435920716,4364
1,20,4347,4359,4363,11.807103157043457,2.2572354435920716,4364
1,20,4347,4358,4362,11.807103157043457,2.2572354435920716,4364
1,20,4347,4359,4363,11.807103157043457,2.2572354435920716,4364
1,20,4347,4360,4360,11.807103157043457,2.2572354435920716,4364
1,20,4347,4361,4361,11.807103157043457,2.2572354435920716,4364
0,20,4347,4352,4363,11.807103157043457,2.2572354435920716,4364
0,20,4347,4348,4364,11.807103157043457,2.2572354435920716,4364
0,20,4347,4345,4361,11.807103157043457,2.2572354435920716,4364
0,20,4347,4344,4353,11.807103157043457,2.2572354435920716,4364
0,20,4347,4344,4353,11.807103157043457,2.2572354435920716,4364
0,20,4347,4344,4363,11.807103157043457,2.2572354435920716,4364
0,20,4347,4348,4364,11.807103157043457,2.2572354435920716,4364
0,20,4347,4351,4364,11.807103157043457,2.2572354435920716,4364
0,20,4347,4345,4363,11.807103157043457,2.2572354435920716,4364
0,20,4347,4350,4363,11.807103157043457,2.2572354435920716,4364
0,20,4347,4350,4362,11.807103157043457,2.2572354435920716,4364
0,20,4347,4344,4353,11.807103157043457,2.2572354435920716,4364
0,20,4347,4349,4362,11.807103157043457,2.2572354435920716,4364
0,20,4347,4344,4353,11.807103157043457,2.2572354435920716,4364
0,20,4347,4350,4364,11.807103157043457,2.2572354435920716,4364
0,20,4347,4349,4364,11.807103157043457,2.2572354435920716,4364
0,20,4347,4352,4364,11.807103157043457,2.2572354435920716,4364
0,20,4347,4350,4363,11.807103157043457,2.2572354435920716,4364
0,20,4347,4346,4362,11.807103157043457,2.2572354435920716,4364
0,20,4347,4347,4364,11.807103157043457,2.2572354435920716,4364
Number of DB Queries This Round: 778
Time per round: 56.9518141746521
1,20,4345,4354,4360,12.599919319152832,1.9581296563148498,4364
1,20,4345,4355,4364,12.599919319152832,1.9581296563148498,4364
1,20,4345,4353,4360,12.599919319152832,1.9581296563148498,4364
1,20,4345,4357,4364,12.599919319152832,1.9581296563148498,4364
1,20,4345,4354,4364,12.599919319152832,1.9581296563148498,4364
1,20,4345,4354,4364,12.599919319152832,1.9581296563148498,4364
1,20,4345,4357,4364,12.599919319152832,1.9581296563148498,4364
1,20,4345,4358,4364,12.599919319152832,1.9581296563148498,4364
1,20,4345,4355,4364,12.599919319152832,1.9581296563148498,4364
1,20,4345,4355,4364,12.599919319152832,1.9581296563148498,4364
1,20,4345,4355,4364,12.599919319152832,1.9581296563148498,4364
1,20,4345,4360,4360,12.599919319152832,1.9581296563148498,4364
1,20,4345,4355,4360,12.599919319152832,1.9581296563148498,4364
1,20,4345,4355,4364,12.599919319152832,1.9581296563148498,4364
1,20,4345,4358,4364,12.599919319152832,1.9581296563148498,4364
1,20,4345,4355,4360,12.599919319152832,1.9581296563148498,4364
1,20,4345,4358,4364,12.599919319152832,1.9581296563148498,4364
1,20,4345,4360,4360,12.599919319152832,1.9581296563148498,4364
1,20,4345,4358,4361,12.599919319152832,1.9581296563148498,4364
1,20,4345,4359,4364,12.599919319152832,1.9581296563148498,4364
0,20,4345,4342,4364,12.599919319152832,1.9581296563148498,4364
0,20,4345,4342,4361,12.599919319152832,1.9581296563148498,4364
0,20,4345,4342,4356,12.599919319152832,1.9581296563148498,4364
0,20,4345,4342,4356,12.599919319152832,1.9581296563148498,4364
0,20,4345,4342,4364,12.599919319152832,1.9581296563148498,4364
0,20,4345,4343,4364,12.599919319152832,1.9581296563148498,4364
0,20,4345,4346,4364,12.599919319152832,1.9581296563148498,4364
0,20,4345,4345,4364,12.599919319152832,1.9581296563148498,4364
0,20,4345,4349,4364,12.599919319152832,1.9581296563148498,4364
0,20,4345,4343,4360,12.599919319152832,1.9581296563148498,4364
0,20,4345,4342,4356,12.599919319152832,1.9581296563148498,4364
0,20,4345,4343,4360,12.599919319152832,1.9581296563148498,4364
0,20,4345,4342,4356,12.599919319152832,1.9581296563148498,4364
0,20,4345,4345,4364,12.599919319152832,1.9581296563148498,4364
0,20,4345,4343,4364,12.599919319152832,1.9581296563148498,4364
0,20,4345,4346,4364,12.599919319152832,1.9581296563148498,4364
0,20,4345,4347,4364,12.599919319152832,1.9581296563148498,4364
0,20,4345,4343,4360,12.599919319152832,1.9581296563148498,4364
0,20,4345,4343,4364,12.599919319152832,1.9581296563148498,4364
0,20,4345,4342,4360,12.599919319152832,1.9581296563148498,4364
Number of DB Queries This Round: 749
Time per round: 51.76251673698425
1,20,4341,4355,4363,13.155274391174316,2.5872084856033326,4363
1,20,4341,4355,4360,13.155274391174316,2.5872084856033326,4363
1,20,4341,4355,4360,13.155274391174316,2.5872084856033326,4363
1,20,4341,4356,4363,13.155274391174316,2.5872084856033326,4363
1,20,4341,4356,4363,13.155274391174316,2.5872084856033326,4363
1,20,4341,4355,4360,13.155274391174316,2.5872084856033326,4363
1,20,4341,4355,4360,13.155274391174316,2.5872084856033326,4363
1,20,4341,4356,4363,13.155274391174316,2.5872084856033326,4363
1,20,4341,4356,4363,13.155274391174316,2.5872084856033326,4363
1,20,4341,4356,4363,13.155274391174316,2.5872084856033326,4363
1,20,4341,4356,4354,13.155274391174316,2.5872084856033326,4363
1,20,4341,4355,4360,13.155274391174316,2.5872084856033326,4363
1,20,4341,4356,4363,13.155274391174316,2.5872084856033326,4363
1,20,4341,4355,4360,13.155274391174316,2.5872084856033326,4363
1,20,4341,4355,4360,13.155274391174316,2.5872084856033326,4363
1,20,4341,4355,4360,13.155274391174316,2.5872084856033326,4363
1,20,4341,4355,4354,13.155274391174316,2.5872084856033326,4363
1,20,4341,4356,4357,13.155274391174316,2.5872084856033326,4363
1,20,4341,4355,4360,13.155274391174316,2.5872084856033326,4363
1,20,4341,4356,4363,13.155274391174316,2.5872084856033326,4363
0,20,4341,4338,4357,13.155274391174316,2.5872084856033326,4363
0,20,4341,4338,4352,13.155274391174316,2.5872084856033326,4363
0,20,4341,4338,4352,13.155274391174316,2.5872084856033326,4363
0,20,4341,4339,4360,13.155274391174316,2.5872084856033326,4363
0,20,4341,4345,4363,13.155274391174316,2.5872084856033326,4363
0,20,4341,4347,4363,13.155274391174316,2.5872084856033326,4363
0,20,4341,4342,4360,13.155274391174316,2.5872084856033326,4363
0,20,4341,4346,4360,13.155274391174316,2.5872084856033326,4363
0,20,4341,4342,4360,13.155274391174316,2.5872084856033326,4363
0,20,4341,4338,4352,13.155274391174316,2.5872084856033326,4363
0,20,4341,4345,4360,13.155274391174316,2.5872084856033326,4363
0,20,4341,4338,4352,13.155274391174316,2.5872084856033326,4363
0,20,4341,4348,4363,13.155274391174316,2.5872084856033326,4363
0,20,4341,4343,4363,13.155274391174316,2.5872084856033326,4363
0,20,4341,4347,4363,13.155274391174316,2.5872084856033326,4363
0,20,4341,4344,4360,13.155274391174316,2.5872084856033326,4363
0,20,4341,4342,4360,13.155274391174316,2.5872084856033326,4363
0,20,4341,4343,4363,13.155274391174316,2.5872084856033326,4363
0,20,4341,4341,4360,13.155274391174316,2.5872084856033326,4363
0,20,4341,4344,4360,13.155274391174316,2.5872084856033326,4363
Number of DB Queries This Round: 881
Time per round: 64.89944791793823
1,20,4344,4357,4364,15.330508708953857,2.5391773700714113,4373
1,20,4344,4358,4365,15.330508708953857,2.5391773700714113,4373
1,20,4344,4358,4366,15.330508708953857,2.5391773700714113,4373
1,20,4344,4358,4366,15.330508708953857,2.5391773700714113,4373
1,20,4344,4360,4365,15.330508708953857,2.5391773700714113,4373
1,20,4344,4360,4365,15.330508708953857,2.5391773700714113,4373
1,20,4344,4358,4366,15.330508708953857,2.5391773700714113,4373
1,20,4344,4358,4366,15.330508708953857,2.5391773700714113,4373
1,20,4344,4358,4366,15.330508708953857,2.5391773700714113,4373
1,20,4344,4359,4373,15.330508708953857,2.5391773700714113,4373
1,20,4344,4358,4364,15.330508708953857,2.5391773700714113,4373
1,20,4344,4359,4366,15.330508708953857,2.5391773700714113,4373
1,20,4344,4358,4365,15.330508708953857,2.5391773700714113,4373
1,20,4344,4358,4364,15.330508708953857,2.5391773700714113,4373
1,20,4344,4358,4365,15.330508708953857,2.5391773700714113,4373
1,20,4344,4359,4373,15.330508708953857,2.5391773700714113,4373
1,20,4344,4358,4364,15.330508708953857,2.5391773700714113,4373
1,20,4344,4360,4365,15.330508708953857,2.5391773700714113,4373
1,20,4344,4359,4366,15.330508708953857,2.5391773700714113,4373
1,20,4344,4359,4364,15.330508708953857,2.5391773700714113,4373
0,20,4344,4341,4356,15.330508708953857,2.5391773700714113,4373
0,20,4344,4341,4356,15.330508708953857,2.5391773700714113,4373
0,20,4344,4345,4365,15.330508708953857,2.5391773700714113,4373
0,20,4344,4346,4366,15.330508708953857,2.5391773700714113,4373
0,20,4344,4351,4366,15.330508708953857,2.5391773700714113,4373
0,20,4344,4347,4365,15.330508708953857,2.5391773700714113,4373
0,20,4344,4351,4365,15.330508708953857,2.5391773700714113,4373
0,20,4344,4345,4364,15.330508708953857,2.5391773700714113,4373
0,20,4344,4343,4356,15.330508708953857,2.5391773700714113,4373
0,20,4344,4347,4364,15.330508708953857,2.5391773700714113,4373
0,20,4344,4341,4356,15.330508708953857,2.5391773700714113,4373
0,20,4344,4349,4366,15.330508708953857,2.5391773700714113,4373
0,20,4344,4345,4366,15.330508708953857,2.5391773700714113,4373
0,20,4344,4350,4366,15.330508708953857,2.5391773700714113,4373
0,20,4344,4348,4365,15.330508708953857,2.5391773700714113,4373
0,20,4344,4345,4364,15.330508708953857,2.5391773700714113,4373
0,20,4344,4348,4366,15.330508708953857,2.5391773700714113,4373
0,20,4344,4343,4364,15.330508708953857,2.5391773700714113,4373
0,20,4344,4350,4364,15.330508708953857,2.5391773700714113,4373
0,20,4344,4350,4366,15.330508708953857,2.5391773700714113,4373
Number of DB Queries This Round: 943
Time per round: 66.11405944824219
1,20,4336,4348,4354,13.850891351699829,2.3362555265426637,4359
1,20,4336,4349,4359,13.850891351699829,2.3362555265426637,4359
1,20,4336,4350,4359,13.850891351699829,2.3362555265426637,4359
1,20,4336,4348,4354,13.850891351699829,2.3362555265426637,4359
1,20,4336,4348,4354,13.850891351699829,2.3362555265426637,4359
1,20,4336,4350,4359,13.850891351699829,2.3362555265426637,4359
1,20,4336,4350,4359,13.850891351699829,2.3362555265426637,4359
1,20,4336,4351,4359,13.850891351699829,2.3362555265426637,4359
1,20,4336,4351,4349,13.850891351699829,2.3362555265426637,4359
1,20,4336,4350,4356,13.850891351699829,2.3362555265426637,4359
1,20,4336,4351,4359,13.850891351699829,2.3362555265426637,4359
1,20,4336,4349,4354,13.850891351699829,2.3362555265426637,4359
1,20,4336,4349,4356,13.850891351699829,2.3362555265426637,4359
1,20,4336,4349,4354,13.850891351699829,2.3362555265426637,4359
1,20,4336,4351,4349,13.850891351699829,2.3362555265426637,4359
1,20,4336,4350,4352,13.850891351699829,2.3362555265426637,4359
1,20,4336,4348,4354,13.850891351699829,2.3362555265426637,4359
1,20,4336,4350,4359,13.850891351699829,2.3362555265426637,4359
1,20,4336,4351,4352,13.850891351699829,2.3362555265426637,4359
1,20,4336,4352,4357,13.850891351699829,2.3362555265426637,4359
0,20,4336,4333,4357,13.850891351699829,2.3362555265426637,4359
0,20,4336,4333,4354,13.850891351699829,2.3362555265426637,4359
0,20,4336,4337,4359,13.850891351699829,2.3362555265426637,4359
0,20,4336,4340,4359,13.850891351699829,2.3362555265426637,4359
0,20,4336,4335,4354,13.850891351699829,2.3362555265426637,4359
0,20,4336,4338,4354,13.850891351699829,2.3362555265426637,4359
0,20,4336,4338,4356,13.850891351699829,2.3362555265426637,4359
0,20,4336,4338,4357,13.850891351699829,2.3362555265426637,4359
0,20,4336,4338,4356,13.850891351699829,2.3362555265426637,4359
0,20,4336,4333,4357,13.850891351699829,2.3362555265426637,4359
0,20,4336,4341,4359,13.850891351699829,2.3362555265426637,4359
0,20,4336,4337,4359,13.850891351699829,2.3362555265426637,4359
0,20,4336,4340,4359,13.850891351699829,2.3362555265426637,4359
0,20,4336,4337,4354,13.850891351699829,2.3362555265426637,4359
0,20,4336,4337,4356,13.850891351699829,2.3362555265426637,4359
0,20,4336,4340,4359,13.850891351699829,2.3362555265426637,4359
0,20,4336,4335,4356,13.850891351699829,2.3362555265426637,4359
0,20,4336,4341,4356,13.850891351699829,2.3362555265426637,4359
0,20,4336,4338,4359,13.850891351699829,2.3362555265426637,4359
0,20,4336,4337,4356,13.850891351699829,2.3362555265426637,4359
Number of DB Queries This Round: 876
Time per round: 60.576005935668945
1,20,4340,4353,4361,14.765729188919067,2.6891142964363097,4361
1,20,4340,4353,4361,14.765729188919067,2.6891142964363097,4361
1,20,4340,4353,4356,14.765729188919067,2.6891142964363097,4361
1,20,4340,4353,4356,14.765729188919067,2.6891142964363097,4361
1,20,4340,4354,4361,14.765729188919067,2.6891142964363097,4361
1,20,4340,4354,4361,14.765729188919067,2.6891142964363097,4361
1,20,4340,4354,4361,14.765729188919067,2.6891142964363097,4361
1,20,4340,4354,4354,14.765729188919067,2.6891142964363097,4361
1,20,4340,4353,4360,14.765729188919067,2.6891142964363097,4361
1,20,4340,4354,4361,14.765729188919067,2.6891142964363097,4361
1,20,4340,4353,4356,14.765729188919067,2.6891142964363097,4361
1,20,4340,4354,4360,14.765729188919067,2.6891142964363097,4361
1,20,4340,4353,4356,14.765729188919067,2.6891142964363097,4361
1,20,4340,4354,4354,14.765729188919067,2.6891142964363097,4361
1,20,4340,4354,4358,14.765729188919067,2.6891142964363097,4361
1,20,4340,4353,4356,14.765729188919067,2.6891142964363097,4361
1,20,4340,4354,4361,14.765729188919067,2.6891142964363097,4361
1,20,4340,4354,4358,14.765729188919067,2.6891142964363097,4361
1,20,4340,4354,4360,14.765729188919067,2.6891142964363097,4361
1,20,4340,4355,4360,14.765729188919067,2.6891142964363097,4361
0,20,4340,4336,4356,14.765729188919067,2.6891142964363097,4361
0,20,4340,4341,4361,14.765729188919067,2.6891142964363097,4361
0,20,4340,4344,4361,14.765729188919067,2.6891142964363097,4361
0,20,4340,4342,4356,14.765729188919067,2.6891142964363097,4361
0,20,4340,4345,4356,14.765729188919067,2.6891142964363097,4361
0,20,4340,4341,4360,14.765729188919067,2.6891142964363097,4361
0,20,4340,4343,4360,14.765729188919067,2.6891142964363097,4361
0,20,4340,4343,4360,14.765729188919067,2.6891142964363097,4361
0,20,4340,4336,4360,14.765729188919067,2.6891142964363097,4361
0,20,4340,4344,4361,14.765729188919067,2.6891142964363097,4361
0,20,4340,4340,4361,14.765729188919067,2.6891142964363097,4361
0,20,4340,4345,4361,14.765729188919067,2.6891142964363097,4361
0,20,4340,4341,4356,14.765729188919067,2.6891142964363097,4361
0,20,4340,4341,4360,14.765729188919067,2.6891142964363097,4361
0,20,4340,4342,4361,14.765729188919067,2.6891142964363097,4361
0,20,4340,4339,4360,14.765729188919067,2.6891142964363097,4361
0,20,4340,4345,4360,14.765729188919067,2.6891142964363097,4361
0,20,4340,4344,4361,14.765729188919067,2.6891142964363097,4361
0,20,4340,4340,4360,14.765729188919067,2.6891142964363097,4361
0,20,4340,4346,4356,14.765729188919067,2.6891142964363097,4361
Number of DB Queries This Round: 906
Time per round: 68.54801774024963
1,20,4320,4333,4341,13.870455026626587,2.47690235376358,4341
1,20,4320,4334,4340,13.870455026626587,2.47690235376358,4341
1,20,4320,4335,4340,13.870455026626587,2.47690235376358,4341
1,20,4320,4333,4341,13.870455026626587,2.47690235376358,4341
1,20,4320,4333,4341,13.870455026626587,2.47690235376358,4341
1,20,4320,4333,4341,13.870455026626587,2.47690235376358,4341
1,20,4320,4335,4334,13.870455026626587,2.47690235376358,4341
1,20,4320,4330,4336,13.870455026626587,2.47690235376358,4341
1,20,4320,4334,4341,13.870455026626587,2.47690235376358,4341
1,20,4320,4334,4340,13.870455026626587,2.47690235376358,4341
1,20,4320,4330,4336,13.870455026626587,2.47690235376358,4341
1,20,4320,4334,4340,13.870455026626587,2.47690235376358,4341
1,20,4320,4334,4334,13.870455026626587,2.47690235376358,4341
1,20,4320,4333,4337,13.870455026626587,2.47690235376358,4341
1,20,4320,4334,4340,13.870455026626587,2.47690235376358,4341
1,20,4320,4334,4341,13.870455026626587,2.47690235376358,4341
1,20,4320,4332,4337,13.870455026626587,2.47690235376358,4341
1,20,4320,4333,4336,13.870455026626587,2.47690235376358,4341
1,20,4320,4333,4336,13.870455026626587,2.47690235376358,4341
1,20,4320,4335,4340,13.870455026626587,2.47690235376358,4341
0,20,4320,4321,4341,13.870455026626587,2.47690235376358,4341
0,20,4320,4324,4341,13.870455026626587,2.47690235376358,4341
0,20,4320,4321,4340,13.870455026626587,2.47690235376358,4341
0,20,4320,4326,4340,13.870455026626587,2.47690235376358,4341
0,20,4320,4319,4336,13.870455026626587,2.47690235376358,4341
0,20,4320,4320,4336,13.870455026626587,2.47690235376358,4341
0,20,4320,4319,4336,13.870455026626587,2.47690235376358,4341
0,20,4320,4317,4336,13.870455026626587,2.47690235376358,4341
0,20,4320,4323,4341,13.870455026626587,2.47690235376358,4341
0,20,4320,4319,4341,13.870455026626587,2.47690235376358,4341
0,20,4320,4324,4341,13.870455026626587,2.47690235376358,4341
0,20,4320,4324,4340,13.870455026626587,2.47690235376358,4341
0,20,4320,4318,4336,13.870455026626587,2.47690235376358,4341
0,20,4320,4321,4341,13.870455026626587,2.47690235376358,4341
0,20,4320,4317,4336,13.870455026626587,2.47690235376358,4341
0,20,4320,4320,4336,13.870455026626587,2.47690235376358,4341
0,20,4320,4323,4341,13.870455026626587,2.47690235376358,4341
0,20,4320,4319,4336,13.870455026626587,2.47690235376358,4341
0,20,4320,4327,4340,13.870455026626587,2.47690235376358,4341
0,20,4320,4322,4341,13.870455026626587,2.47690235376358,4341
Number of DB Queries This Round: 875
Time per round: 63.40850615501404
1,20,4320,4331,4339,13.45972204208374,2.290433037281036,4344
1,20,4320,4331,4339,13.45972204208374,2.290433037281036,4344
1,20,4320,4334,4344,13.45972204208374,2.290433037281036,4344
1,20,4320,4334,4344,13.45972204208374,2.290433037281036,4344
1,20,4320,4334,4344,13.45972204208374,2.290433037281036,4344
1,20,4320,4334,4335,13.45972204208374,2.290433037281036,4344
1,20,4320,4331,4340,13.45972204208374,2.290433037281036,4344
1,20,4320,4333,4344,13.45972204208374,2.290433037281036,4344
1,20,4320,4332,4339,13.45972204208374,2.290433037281036,4344
1,20,4320,4331,4340,13.45972204208374,2.290433037281036,4344
1,20,4320,4332,4339,13.45972204208374,2.290433037281036,4344
1,20,4320,4334,4335,13.45972204208374,2.290433037281036,4344
1,20,4320,4331,4331,13.45972204208374,2.290433037281036,4344
1,20,4320,4332,4339,13.45972204208374,2.290433037281036,4344
1,20,4320,4336,4344,13.45972204208374,2.290433037281036,4344
1,20,4320,4333,4331,13.45972204208374,2.290433037281036,4344
1,20,4320,4332,4339,13.45972204208374,2.290433037281036,4344
1,20,4320,4332,4339,13.45972204208374,2.290433037281036,4344
1,20,4320,4332,4339,13.45972204208374,2.290433037281036,4344
1,20,4320,4337,4344,13.45972204208374,2.290433037281036,4344
0,20,4320,4323,4344,13.45972204208374,2.290433037281036,4344
0,20,4320,4320,4339,13.45972204208374,2.290433037281036,4344
0,20,4320,4323,4339,13.45972204208374,2.290433037281036,4344
0,20,4320,4319,4340,13.45972204208374,2.290433037281036,4344
0,20,4320,4322,4339,13.45972204208374,2.290433037281036,4344
0,20,4320,4321,4340,13.45972204208374,2.290433037281036,4344
0,20,4320,4317,4339,13.45972204208374,2.290433037281036,4344
0,20,4320,4324,4344,13.45972204208374,2.290433037281036,4344
0,20,4320,4323,4344,13.45972204208374,2.290433037281036,4344
0,20,4320,4324,4344,13.45972204208374,2.290433037281036,4344
0,20,4320,4320,4339,13.45972204208374,2.290433037281036,4344
0,20,4320,4319,4340,13.45972204208374,2.290433037281036,4344
0,20,4320,4322,4344,13.45972204208374,2.290433037281036,4344
0,20,4320,4317,4340,13.45972204208374,2.290433037281036,4344
0,20,4320,4322,4340,13.45972204208374,2.290433037281036,4344
0,20,4320,4324,4344,13.45972204208374,2.290433037281036,4344
0,20,4320,4319,4340,13.45972204208374,2.290433037281036,4344
0,20,4320,4324,4339,13.45972204208374,2.290433037281036,4344
0,20,4320,4324,4344,13.45972204208374,2.290433037281036,4344
0,20,4320,4322,4344,13.45972204208374,2.290433037281036,4344
Number of DB Queries This Round: 860
Time per round: 59.26838755607605
