1,20,3350,3367,3372,11.02092719078064,1.3407254457473754,3372
1,20,3350,3363,3372,11.02092719078064,1.3407254457473754,3372
1,20,3350,3362,3372,11.02092719078064,1.3407254457473754,3372
1,20,3350,3364,3372,11.02092719078064,1.3407254457473754,3372
1,20,3350,3363,3372,11.02092719078064,1.3407254457473754,3372
1,20,3350,3364,3372,11.02092719078064,1.3407254457473754,3372
1,20,3350,3364,3370,11.02092719078064,1.3407254457473754,3372
1,20,3350,3363,3372,11.02092719078064,1.3407254457473754,3372
1,20,3350,3363,3372,11.02092719078064,1.3407254457473754,3372
1,20,3350,3363,3370,11.02092719078064,1.3407254457473754,3372
1,20,3350,3363,3370,11.02092719078064,1.3407254457473754,3372
1,20,3350,3363,3372,11.02092719078064,1.3407254457473754,3372
1,20,3350,3363,3372,11.02092719078064,1.3407254457473754,3372
1,20,3350,3363,3372,11.02092719078064,1.3407254457473754,3372
1,20,3350,3366,3367,11.02092719078064,1.3407254457473754,3372
1,20,3350,3364,3372,11.02092719078064,1.3407254457473754,3372
1,20,3350,3365,3372,11.02092719078064,1.3407254457473754,3372
1,20,3350,3363,3370,11.02092719078064,1.3407254457473754,3372
1,20,3350,3364,3372,11.02092719078064,1.3407254457473754,3372
1,20,3350,3365,3370,11.02092719078064,1.3407254457473754,3372
0,20,3350,3356,3367,11.02092719078064,1.3407254457473754,3372
0,20,3350,3355,3364,11.02092719078064,1.3407254457473754,3372
0,20,3350,3359,3370,11.02092719078064,1.3407254457473754,3372
0,20,3350,3356,3372,11.02092719078064,1.3407254457473754,3372
0,20,3350,3346,3364,11.02092719078064,1.3407254457473754,3372
0,20,3350,3351,3365,11.02092719078064,1.3407254457473754,3372
0,20,3350,3348,3365,11.02092719078064,1.3407254457473754,3372
0,20,3350,3352,3370,11.02092719078064,1.3407254457473754,3372
0,20,3350,3356,3372,11.02092719078064,1.3407254457473754,3372
0,20,3350,3358,3372,11.02092719078064,1.3407254457473754,3372
0,20,3350,3352,3370,11.02092719078064,1.3407254457473754,3372
0,20,3350,3358,3370,11.02092719078064,1.3407254457473754,3372
0,20,3350,3357,3372,11.02092719078064,1.3407254457473754,3372
0,20,3350,3351,3365,11.02092719078064,1.3407254457473754,3372
0,20,3350,3358,3372,11.02092719078064,1.3407254457473754,3372
0,20,3350,3348,3365,11.02092719078064,1.3407254457473754,3372
0,20,3350,3358,3372,11.02092719078064,1.3407254457473754,3372
0,20,3350,3354,3372,11.02092719078064,1.3407254457473754,3372
0,20,3350,3358,3372,11.02092719078064,1.3407254457473754,3372
0,20,3350,3357,3370,11.02092719078064,1.3407254457473754,3372
Number of DB Queries This Round: 917
Time per round: 37.83543682098389
over
1,20,3349,3366,3372,12.64915156364441,1.4541016340255737,3372
1,20,3349,3360,3370,12.64915156364441,1.4541016340255737,3372
1,20,3349,3362,3370,12.64915156364441,1.4541016340255737,3372
1,20,3349,3363,3372,12.64915156364441,1.4541016340255737,3372
1,20,3349,3362,3370,12.64915156364441,1.4541016340255737,3372
1,20,3349,3363,3369,12.64915156364441,1.4541016340255737,3372
1,20,3349,3363,3372,12.64915156364441,1.4541016340255737,3372
1,20,3349,3364,3372,12.64915156364441,1.4541016340255737,3372
1,20,3349,3362,3369,12.64915156364441,1.4541016340255737,3372
1,20,3349,3362,3369,12.64915156364441,1.4541016340255737,3372
1,20,3349,3364,3372,12.64915156364441,1.4541016340255737,3372
1,20,3349,3363,3372,12.64915156364441,1.4541016340255737,3372
1,20,3349,3363,3372,12.64915156364441,1.4541016340255737,3372
1,20,3349,3363,3366,12.64915156364441,1.4541016340255737,3372
1,20,3349,3362,3370,12.64915156364441,1.4541016340255737,3372
1,20,3349,3363,3372,12.64915156364441,1.4541016340255737,3372
1,20,3349,3362,3369,12.64915156364441,1.4541016340255737,3372
1,20,3349,3364,3370,12.64915156364441,1.4541016340255737,3372
1,20,3349,3364,3369,12.64915156364441,1.4541016340255737,3372
1,20,3349,3365,3366,12.64915156364441,1.4541016340255737,3372
0,20,3349,3353,3362,12.64915156364441,1.4541016340255737,3372
0,20,3349,3358,3369,12.64915156364441,1.4541016340255737,3372
0,20,3349,3356,3372,12.64915156364441,1.4541016340255737,3372
0,20,3349,3345,3362,12.64915156364441,1.4541016340255737,3372
0,20,3349,3349,3363,12.64915156364441,1.4541016340255737,3372
0,20,3349,3346,3363,12.64915156364441,1.4541016340255737,3372
0,20,3349,3351,3369,12.64915156364441,1.4541016340255737,3372
0,20,3349,3356,3372,12.64915156364441,1.4541016340255737,3372
0,20,3349,3360,3372,12.64915156364441,1.4541016340255737,3372
0,20,3349,3351,3369,12.64915156364441,1.4541016340255737,3372
0,20,3349,3357,3369,12.64915156364441,1.4541016340255737,3372
0,20,3349,3355,3370,12.64915156364441,1.4541016340255737,3372
0,20,3349,3349,3363,12.64915156364441,1.4541016340255737,3372
0,20,3349,3356,3370,12.64915156364441,1.4541016340255737,3372
0,20,3349,3346,3363,12.64915156364441,1.4541016340255737,3372
0,20,3349,3357,3372,12.64915156364441,1.4541016340255737,3372
0,20,3349,3354,3372,12.64915156364441,1.4541016340255737,3372
0,20,3349,3358,3372,12.64915156364441,1.4541016340255737,3372
0,20,3349,3356,3369,12.64915156364441,1.4541016340255737,3372
0,20,3349,3361,3370,12.64915156364441,1.4541016340255737,3372
Number of DB Queries This Round: 917
Time per round: 41.731184244155884
1,20,3344,3361,3366,12.331726789474487,1.434814989566803,3366
1,20,3344,3358,3366,12.331726789474487,1.434814989566803,3366
1,20,3344,3357,3366,12.331726789474487,1.434814989566803,3366
1,20,3344,3358,3366,12.331726789474487,1.434814989566803,3366
1,20,3344,3356,3364,12.331726789474487,1.434814989566803,3366
1,20,3344,3357,3366,12.331726789474487,1.434814989566803,3366
1,20,3344,3357,3366,12.331726789474487,1.434814989566803,3366
1,20,3344,3357,3364,12.331726789474487,1.434814989566803,3366
1,20,3344,3357,3364,12.331726789474487,1.434814989566803,3366
1,20,3344,3357,3366,12.331726789474487,1.434814989566803,3366
1,20,3344,3357,3366,12.331726789474487,1.434814989566803,3366
1,20,3344,3357,3366,12.331726789474487,1.434814989566803,3366
1,20,3344,3358,3361,12.331726789474487,1.434814989566803,3366
1,20,3344,3358,3366,12.331726789474487,1.434814989566803,3366
1,20,3344,3359,3366,12.331726789474487,1.434814989566803,3366
1,20,3344,3357,3364,12.331726789474487,1.434814989566803,3366
1,20,3344,3358,3366,12.331726789474487,1.434814989566803,3366
1,20,3344,3359,3364,12.331726789474487,1.434814989566803,3366
1,20,3344,3360,3361,12.331726789474487,1.434814989566803,3366
1,20,3344,3359,3362,12.331726789474487,1.434814989566803,3366
0,20,3344,3353,3364,12.331726789474487,1.434814989566803,3366
0,20,3344,3350,3366,12.331726789474487,1.434814989566803,3366
0,20,3344,3344,3362,12.331726789474487,1.434814989566803,3366
0,20,3344,3344,3359,12.331726789474487,1.434814989566803,3366
0,20,3344,3342,3359,12.331726789474487,1.434814989566803,3366
0,20,3344,3346,3364,12.331726789474487,1.434814989566803,3366
0,20,3344,3350,3366,12.331726789474487,1.434814989566803,3366
0,20,3344,3352,3366,12.331726789474487,1.434814989566803,3366
0,20,3344,3346,3364,12.331726789474487,1.434814989566803,3366
0,20,3344,3352,3364,12.331726789474487,1.434814989566803,3366
0,20,3344,3352,3366,12.331726789474487,1.434814989566803,3366
0,20,3344,3345,3359,12.331726789474487,1.434814989566803,3366
0,20,3344,3352,3366,12.331726789474487,1.434814989566803,3366
0,20,3344,3342,3359,12.331726789474487,1.434814989566803,3366
0,20,3344,3351,3366,12.331726789474487,1.434814989566803,3366
0,20,3344,3348,3366,12.331726789474487,1.434814989566803,3366
0,20,3344,3352,3366,12.331726789474487,1.434814989566803,3366
0,20,3344,3351,3364,12.331726789474487,1.434814989566803,3366
0,20,3344,3357,3366,12.331726789474487,1.434814989566803,3366
0,20,3344,3350,3366,12.331726789474487,1.434814989566803,3366
Number of DB Queries This Round: 927
Time per round: 41.02802872657776
1,20,3349,3364,3371,12.549464702606201,1.3970844507217408,3371
1,20,3349,3360,3371,12.549464702606201,1.3970844507217408,3371
1,20,3349,3361,3371,12.549464702606201,1.3970844507217408,3371
1,20,3349,3362,3371,12.549464702606201,1.3970844507217408,3371
1,20,3349,3360,3371,12.549464702606201,1.3970844507217408,3371
1,20,3349,3360,3371,12.549464702606201,1.3970844507217408,3371
1,20,3349,3362,3371,12.549464702606201,1.3970844507217408,3371
1,20,3349,3362,3371,12.549464702606201,1.3970844507217408,3371
1,20,3349,3360,3371,12.549464702606201,1.3970844507217408,3371
1,20,3349,3360,3371,12.549464702606201,1.3970844507217408,3371
1,20,3349,3360,3371,12.549464702606201,1.3970844507217408,3371
1,20,3349,3363,3366,12.549464702606201,1.3970844507217408,3371
1,20,3349,3361,3371,12.549464702606201,1.3970844507217408,3371
1,20,3349,3362,3371,12.549464702606201,1.3970844507217408,3371
1,20,3349,3362,3371,12.549464702606201,1.3970844507217408,3371
1,20,3349,3361,3371,12.549464702606201,1.3970844507217408,3371
1,20,3349,3362,3371,12.549464702606201,1.3970844507217408,3371
1,20,3349,3365,3366,12.549464702606201,1.3970844507217408,3371
1,20,3349,3362,3367,12.549464702606201,1.3970844507217408,3371
1,20,3349,3364,3371,12.549464702606201,1.3970844507217408,3371
0,20,3349,3353,3371,12.549464702606201,1.3970844507217408,3371
0,20,3349,3347,3367,12.549464702606201,1.3970844507217408,3371
0,20,3349,3348,3365,12.549464702606201,1.3970844507217408,3371
0,20,3349,3346,3365,12.549464702606201,1.3970844507217408,3371
0,20,3349,3351,3371,12.549464702606201,1.3970844507217408,3371
0,20,3349,3353,3371,12.549464702606201,1.3970844507217408,3371
0,20,3349,3355,3371,12.549464702606201,1.3970844507217408,3371
0,20,3349,3352,3371,12.549464702606201,1.3970844507217408,3371
0,20,3349,3357,3371,12.549464702606201,1.3970844507217408,3371
0,20,3349,3354,3371,12.549464702606201,1.3970844507217408,3371
0,20,3349,3349,3365,12.549464702606201,1.3970844507217408,3371
0,20,3349,3355,3371,12.549464702606201,1.3970844507217408,3371
0,20,3349,3346,3365,12.549464702606201,1.3970844507217408,3371
0,20,3349,3354,3371,12.549464702606201,1.3970844507217408,3371
0,20,3349,3351,3371,12.549464702606201,1.3970844507217408,3371
0,20,3349,3355,3371,12.549464702606201,1.3970844507217408,3371
0,20,3349,3356,3371,12.549464702606201,1.3970844507217408,3371
0,20,3349,3360,3371,12.549464702606201,1.3970844507217408,3371
0,20,3349,3353,3371,12.549464702606201,1.3970844507217408,3371
0,20,3349,3353,3371,12.549464702606201,1.3970844507217408,3371
Number of DB Queries This Round: 939
Time per round: 40.49115467071533
1,20,3340,3357,3363,12.42954707145691,1.4126343131065369,3363
1,20,3340,3353,3361,12.42954707145691,1.4126343131065369,3363
1,20,3340,3353,3360,12.42954707145691,1.4126343131065369,3363
1,20,3340,3355,3363,12.42954707145691,1.4126343131065369,3363
1,20,3340,3354,3363,12.42954707145691,1.4126343131065369,3363
1,20,3340,3353,3360,12.42954707145691,1.4126343131065369,3363
1,20,3340,3353,3360,12.42954707145691,1.4126343131065369,3363
1,20,3340,3354,3363,12.42954707145691,1.4126343131065369,3363
1,20,3340,3354,3363,12.42954707145691,1.4126343131065369,3363
1,20,3340,3353,3363,12.42954707145691,1.4126343131065369,3363
1,20,3340,3354,3357,12.42954707145691,1.4126343131065369,3363
1,20,3340,3353,3361,12.42954707145691,1.4126343131065369,3363
1,20,3340,3354,3363,12.42954707145691,1.4126343131065369,3363
1,20,3340,3353,3360,12.42954707145691,1.4126343131065369,3363
1,20,3340,3355,3361,12.42954707145691,1.4126343131065369,3363
1,20,3340,3351,3360,12.42954707145691,1.4126343131065369,3363
1,20,3340,3356,3357,12.42954707145691,1.4126343131065369,3363
1,20,3340,3355,3358,12.42954707145691,1.4126343131065369,3363
1,20,3340,3355,3360,12.42954707145691,1.4126343131065369,3363
1,20,3340,3354,3363,12.42954707145691,1.4126343131065369,3363
0,20,3340,3340,3358,12.42954707145691,1.4126343131065369,3363
0,20,3340,3340,3355,12.42954707145691,1.4126343131065369,3363
0,20,3340,3338,3355,12.42954707145691,1.4126343131065369,3363
0,20,3340,3342,3360,12.42954707145691,1.4126343131065369,3363
0,20,3340,3347,3363,12.42954707145691,1.4126343131065369,3363
0,20,3340,3349,3363,12.42954707145691,1.4126343131065369,3363
0,20,3340,3343,3360,12.42954707145691,1.4126343131065369,3363
0,20,3340,3348,3360,12.42954707145691,1.4126343131065369,3363
0,20,3340,3346,3361,12.42954707145691,1.4126343131065369,3363
0,20,3340,3341,3355,12.42954707145691,1.4126343131065369,3363
0,20,3340,3347,3361,12.42954707145691,1.4126343131065369,3363
0,20,3340,3338,3355,12.42954707145691,1.4126343131065369,3363
0,20,3340,3348,3363,12.42954707145691,1.4126343131065369,3363
0,20,3340,3345,3363,12.42954707145691,1.4126343131065369,3363
0,20,3340,3349,3363,12.42954707145691,1.4126343131065369,3363
0,20,3340,3347,3360,12.42954707145691,1.4126343131065369,3363
0,20,3340,3352,3361,12.42954707145691,1.4126343131065369,3363
0,20,3340,3345,3361,12.42954707145691,1.4126343131065369,3363
0,20,3340,3344,3360,12.42954707145691,1.4126343131065369,3363
0,20,3340,3343,3361,12.42954707145691,1.4126343131065369,3363
Number of DB Queries This Round: 927
Time per round: 40.682236671447754
1,20,3348,3365,3370,12.052765607833862,1.403795564174652,3370
1,20,3348,3361,3368,12.052765607833862,1.403795564174652,3370
1,20,3348,3361,3370,12.052765607833862,1.403795564174652,3370
1,20,3348,3361,3370,12.052765607833862,1.403795564174652,3370
1,20,3348,3361,3368,12.052765607833862,1.403795564174652,3370
1,20,3348,3361,3368,12.052765607833862,1.403795564174652,3370
1,20,3348,3361,3370,12.052765607833862,1.403795564174652,3370
1,20,3348,3361,3370,12.052765607833862,1.403795564174652,3370
1,20,3348,3360,3370,12.052765607833862,1.403795564174652,3370
1,20,3348,3362,3365,12.052765607833862,1.403795564174652,3370
1,20,3348,3362,3370,12.052765607833862,1.403795564174652,3370
1,20,3348,3361,3370,12.052765607833862,1.403795564174652,3370
1,20,3348,3361,3368,12.052765607833862,1.403795564174652,3370
1,20,3348,3362,3370,12.052765607833862,1.403795564174652,3370
1,20,3348,3361,3368,12.052765607833862,1.403795564174652,3370
1,20,3348,3364,3365,12.052765607833862,1.403795564174652,3370
1,20,3348,3361,3366,12.052765607833862,1.403795564174652,3370
1,20,3348,3363,3368,12.052765607833862,1.403795564174652,3370
1,20,3348,3363,3370,12.052765607833862,1.403795564174652,3370
1,20,3348,3363,3366,12.052765607833862,1.403795564174652,3370
0,20,3348,3348,3363,12.052765607833862,1.403795564174652,3370
0,20,3348,3346,3363,12.052765607833862,1.403795564174652,3370
0,20,3348,3350,3368,12.052765607833862,1.403795564174652,3370
0,20,3348,3354,3370,12.052765607833862,1.403795564174652,3370
0,20,3348,3356,3370,12.052765607833862,1.403795564174652,3370
0,20,3348,3351,3368,12.052765607833862,1.403795564174652,3370
0,20,3348,3356,3368,12.052765607833862,1.403795564174652,3370
0,20,3348,3355,3370,12.052765607833862,1.403795564174652,3370
0,20,3348,3349,3363,12.052765607833862,1.403795564174652,3370
0,20,3348,3356,3370,12.052765607833862,1.403795564174652,3370
0,20,3348,3346,3363,12.052765607833862,1.403795564174652,3370
0,20,3348,3356,3370,12.052765607833862,1.403795564174652,3370
0,20,3348,3352,3370,12.052765607833862,1.403795564174652,3370
0,20,3348,3356,3370,12.052765607833862,1.403795564174652,3370
0,20,3348,3355,3368,12.052765607833862,1.403795564174652,3370
0,20,3348,3361,3370,12.052765607833862,1.403795564174652,3370
0,20,3348,3354,3370,12.052765607833862,1.403795564174652,3370
0,20,3348,3352,3368,12.052765607833862,1.403795564174652,3370
0,20,3348,3352,3370,12.052765607833862,1.403795564174652,3370
0,20,3348,3357,3370,12.052765607833862,1.403795564174652,3370
Number of DB Queries This Round: 929
Time per round: 40.12867832183838
1,20,3331,3350,3354,12.865829467773438,1.8202359318733214,3355
1,20,3331,3346,3355,12.865829467773438,1.8202359318733214,3355
1,20,3331,3346,3355,12.865829467773438,1.8202359318733214,3355
1,20,3331,3347,3354,12.865829467773438,1.8202359318733214,3355
1,20,3331,3347,3354,12.865829467773438,1.8202359318733214,3355
1,20,3331,3346,3355,12.865829467773438,1.8202359318733214,3355
1,20,3331,3346,3355,12.865829467773438,1.8202359318733214,3355
1,20,3331,3345,3355,12.865829467773438,1.8202359318733214,3355
1,20,3331,3347,3350,12.865829467773438,1.8202359318733214,3355
1,20,3331,3346,3354,12.865829467773438,1.8202359318733214,3355
1,20,3331,3346,3355,12.865829467773438,1.8202359318733214,3355
1,20,3331,3347,3354,12.865829467773438,1.8202359318733214,3355
1,20,3331,3348,3354,12.865829467773438,1.8202359318733214,3355
1,20,3331,3348,3354,12.865829467773438,1.8202359318733214,3355
1,20,3331,3349,3350,12.865829467773438,1.8202359318733214,3355
1,20,3331,3346,3351,12.865829467773438,1.8202359318733214,3355
1,20,3331,3347,3354,12.865829467773438,1.8202359318733214,3355
1,20,3331,3348,3355,12.865829467773438,1.8202359318733214,3355
1,20,3331,3348,3351,12.865829467773438,1.8202359318733214,3355
1,20,3331,3348,3352,12.865829467773438,1.8202359318733214,3355
0,20,3331,3333,3352,12.865829467773438,1.8202359318733214,3355
0,20,3331,3336,3354,12.865829467773438,1.8202359318733214,3355
0,20,3331,3339,3355,12.865829467773438,1.8202359318733214,3355
0,20,3331,3341,3355,12.865829467773438,1.8202359318733214,3355
0,20,3331,3336,3354,12.865829467773438,1.8202359318733214,3355
0,20,3331,3342,3354,12.865829467773438,1.8202359318733214,3355
0,20,3331,3339,3354,12.865829467773438,1.8202359318733214,3355
0,20,3331,3338,3352,12.865829467773438,1.8202359318733214,3355
0,20,3331,3340,3354,12.865829467773438,1.8202359318733214,3355
0,20,3331,3333,3352,12.865829467773438,1.8202359318733214,3355
0,20,3331,3341,3355,12.865829467773438,1.8202359318733214,3355
0,20,3331,3337,3355,12.865829467773438,1.8202359318733214,3355
0,20,3331,3341,3355,12.865829467773438,1.8202359318733214,3355
0,20,3331,3341,3354,12.865829467773438,1.8202359318733214,3355
0,20,3331,3345,3354,12.865829467773438,1.8202359318733214,3355
0,20,3331,3337,3354,12.865829467773438,1.8202359318733214,3355
0,20,3331,3338,3354,12.865829467773438,1.8202359318733214,3355
0,20,3331,3336,3354,12.865829467773438,1.8202359318733214,3355
0,20,3331,3342,3355,12.865829467773438,1.8202359318733214,3355
0,20,3331,3338,3355,12.865829467773438,1.8202359318733214,3355
Number of DB Queries This Round: 947
Time per round: 49.27054786682129
1,20,3320,3338,3346,28.09235429763794,2.341728854179382,3346
1,20,3320,3333,3346,28.09235429763794,2.341728854179382,3346
1,20,3320,3332,3343,28.09235429763794,2.341728854179382,3346
1,20,3320,3332,3343,28.09235429763794,2.341728854179382,3346
1,20,3320,3333,3346,28.09235429763794,2.341728854179382,3346
1,20,3320,3333,3346,28.09235429763794,2.341728854179382,3346
1,20,3320,3332,3346,28.09235429763794,2.341728854179382,3346
1,20,3320,3337,3340,28.09235429763794,2.341728854179382,3346
1,20,3320,3332,3344,28.09235429763794,2.341728854179382,3346
1,20,3320,3333,3346,28.09235429763794,2.341728854179382,3346
1,20,3320,3332,3343,28.09235429763794,2.341728854179382,3346
1,20,3320,3336,3344,28.09235429763794,2.341728854179382,3346
1,20,3320,3332,3343,28.09235429763794,2.341728854179382,3346
1,20,3320,3339,3340,28.09235429763794,2.341728854179382,3346
1,20,3320,3330,3341,28.09235429763794,2.341728854179382,3346
1,20,3320,3336,3343,28.09235429763794,2.341728854179382,3346
1,20,3320,3333,3346,28.09235429763794,2.341728854179382,3346
1,20,3320,3336,3341,28.09235429763794,2.341728854179382,3346
1,20,3320,3338,3344,28.09235429763794,2.341728854179382,3346
1,20,3320,3336,3344,28.09235429763794,2.341728854179382,3346
0,20,3320,3320,3343,28.09235429763794,2.341728854179382,3346
0,20,3320,3326,3346,28.09235429763794,2.341728854179382,3346
0,20,3320,3328,3346,28.09235429763794,2.341728854179382,3346
0,20,3320,3322,3343,28.09235429763794,2.341728854179382,3346
0,20,3320,3327,3343,28.09235429763794,2.341728854179382,3346
0,20,3320,3325,3344,28.09235429763794,2.341728854179382,3346
0,20,3320,3328,3344,28.09235429763794,2.341728854179382,3346
0,20,3320,3326,3344,28.09235429763794,2.341728854179382,3346
0,20,3320,3322,3344,28.09235429763794,2.341728854179382,3346
0,20,3320,3327,3346,28.09235429763794,2.341728854179382,3346
0,20,3320,3323,3346,28.09235429763794,2.341728854179382,3346
0,20,3320,3328,3346,28.09235429763794,2.341728854179382,3346
0,20,3320,3326,3343,28.09235429763794,2.341728854179382,3346
0,20,3320,3329,3344,28.09235429763794,2.341728854179382,3346
0,20,3320,3323,3344,28.09235429763794,2.341728854179382,3346
0,20,3320,3322,3343,28.09235429763794,2.341728854179382,3346
0,20,3320,3321,3344,28.09235429763794,2.341728854179382,3346
0,20,3320,3328,3346,28.09235429763794,2.341728854179382,3346
0,20,3320,3325,3346,28.09235429763794,2.341728854179382,3346
0,20,3320,3325,3344,28.09235429763794,2.341728854179382,3346
Number of DB Queries This Round: 969
Time per round: 74.92693400382996
1,20,3321,3339,3347,27.537012815475464,2.2030261397361754,3347
1,20,3321,3337,3346,27.537012815475464,2.2030261397361754,3347
1,20,3321,3337,3346,27.537012815475464,2.2030261397361754,3347
1,20,3321,3337,3347,27.537012815475464,2.2030261397361754,3347
1,20,3321,3336,3347,27.537012815475464,2.2030261397361754,3347
1,20,3321,3333,3347,27.537012815475464,2.2030261397361754,3347
1,20,3321,3338,3341,27.537012815475464,2.2030261397361754,3347
1,20,3321,3333,3345,27.537012815475464,2.2030261397361754,3347
1,20,3321,3336,3347,27.537012815475464,2.2030261397361754,3347
1,20,3321,3337,3346,27.537012815475464,2.2030261397361754,3347
1,20,3321,3337,3345,27.537012815475464,2.2030261397361754,3347
1,20,3321,3337,3346,27.537012815475464,2.2030261397361754,3347
1,20,3321,3340,3341,27.537012815475464,2.2030261397361754,3347
1,20,3321,3333,3344,27.537012815475464,2.2030261397361754,3347
1,20,3321,3337,3346,27.537012815475464,2.2030261397361754,3347
1,20,3321,3336,3347,27.537012815475464,2.2030261397361754,3347
1,20,3321,3339,3344,27.537012815475464,2.2030261397361754,3347
1,20,3321,3339,3345,27.537012815475464,2.2030261397361754,3347
1,20,3321,3337,3345,27.537012815475464,2.2030261397361754,3347
1,20,3321,3339,3346,27.537012815475464,2.2030261397361754,3347
0,20,3321,3327,3347,27.537012815475464,2.2030261397361754,3347
0,20,3321,3330,3347,27.537012815475464,2.2030261397361754,3347
0,20,3321,3325,3346,27.537012815475464,2.2030261397361754,3347
0,20,3321,3330,3346,27.537012815475464,2.2030261397361754,3347
0,20,3321,3326,3345,27.537012815475464,2.2030261397361754,3347
0,20,3321,3326,3345,27.537012815475464,2.2030261397361754,3347
0,20,3321,3327,3345,27.537012815475464,2.2030261397361754,3347
0,20,3321,3323,3345,27.537012815475464,2.2030261397361754,3347
0,20,3321,3328,3347,27.537012815475464,2.2030261397361754,3347
0,20,3321,3325,3347,27.537012815475464,2.2030261397361754,3347
0,20,3321,3329,3347,27.537012815475464,2.2030261397361754,3347
0,20,3321,3329,3346,27.537012815475464,2.2030261397361754,3347
0,20,3321,3332,3345,27.537012815475464,2.2030261397361754,3347
0,20,3321,3325,3345,27.537012815475464,2.2030261397361754,3347
0,20,3321,3326,3346,27.537012815475464,2.2030261397361754,3347
0,20,3321,3322,3345,27.537012815475464,2.2030261397361754,3347
0,20,3321,3329,3347,27.537012815475464,2.2030261397361754,3347
0,20,3321,3326,3347,27.537012815475464,2.2030261397361754,3347
0,20,3321,3326,3345,27.537012815475464,2.2030261397361754,3347
0,20,3321,3331,3347,27.537012815475464,2.2030261397361754,3347
Number of DB Queries This Round: 969
Time per round: 71.59753656387329
1,20,3321,3341,3347,28.609621047973633,2.232002007961273,3348
1,20,3321,3338,3347,28.609621047973633,2.232002007961273,3348
1,20,3321,3337,3348,28.609621047973633,2.232002007961273,3348
1,20,3321,3337,3348,28.609621047973633,2.232002007961273,3348
1,20,3321,3338,3348,28.609621047973633,2.232002007961273,3348
1,20,3321,3338,3341,28.609621047973633,2.232002007961273,3348
1,20,3321,3333,3345,28.609621047973633,2.232002007961273,3348
1,20,3321,3337,3348,28.609621047973633,2.232002007961273,3348
1,20,3321,3338,3347,28.609621047973633,2.232002007961273,3348
1,20,3321,3337,3345,28.609621047973633,2.232002007961273,3348
1,20,3321,3336,3347,28.609621047973633,2.232002007961273,3348
1,20,3321,3340,3341,28.609621047973633,2.232002007961273,3348
1,20,3321,3333,3344,28.609621047973633,2.232002007961273,3348
1,20,3321,3338,3347,28.609621047973633,2.232002007961273,3348
1,20,3321,3337,3348,28.609621047973633,2.232002007961273,3348
1,20,3321,3339,3344,28.609621047973633,2.232002007961273,3348
1,20,3321,3339,3345,28.609621047973633,2.232002007961273,3348
1,20,3321,3337,3345,28.609621047973633,2.232002007961273,3348
1,20,3321,3338,3347,28.609621047973633,2.232002007961273,3348
1,20,3321,3339,3348,28.609621047973633,2.232002007961273,3348
0,20,3321,3330,3348,28.609621047973633,2.232002007961273,3348
0,20,3321,3326,3347,28.609621047973633,2.232002007961273,3348
0,20,3321,3331,3347,28.609621047973633,2.232002007961273,3348
0,20,3321,3326,3345,28.609621047973633,2.232002007961273,3348
0,20,3321,3326,3345,28.609621047973633,2.232002007961273,3348
0,20,3321,3327,3345,28.609621047973633,2.232002007961273,3348
0,20,3321,3323,3345,28.609621047973633,2.232002007961273,3348
0,20,3321,3329,3348,28.609621047973633,2.232002007961273,3348
0,20,3321,3327,3348,28.609621047973633,2.232002007961273,3348
0,20,3321,3330,3348,28.609621047973633,2.232002007961273,3348
0,20,3321,3330,3347,28.609621047973633,2.232002007961273,3348
0,20,3321,3332,3345,28.609621047973633,2.232002007961273,3348
0,20,3321,3325,3345,28.609621047973633,2.232002007961273,3348
0,20,3321,3327,3347,28.609621047973633,2.232002007961273,3348
0,20,3321,3322,3345,28.609621047973633,2.232002007961273,3348
0,20,3321,3330,3348,28.609621047973633,2.232002007961273,3348
0,20,3321,3327,3348,28.609621047973633,2.232002007961273,3348
0,20,3321,3326,3345,28.609621047973633,2.232002007961273,3348
0,20,3321,3332,3348,28.609621047973633,2.232002007961273,3348
0,20,3321,3331,3347,28.609621047973633,2.232002007961273,3348
Number of DB Queries This Round: 991
Time per round: 73.24966406822205
