1,20,3348,3365,3370,138.71488237380981,2.181741487979889,3370
1,20,3348,3361,3370,138.71488237380981,2.181741487979889,3370
1,20,3348,3360,3370,138.71488237380981,2.181741487979889,3370
1,20,3348,3362,3370,138.71488237380981,2.181741487979889,3370
1,20,3348,3361,3370,138.71488237380981,2.181741487979889,3370
1,20,3348,3362,3370,138.71488237380981,2.181741487979889,3370
1,20,3348,3362,3368,138.71488237380981,2.181741487979889,3370
1,20,3348,3361,3370,138.71488237380981,2.181741487979889,3370
1,20,3348,3361,3370,138.71488237380981,2.181741487979889,3370
1,20,3348,3361,3368,138.71488237380981,2.181741487979889,3370
1,20,3348,3361,3368,138.71488237380981,2.181741487979889,3370
1,20,3348,3361,3370,138.71488237380981,2.181741487979889,3370
1,20,3348,3361,3370,138.71488237380981,2.181741487979889,3370
1,20,3348,3361,3370,138.71488237380981,2.181741487979889,3370
1,20,3348,3364,3365,138.71488237380981,2.181741487979889,3370
1,20,3348,3362,3370,138.71488237380981,2.181741487979889,3370
1,20,3348,3363,3370,138.71488237380981,2.181741487979889,3370
1,20,3348,3361,3368,138.71488237380981,2.181741487979889,3370
1,20,3348,3362,3370,138.71488237380981,2.181741487979889,3370
1,20,3348,3363,3368,138.71488237380981,2.181741487979889,3370
0,20,3348,3354,3365,138.71488237380981,2.181741487979889,3370
0,20,3348,3353,3362,138.71488237380981,2.181741487979889,3370
0,20,3348,3357,3368,138.71488237380981,2.181741487979889,3370
0,20,3348,3354,3370,138.71488237380981,2.181741487979889,3370
0,20,3348,3345,3362,138.71488237380981,2.181741487979889,3370
0,20,3348,3349,3363,138.71488237380981,2.181741487979889,3370
0,20,3348,3347,3363,138.71488237380981,2.181741487979889,3370
0,20,3348,3350,3368,138.71488237380981,2.181741487979889,3370
0,20,3348,3355,3370,138.71488237380981,2.181741487979889,3370
0,20,3348,3356,3370,138.71488237380981,2.181741487979889,3370
0,20,3348,3350,3368,138.71488237380981,2.181741487979889,3370
0,20,3348,3356,3368,138.71488237380981,2.181741487979889,3370
0,20,3348,3355,3370,138.71488237380981,2.181741487979889,3370
0,20,3348,3349,3363,138.71488237380981,2.181741487979889,3370
0,20,3348,3356,3370,138.71488237380981,2.181741487979889,3370
0,20,3348,3347,3363,138.71488237380981,2.181741487979889,3370
0,20,3348,3356,3370,138.71488237380981,2.181741487979889,3370
0,20,3348,3352,3370,138.71488237380981,2.181741487979889,3370
0,20,3348,3356,3370,138.71488237380981,2.181741487979889,3370
0,20,3348,3355,3368,138.71488237380981,2.181741487979889,3370
Number of DB Queries This Round: 4126
Time per round: 182.3497130870819
1,20,3343,3360,3366,135.07808542251587,2.2084896564483643,3366
1,20,3343,3354,3364,135.07808542251587,2.2084896564483643,3366
1,20,3343,3356,3364,135.07808542251587,2.2084896564483643,3366
1,20,3343,3357,3366,135.07808542251587,2.2084896564483643,3366
1,20,3343,3356,3364,135.07808542251587,2.2084896564483643,3366
1,20,3343,3357,3363,135.07808542251587,2.2084896564483643,3366
1,20,3343,3357,3366,135.07808542251587,2.2084896564483643,3366
1,20,3343,3358,3366,135.07808542251587,2.2084896564483643,3366
1,20,3343,3356,3363,135.07808542251587,2.2084896564483643,3366
1,20,3343,3356,3363,135.07808542251587,2.2084896564483643,3366
1,20,3343,3358,3366,135.07808542251587,2.2084896564483643,3366
1,20,3343,3357,3366,135.07808542251587,2.2084896564483643,3366
1,20,3343,3357,3366,135.07808542251587,2.2084896564483643,3366
1,20,3343,3357,3360,135.07808542251587,2.2084896564483643,3366
1,20,3343,3356,3364,135.07808542251587,2.2084896564483643,3366
1,20,3343,3357,3366,135.07808542251587,2.2084896564483643,3366
1,20,3343,3356,3363,135.07808542251587,2.2084896564483643,3366
1,20,3343,3358,3364,135.07808542251587,2.2084896564483643,3366
1,20,3343,3358,3363,135.07808542251587,2.2084896564483643,3366
1,20,3343,3359,3360,135.07808542251587,2.2084896564483643,3366
0,20,3343,3348,3357,135.07808542251587,2.2084896564483643,3366
0,20,3343,3352,3363,135.07808542251587,2.2084896564483643,3366
0,20,3343,3350,3366,135.07808542251587,2.2084896564483643,3366
0,20,3343,3340,3357,135.07808542251587,2.2084896564483643,3366
0,20,3343,3344,3358,135.07808542251587,2.2084896564483643,3366
0,20,3343,3342,3358,135.07808542251587,2.2084896564483643,3366
0,20,3343,3345,3363,135.07808542251587,2.2084896564483643,3366
0,20,3343,3350,3366,135.07808542251587,2.2084896564483643,3366
0,20,3343,3354,3366,135.07808542251587,2.2084896564483643,3366
0,20,3343,3345,3363,135.07808542251587,2.2084896564483643,3366
0,20,3343,3351,3363,135.07808542251587,2.2084896564483643,3366
0,20,3343,3349,3364,135.07808542251587,2.2084896564483643,3366
0,20,3343,3344,3358,135.07808542251587,2.2084896564483643,3366
0,20,3343,3350,3364,135.07808542251587,2.2084896564483643,3366
0,20,3343,3342,3358,135.07808542251587,2.2084896564483643,3366
0,20,3343,3351,3366,135.07808542251587,2.2084896564483643,3366
0,20,3343,3348,3366,135.07808542251587,2.2084896564483643,3366
0,20,3343,3352,3366,135.07808542251587,2.2084896564483643,3366
0,20,3343,3350,3363,135.07808542251587,2.2084896564483643,3366
0,20,3343,3349,3364,135.07808542251587,2.2084896564483643,3366
Number of DB Queries This Round: 4130
Time per round: 179.2478792667389
1,20,3344,3361,3366,135.9763150215149,2.1916860818862913,3366
1,20,3344,3358,3366,135.9763150215149,2.1916860818862913,3366
1,20,3344,3357,3366,135.9763150215149,2.1916860818862913,3366
1,20,3344,3358,3366,135.9763150215149,2.1916860818862913,3366
1,20,3344,3356,3364,135.9763150215149,2.1916860818862913,3366
1,20,3344,3357,3366,135.9763150215149,2.1916860818862913,3366
1,20,3344,3357,3366,135.9763150215149,2.1916860818862913,3366
1,20,3344,3357,3364,135.9763150215149,2.1916860818862913,3366
1,20,3344,3357,3364,135.9763150215149,2.1916860818862913,3366
1,20,3344,3357,3366,135.9763150215149,2.1916860818862913,3366
1,20,3344,3357,3366,135.9763150215149,2.1916860818862913,3366
1,20,3344,3357,3366,135.9763150215149,2.1916860818862913,3366
1,20,3344,3358,3361,135.9763150215149,2.1916860818862913,3366
1,20,3344,3358,3366,135.9763150215149,2.1916860818862913,3366
1,20,3344,3359,3366,135.9763150215149,2.1916860818862913,3366
1,20,3344,3357,3364,135.9763150215149,2.1916860818862913,3366
1,20,3344,3358,3366,135.9763150215149,2.1916860818862913,3366
1,20,3344,3359,3364,135.9763150215149,2.1916860818862913,3366
1,20,3344,3360,3361,135.9763150215149,2.1916860818862913,3366
1,20,3344,3359,3362,135.9763150215149,2.1916860818862913,3366
0,20,3344,3353,3364,135.9763150215149,2.1916860818862913,3366
0,20,3344,3350,3366,135.9763150215149,2.1916860818862913,3366
0,20,3344,3344,3362,135.9763150215149,2.1916860818862913,3366
0,20,3344,3344,3359,135.9763150215149,2.1916860818862913,3366
0,20,3344,3343,3359,135.9763150215149,2.1916860818862913,3366
0,20,3344,3346,3364,135.9763150215149,2.1916860818862913,3366
0,20,3344,3350,3366,135.9763150215149,2.1916860818862913,3366
0,20,3344,3352,3366,135.9763150215149,2.1916860818862913,3366
0,20,3344,3346,3364,135.9763150215149,2.1916860818862913,3366
0,20,3344,3352,3364,135.9763150215149,2.1916860818862913,3366
0,20,3344,3352,3366,135.9763150215149,2.1916860818862913,3366
0,20,3344,3345,3359,135.9763150215149,2.1916860818862913,3366
0,20,3344,3352,3366,135.9763150215149,2.1916860818862913,3366
0,20,3344,3343,3359,135.9763150215149,2.1916860818862913,3366
0,20,3344,3351,3366,135.9763150215149,2.1916860818862913,3366
0,20,3344,3348,3366,135.9763150215149,2.1916860818862913,3366
0,20,3344,3352,3366,135.9763150215149,2.1916860818862913,3366
0,20,3344,3351,3364,135.9763150215149,2.1916860818862913,3366
0,20,3344,3351,3366,135.9763150215149,2.1916860818862913,3366
0,20,3344,3349,3366,135.9763150215149,2.1916860818862913,3366
Number of DB Queries This Round: 4130
Time per round: 179.8100392818451
1,20,3351,3368,3373,137.31845450401306,2.1216630697250367,3373
1,20,3351,3364,3373,137.31845450401306,2.1216630697250367,3373
1,20,3351,3365,3373,137.31845450401306,2.1216630697250367,3373
1,20,3351,3364,3371,137.31845450401306,2.1216630697250367,3373
1,20,3351,3364,3373,137.31845450401306,2.1216630697250367,3373
1,20,3351,3364,3373,137.31845450401306,2.1216630697250367,3373
1,20,3351,3364,3371,137.31845450401306,2.1216630697250367,3373
1,20,3351,3364,3371,137.31845450401306,2.1216630697250367,3373
1,20,3351,3364,3373,137.31845450401306,2.1216630697250367,3373
1,20,3351,3364,3373,137.31845450401306,2.1216630697250367,3373
1,20,3351,3364,3373,137.31845450401306,2.1216630697250367,3373
1,20,3351,3365,3368,137.31845450401306,2.1216630697250367,3373
1,20,3351,3365,3373,137.31845450401306,2.1216630697250367,3373
1,20,3351,3366,3373,137.31845450401306,2.1216630697250367,3373
1,20,3351,3364,3371,137.31845450401306,2.1216630697250367,3373
1,20,3351,3365,3373,137.31845450401306,2.1216630697250367,3373
1,20,3351,3364,3371,137.31845450401306,2.1216630697250367,3373
1,20,3351,3367,3368,137.31845450401306,2.1216630697250367,3373
1,20,3351,3366,3369,137.31845450401306,2.1216630697250367,3373
1,20,3351,3366,3371,137.31845450401306,2.1216630697250367,3373
0,20,3351,3357,3373,137.31845450401306,2.1216630697250367,3373
0,20,3351,3351,3369,137.31845450401306,2.1216630697250367,3373
0,20,3351,3351,3366,137.31845450401306,2.1216630697250367,3373
0,20,3351,3350,3366,137.31845450401306,2.1216630697250367,3373
0,20,3351,3353,3371,137.31845450401306,2.1216630697250367,3373
0,20,3351,3357,3373,137.31845450401306,2.1216630697250367,3373
0,20,3351,3359,3373,137.31845450401306,2.1216630697250367,3373
0,20,3351,3354,3371,137.31845450401306,2.1216630697250367,3373
0,20,3351,3359,3371,137.31845450401306,2.1216630697250367,3373
0,20,3351,3358,3373,137.31845450401306,2.1216630697250367,3373
0,20,3351,3352,3366,137.31845450401306,2.1216630697250367,3373
0,20,3351,3359,3373,137.31845450401306,2.1216630697250367,3373
0,20,3351,3350,3366,137.31845450401306,2.1216630697250367,3373
0,20,3351,3358,3373,137.31845450401306,2.1216630697250367,3373
0,20,3351,3355,3373,137.31845450401306,2.1216630697250367,3373
0,20,3351,3359,3373,137.31845450401306,2.1216630697250367,3373
0,20,3351,3358,3371,137.31845450401306,2.1216630697250367,3373
0,20,3351,3358,3373,137.31845450401306,2.1216630697250367,3373
0,20,3351,3356,3373,137.31845450401306,2.1216630697250367,3373
0,20,3351,3357,3373,137.31845450401306,2.1216630697250367,3373
Number of DB Queries This Round: 4134
Time per round: 179.751718044281
1,20,3340,3357,3363,139.72949361801147,2.28529497385025,3363
1,20,3340,3353,3361,139.72949361801147,2.28529497385025,3363
1,20,3340,3353,3360,139.72949361801147,2.28529497385025,3363
1,20,3340,3355,3363,139.72949361801147,2.28529497385025,3363
1,20,3340,3354,3363,139.72949361801147,2.28529497385025,3363
1,20,3340,3353,3360,139.72949361801147,2.28529497385025,3363
1,20,3340,3353,3360,139.72949361801147,2.28529497385025,3363
1,20,3340,3354,3363,139.72949361801147,2.28529497385025,3363
1,20,3340,3354,3363,139.72949361801147,2.28529497385025,3363
1,20,3340,3353,3363,139.72949361801147,2.28529497385025,3363
1,20,3340,3354,3357,139.72949361801147,2.28529497385025,3363
1,20,3340,3353,3361,139.72949361801147,2.28529497385025,3363
1,20,3340,3354,3363,139.72949361801147,2.28529497385025,3363
1,20,3340,3353,3360,139.72949361801147,2.28529497385025,3363
1,20,3340,3355,3361,139.72949361801147,2.28529497385025,3363
1,20,3340,3351,3360,139.72949361801147,2.28529497385025,3363
1,20,3340,3356,3357,139.72949361801147,2.28529497385025,3363
1,20,3340,3355,3358,139.72949361801147,2.28529497385025,3363
1,20,3340,3355,3360,139.72949361801147,2.28529497385025,3363
1,20,3340,3354,3363,139.72949361801147,2.28529497385025,3363
0,20,3340,3340,3358,139.72949361801147,2.28529497385025,3363
0,20,3340,3340,3355,139.72949361801147,2.28529497385025,3363
0,20,3340,3339,3355,139.72949361801147,2.28529497385025,3363
0,20,3340,3342,3360,139.72949361801147,2.28529497385025,3363
0,20,3340,3347,3363,139.72949361801147,2.28529497385025,3363
0,20,3340,3349,3363,139.72949361801147,2.28529497385025,3363
0,20,3340,3343,3360,139.72949361801147,2.28529497385025,3363
0,20,3340,3348,3360,139.72949361801147,2.28529497385025,3363
0,20,3340,3346,3361,139.72949361801147,2.28529497385025,3363
0,20,3340,3341,3355,139.72949361801147,2.28529497385025,3363
0,20,3340,3347,3361,139.72949361801147,2.28529497385025,3363
0,20,3340,3339,3355,139.72949361801147,2.28529497385025,3363
0,20,3340,3348,3363,139.72949361801147,2.28529497385025,3363
0,20,3340,3345,3363,139.72949361801147,2.28529497385025,3363
0,20,3340,3349,3363,139.72949361801147,2.28529497385025,3363
0,20,3340,3347,3360,139.72949361801147,2.28529497385025,3363
0,20,3340,3346,3361,139.72949361801147,2.28529497385025,3363
0,20,3340,3346,3363,139.72949361801147,2.28529497385025,3363
0,20,3340,3345,3361,139.72949361801147,2.28529497385025,3363
0,20,3340,3347,3361,139.72949361801147,2.28529497385025,3363
Number of DB Queries This Round: 4128
Time per round: 185.43539381027222
1,20,3348,3365,3370,144.2772479057312,2.2436264514923097,3370
1,20,3348,3361,3368,144.2772479057312,2.2436264514923097,3370
1,20,3348,3361,3370,144.2772479057312,2.2436264514923097,3370
1,20,3348,3361,3370,144.2772479057312,2.2436264514923097,3370
1,20,3348,3361,3368,144.2772479057312,2.2436264514923097,3370
1,20,3348,3361,3368,144.2772479057312,2.2436264514923097,3370
1,20,3348,3361,3370,144.2772479057312,2.2436264514923097,3370
1,20,3348,3361,3370,144.2772479057312,2.2436264514923097,3370
1,20,3348,3360,3370,144.2772479057312,2.2436264514923097,3370
1,20,3348,3362,3365,144.2772479057312,2.2436264514923097,3370
1,20,3348,3362,3370,144.2772479057312,2.2436264514923097,3370
1,20,3348,3361,3370,144.2772479057312,2.2436264514923097,3370
1,20,3348,3361,3368,144.2772479057312,2.2436264514923097,3370
1,20,3348,3362,3370,144.2772479057312,2.2436264514923097,3370
1,20,3348,3361,3368,144.2772479057312,2.2436264514923097,3370
1,20,3348,3364,3365,144.2772479057312,2.2436264514923097,3370
1,20,3348,3361,3365,144.2772479057312,2.2436264514923097,3370
1,20,3348,3363,3368,144.2772479057312,2.2436264514923097,3370
1,20,3348,3363,3370,144.2772479057312,2.2436264514923097,3370
1,20,3348,3363,3365,144.2772479057312,2.2436264514923097,3370
0,20,3348,3348,3363,144.2772479057312,2.2436264514923097,3370
0,20,3348,3347,3363,144.2772479057312,2.2436264514923097,3370
0,20,3348,3350,3368,144.2772479057312,2.2436264514923097,3370
0,20,3348,3354,3370,144.2772479057312,2.2436264514923097,3370
0,20,3348,3356,3370,144.2772479057312,2.2436264514923097,3370
0,20,3348,3351,3368,144.2772479057312,2.2436264514923097,3370
0,20,3348,3356,3368,144.2772479057312,2.2436264514923097,3370
0,20,3348,3355,3370,144.2772479057312,2.2436264514923097,3370
0,20,3348,3349,3363,144.2772479057312,2.2436264514923097,3370
0,20,3348,3356,3370,144.2772479057312,2.2436264514923097,3370
0,20,3348,3347,3363,144.2772479057312,2.2436264514923097,3370
0,20,3348,3356,3370,144.2772479057312,2.2436264514923097,3370
0,20,3348,3352,3370,144.2772479057312,2.2436264514923097,3370
0,20,3348,3356,3370,144.2772479057312,2.2436264514923097,3370
0,20,3348,3355,3368,144.2772479057312,2.2436264514923097,3370
0,20,3348,3355,3370,144.2772479057312,2.2436264514923097,3370
0,20,3348,3353,3370,144.2772479057312,2.2436264514923097,3370
0,20,3348,3354,3370,144.2772479057312,2.2436264514923097,3370
0,20,3348,3356,3370,144.2772479057312,2.2436264514923097,3370
0,20,3348,3354,3370,144.2772479057312,2.2436264514923097,3370
Number of DB Queries This Round: 4137
Time per round: 189.1497778892517
over
1,20,3342,3359,3363,136.68533515930176,2.2751160264015198,3364
1,20,3342,3355,3364,136.68533515930176,2.2751160264015198,3364
1,20,3342,3355,3364,136.68533515930176,2.2751160264015198,3364
1,20,3342,3356,3363,136.68533515930176,2.2751160264015198,3364
1,20,3342,3356,3363,136.68533515930176,2.2751160264015198,3364
1,20,3342,3355,3364,136.68533515930176,2.2751160264015198,3364
1,20,3342,3355,3364,136.68533515930176,2.2751160264015198,3364
1,20,3342,3354,3364,136.68533515930176,2.2751160264015198,3364
1,20,3342,3356,3359,136.68533515930176,2.2751160264015198,3364
1,20,3342,3355,3363,136.68533515930176,2.2751160264015198,3364
1,20,3342,3355,3364,136.68533515930176,2.2751160264015198,3364
1,20,3342,3356,3363,136.68533515930176,2.2751160264015198,3364
1,20,3342,3357,3363,136.68533515930176,2.2751160264015198,3364
1,20,3342,3357,3363,136.68533515930176,2.2751160264015198,3364
1,20,3342,3358,3359,136.68533515930176,2.2751160264015198,3364
1,20,3342,3355,3360,136.68533515930176,2.2751160264015198,3364
1,20,3342,3356,3363,136.68533515930176,2.2751160264015198,3364
1,20,3342,3357,3364,136.68533515930176,2.2751160264015198,3364
1,20,3342,3357,3360,136.68533515930176,2.2751160264015198,3364
1,20,3342,3357,3361,136.68533515930176,2.2751160264015198,3364
0,20,3342,3344,3361,136.68533515930176,2.2751160264015198,3364
0,20,3342,3345,3363,136.68533515930176,2.2751160264015198,3364
0,20,3342,3348,3364,136.68533515930176,2.2751160264015198,3364
0,20,3342,3350,3364,136.68533515930176,2.2751160264015198,3364
0,20,3342,3345,3363,136.68533515930176,2.2751160264015198,3364
0,20,3342,3351,3363,136.68533515930176,2.2751160264015198,3364
0,20,3342,3348,3363,136.68533515930176,2.2751160264015198,3364
0,20,3342,3347,3361,136.68533515930176,2.2751160264015198,3364
0,20,3342,3349,3363,136.68533515930176,2.2751160264015198,3364
0,20,3342,3344,3361,136.68533515930176,2.2751160264015198,3364
0,20,3342,3350,3364,136.68533515930176,2.2751160264015198,3364
0,20,3342,3346,3364,136.68533515930176,2.2751160264015198,3364
0,20,3342,3350,3364,136.68533515930176,2.2751160264015198,3364
0,20,3342,3350,3363,136.68533515930176,2.2751160264015198,3364
0,20,3342,3348,3363,136.68533515930176,2.2751160264015198,3364
0,20,3342,3349,3364,136.68533515930176,2.2751160264015198,3364
0,20,3342,3347,3363,136.68533515930176,2.2751160264015198,3364
0,20,3342,3349,3363,136.68533515930176,2.2751160264015198,3364
0,20,3342,3348,3364,136.68533515930176,2.2751160264015198,3364
0,20,3342,3347,3363,136.68533515930176,2.2751160264015198,3364
Number of DB Queries This Round: 4157
Time per round: 182.18765783309937
over
1,20,3339,3356,3362,144.10304975509644,2.502039980888367,3362
1,20,3339,3353,3362,144.10304975509644,2.502039980888367,3362
1,20,3339,3352,3359,144.10304975509644,2.502039980888367,3362
1,20,3339,3352,3359,144.10304975509644,2.502039980888367,3362
1,20,3339,3353,3362,144.10304975509644,2.502039980888367,3362
1,20,3339,3353,3362,144.10304975509644,2.502039980888367,3362
1,20,3339,3352,3362,144.10304975509644,2.502039980888367,3362
1,20,3339,3353,3356,144.10304975509644,2.502039980888367,3362
1,20,3339,3352,3360,144.10304975509644,2.502039980888367,3362
1,20,3339,3353,3362,144.10304975509644,2.502039980888367,3362
1,20,3339,3352,3359,144.10304975509644,2.502039980888367,3362
1,20,3339,3354,3360,144.10304975509644,2.502039980888367,3362
1,20,3339,3352,3359,144.10304975509644,2.502039980888367,3362
1,20,3339,3355,3356,144.10304975509644,2.502039980888367,3362
1,20,3339,3350,3357,144.10304975509644,2.502039980888367,3362
1,20,3339,3354,3359,144.10304975509644,2.502039980888367,3362
1,20,3339,3353,3362,144.10304975509644,2.502039980888367,3362
1,20,3339,3354,3357,144.10304975509644,2.502039980888367,3362
1,20,3339,3354,3358,144.10304975509644,2.502039980888367,3362
1,20,3339,3352,3358,144.10304975509644,2.502039980888367,3362
0,20,3339,3341,3359,144.10304975509644,2.502039980888367,3362
0,20,3339,3346,3362,144.10304975509644,2.502039980888367,3362
0,20,3339,3348,3362,144.10304975509644,2.502039980888367,3362
0,20,3339,3343,3359,144.10304975509644,2.502039980888367,3362
0,20,3339,3347,3359,144.10304975509644,2.502039980888367,3362
0,20,3339,3345,3360,144.10304975509644,2.502039980888367,3362
0,20,3339,3346,3358,144.10304975509644,2.502039980888367,3362
0,20,3339,3346,3360,144.10304975509644,2.502039980888367,3362
0,20,3339,3341,3358,144.10304975509644,2.502039980888367,3362
0,20,3339,3347,3362,144.10304975509644,2.502039980888367,3362
0,20,3339,3344,3362,144.10304975509644,2.502039980888367,3362
0,20,3339,3348,3362,144.10304975509644,2.502039980888367,3362
0,20,3339,3346,3359,144.10304975509644,2.502039980888367,3362
0,20,3339,3345,3360,144.10304975509644,2.502039980888367,3362
0,20,3339,3347,3362,144.10304975509644,2.502039980888367,3362
0,20,3339,3344,3360,144.10304975509644,2.502039980888367,3362
0,20,3339,3346,3360,144.10304975509644,2.502039980888367,3362
0,20,3339,3347,3362,144.10304975509644,2.502039980888367,3362
0,20,3339,3344,3360,144.10304975509644,2.502039980888367,3362
0,20,3339,3347,3359,144.10304975509644,2.502039980888367,3362
Number of DB Queries This Round: 4165
Time per round: 194.14385199546814
1,20,3323,3343,3349,143.75237250328064,2.743215227127075,3349
1,20,3323,3339,3346,143.75237250328064,2.743215227127075,3349
1,20,3323,3339,3346,143.75237250328064,2.743215227127075,3349
1,20,3323,3341,3349,143.75237250328064,2.743215227127075,3349
1,20,3323,3340,3349,143.75237250328064,2.743215227127075,3349
1,20,3323,3339,3349,143.75237250328064,2.743215227127075,3349
1,20,3323,3340,3343,143.75237250328064,2.743215227127075,3349
1,20,3323,3339,3347,143.75237250328064,2.743215227127075,3349
1,20,3323,3340,3349,143.75237250328064,2.743215227127075,3349
1,20,3323,3339,3346,143.75237250328064,2.743215227127075,3349
1,20,3323,3341,3347,143.75237250328064,2.743215227127075,3349
1,20,3323,3339,3346,143.75237250328064,2.743215227127075,3349
1,20,3323,3342,3343,143.75237250328064,2.743215227127075,3349
1,20,3323,3337,3344,143.75237250328064,2.743215227127075,3349
1,20,3323,3339,3346,143.75237250328064,2.743215227127075,3349
1,20,3323,3340,3349,143.75237250328064,2.743215227127075,3349
1,20,3323,3341,3344,143.75237250328064,2.743215227127075,3349
1,20,3323,3341,3345,143.75237250328064,2.743215227127075,3349
1,20,3323,3339,3345,143.75237250328064,2.743215227127075,3349
1,20,3323,3341,3346,143.75237250328064,2.743215227127075,3349
0,20,3323,3331,3349,143.75237250328064,2.743215227127075,3349
0,20,3323,3334,3349,143.75237250328064,2.743215227127075,3349
0,20,3323,3327,3346,143.75237250328064,2.743215227127075,3349
0,20,3323,3332,3346,143.75237250328064,2.743215227127075,3349
0,20,3323,3330,3347,143.75237250328064,2.743215227127075,3349
0,20,3323,3328,3345,143.75237250328064,2.743215227127075,3349
0,20,3323,3331,3347,143.75237250328064,2.743215227127075,3349
0,20,3323,3326,3345,143.75237250328064,2.743215227127075,3349
0,20,3323,3332,3349,143.75237250328064,2.743215227127075,3349
0,20,3323,3329,3349,143.75237250328064,2.743215227127075,3349
0,20,3323,3333,3349,143.75237250328064,2.743215227127075,3349
0,20,3323,3331,3346,143.75237250328064,2.743215227127075,3349
0,20,3323,3330,3347,143.75237250328064,2.743215227127075,3349
0,20,3323,3331,3349,143.75237250328064,2.743215227127075,3349
0,20,3323,3329,3347,143.75237250328064,2.743215227127075,3349
0,20,3323,3331,3347,143.75237250328064,2.743215227127075,3349
0,20,3323,3331,3349,143.75237250328064,2.743215227127075,3349
0,20,3323,3329,3347,143.75237250328064,2.743215227127075,3349
0,20,3323,3332,3346,143.75237250328064,2.743215227127075,3349
0,20,3323,3329,3349,143.75237250328064,2.743215227127075,3349
Number of DB Queries This Round: 4245
Time per round: 198.61668181419373
1,20,3322,3342,3348,145.1068947315216,2.7121193647384643,3349
1,20,3322,3339,3348,145.1068947315216,2.7121193647384643,3349
1,20,3322,3338,3349,145.1068947315216,2.7121193647384643,3349
1,20,3322,3338,3349,145.1068947315216,2.7121193647384643,3349
1,20,3322,3339,3349,145.1068947315216,2.7121193647384643,3349
1,20,3322,3339,3342,145.1068947315216,2.7121193647384643,3349
1,20,3322,3334,3346,145.1068947315216,2.7121193647384643,3349
1,20,3322,3338,3349,145.1068947315216,2.7121193647384643,3349
1,20,3322,3339,3348,145.1068947315216,2.7121193647384643,3349
1,20,3322,3338,3346,145.1068947315216,2.7121193647384643,3349
1,20,3322,3337,3348,145.1068947315216,2.7121193647384643,3349
1,20,3322,3341,3342,145.1068947315216,2.7121193647384643,3349
1,20,3322,3332,3343,145.1068947315216,2.7121193647384643,3349
1,20,3322,3339,3348,145.1068947315216,2.7121193647384643,3349
1,20,3322,3338,3349,145.1068947315216,2.7121193647384643,3349
1,20,3322,3338,3343,145.1068947315216,2.7121193647384643,3349
1,20,3322,3340,3346,145.1068947315216,2.7121193647384643,3349
1,20,3322,3338,3346,145.1068947315216,2.7121193647384643,3349
1,20,3322,3339,3348,145.1068947315216,2.7121193647384643,3349
1,20,3322,3340,3349,145.1068947315216,2.7121193647384643,3349
0,20,3322,3331,3349,145.1068947315216,2.7121193647384643,3349
0,20,3322,3327,3348,145.1068947315216,2.7121193647384643,3349
0,20,3322,3332,3348,145.1068947315216,2.7121193647384643,3349
0,20,3322,3327,3346,145.1068947315216,2.7121193647384643,3349
0,20,3322,3327,3346,145.1068947315216,2.7121193647384643,3349
0,20,3322,3328,3346,145.1068947315216,2.7121193647384643,3349
0,20,3322,3325,3346,145.1068947315216,2.7121193647384643,3349
0,20,3322,3330,3349,145.1068947315216,2.7121193647384643,3349
0,20,3322,3328,3349,145.1068947315216,2.7121193647384643,3349
0,20,3322,3331,3349,145.1068947315216,2.7121193647384643,3349
0,20,3322,3331,3348,145.1068947315216,2.7121193647384643,3349
0,20,3322,3327,3346,145.1068947315216,2.7121193647384643,3349
0,20,3322,3330,3349,145.1068947315216,2.7121193647384643,3349
0,20,3322,3326,3346,145.1068947315216,2.7121193647384643,3349
0,20,3322,3328,3346,145.1068947315216,2.7121193647384643,3349
0,20,3322,3329,3349,145.1068947315216,2.7121193647384643,3349
0,20,3322,3326,3346,145.1068947315216,2.7121193647384643,3349
0,20,3322,3332,3348,145.1068947315216,2.7121193647384643,3349
0,20,3322,3327,3349,145.1068947315216,2.7121193647384643,3349
0,20,3322,3328,3349,145.1068947315216,2.7121193647384643,3349
Number of DB Queries This Round: 4221
Time per round: 199.34928607940674
